time,open,high,low,close
1292389200,111.920000,111.920000,111.910000,111.910000
1292389260,111.920000,111.930000,111.920000,111.920000
1292389320,111.910000,111.920000,111.890000,111.900000
1292389380,111.890000,111.900000,111.890000,111.900000
1292389440,111.890000,111.900000,111.890000,111.900000
1292389500,111.890000,111.900000,111.890000,111.900000
1292389560,111.890000,111.900000,111.890000,111.890000
1292389620,111.900000,111.900000,111.890000,111.900000
1292389680,111.890000,111.900000,111.890000,111.900000
1292389740,111.890000,111.890000,111.890000,111.890000
1292389860,111.880000,111.890000,111.880000,111.890000
1292389920,111.880000,111.890000,111.880000,111.890000
1292389980,111.880000,111.890000,111.880000,111.890000
1292390040,111.880000,111.890000,111.880000,111.890000
1292390100,111.880000,111.890000,111.880000,111.880000
1292390160,111.890000,111.900000,111.880000,111.890000
1292390220,111.880000,111.880000,111.870000,111.870000
1292390280,111.880000,111.880000,111.870000,111.870000
1292390340,111.880000,111.880000,111.880000,111.880000
1292390400,111.870000,111.890000,111.870000,111.890000
1292390460,111.880000,111.890000,111.870000,111.870000
1292390580,111.880000,111.880000,111.880000,111.880000
1292390640,111.890000,111.890000,111.880000,111.890000
1292390700,111.880000,111.880000,111.860000,111.870000
1292390760,111.860000,111.880000,111.860000,111.870000
1292390820,111.880000,111.880000,111.870000,111.880000
1292390880,111.870000,111.880000,111.870000,111.880000
1292390940,111.870000,111.880000,111.870000,111.880000
1292391000,111.870000,111.880000,111.870000,111.880000
1292391060,111.870000,111.880000,111.870000,111.880000
1292391120,111.870000,111.870000,111.850000,111.850000
1292391300,111.840000,111.840000,111.830000,111.830000
1292391360,111.840000,111.840000,111.830000,111.830000
1292391420,111.840000,111.840000,111.830000,111.830000
1292391480,111.840000,111.850000,111.830000,111.850000
1292391540,111.860000,111.880000,111.850000,111.870000
1292391600,111.860000,111.870000,111.850000,111.850000
1292391660,111.860000,111.870000,111.850000,111.860000
1292391720,111.870000,111.870000,111.850000,111.870000
1292391780,111.880000,111.880000,111.850000,111.870000
1292391840,111.880000,111.880000,111.870000,111.870000
1292391900,111.860000,111.900000,111.860000,111.890000
1292391960,111.880000,111.890000,111.870000,111.890000
1292392020,111.880000,111.890000,111.860000,111.880000
1292392080,111.870000,111.880000,111.860000,111.870000
1292392140,111.880000,111.900000,111.880000,111.890000
1292392200,111.900000,111.900000,111.890000,111.900000
1292392260,111.890000,111.900000,111.880000,111.890000
1292392320,111.880000,111.900000,111.880000,111.900000
1292392380,111.890000,111.890000,111.870000,111.870000
1292392440,111.880000,111.880000,111.860000,111.870000
1292392500,111.880000,111.880000,111.870000,111.870000
1292392560,111.880000,111.880000,111.870000,111.870000
1292392620,111.860000,111.880000,111.860000,111.870000
1292392680,111.860000,111.880000,111.850000,111.870000
1292392740,111.860000,111.870000,111.860000,111.860000
1292392800,111.870000,111.890000,111.860000,111.880000
1292392860,111.870000,111.900000,111.870000,111.890000
1292392920,111.880000,111.890000,111.870000,111.880000
1292392980,111.890000,111.890000,111.810000,111.820000
1292393040,111.830000,111.830000,111.760000,111.790000
1292393100,111.780000,111.790000,111.740000,111.760000
1292393160,111.750000,111.750000,111.700000,111.720000
1292393220,111.710000,111.740000,111.660000,111.680000
1292393280,111.670000,111.700000,111.640000,111.690000
1292393340,111.700000,111.710000,111.660000,111.700000
1292393400,111.690000,111.700000,111.640000,111.650000
1292393460,111.640000,111.650000,111.620000,111.640000
1292393520,111.650000,111.660000,111.640000,111.660000
1292393580,111.650000,111.670000,111.650000,111.670000
1292393640,111.660000,111.670000,111.610000,111.610000
1292393700,111.600000,111.610000,111.570000,111.570000
1292393760,111.560000,111.580000,111.510000,111.530000
1292393820,111.520000,111.520000,111.470000,111.490000
1292393880,111.480000,111.510000,111.480000,111.510000
1292393940,111.520000,111.540000,111.510000,111.540000
1292394000,111.550000,111.550000,111.510000,111.520000
1292394060,111.510000,111.530000,111.480000,111.530000
1292394120,111.540000,111.550000,111.510000,111.520000
1292394180,111.530000,111.540000,111.510000,111.530000
1292394240,111.540000,111.560000,111.530000,111.540000
1292394300,111.530000,111.540000,111.510000,111.520000
1292394360,111.510000,111.530000,111.500000,111.510000
1292394420,111.500000,111.500000,111.480000,111.490000
1292394480,111.480000,111.490000,111.440000,111.440000
1292394540,111.450000,111.450000,111.430000,111.440000
1292394600,111.450000,111.480000,111.450000,111.470000
1292394660,111.480000,111.530000,111.480000,111.530000
1292394720,111.520000,111.520000,111.500000,111.500000
1292394780,111.510000,111.530000,111.510000,111.520000
1292394840,111.510000,111.530000,111.500000,111.530000
1292394900,111.520000,111.540000,111.510000,111.540000
1292394960,111.530000,111.550000,111.520000,111.540000
1292395020,111.530000,111.540000,111.500000,111.530000
1292395080,111.520000,111.540000,111.510000,111.540000
1292395140,111.550000,111.550000,111.530000,111.540000
1292395200,111.530000,111.580000,111.530000,111.580000
1292395260,111.570000,111.600000,111.570000,111.590000
1292395320,111.580000,111.590000,111.570000,111.580000
1292395380,111.590000,111.610000,111.580000,111.610000
1292395440,111.600000,111.610000,111.580000,111.580000
1292395500,111.590000,111.600000,111.590000,111.590000
1292395560,111.600000,111.600000,111.590000,111.590000
1292395620,111.600000,111.600000,111.580000,111.580000
1292395680,111.590000,111.600000,111.580000,111.590000
1292395740,111.580000,111.590000,111.570000,111.580000
1292395800,111.570000,111.590000,111.550000,111.560000
1292395860,111.570000,111.580000,111.530000,111.540000
1292395920,111.530000,111.560000,111.530000,111.560000
1292395980,111.550000,111.570000,111.550000,111.550000
1292396040,111.560000,111.560000,111.540000,111.540000
1292396100,111.550000,111.550000,111.510000,111.510000
1292396160,111.500000,111.520000,111.490000,111.500000
1292396220,111.490000,111.530000,111.490000,111.530000
1292396280,111.520000,111.520000,111.510000,111.510000
1292396340,111.520000,111.520000,111.450000,111.470000
1292396400,111.460000,111.480000,111.460000,111.470000
1292396460,111.460000,111.470000,111.440000,111.460000
1292396520,111.450000,111.470000,111.440000,111.460000
1292396580,111.450000,111.460000,111.430000,111.450000
1292396640,111.440000,111.450000,111.440000,111.450000
1292396700,111.460000,111.490000,111.460000,111.490000
1292396760,111.480000,111.490000,111.450000,111.460000
1292396820,111.470000,111.480000,111.460000,111.470000
1292396880,111.480000,111.520000,111.480000,111.520000
1292396940,111.530000,111.570000,111.520000,111.550000
1292397000,111.560000,111.600000,111.550000,111.590000
1292397060,111.600000,111.600000,111.550000,111.550000
1292397120,111.560000,111.560000,111.510000,111.520000
1292397180,111.530000,111.550000,111.510000,111.550000
1292397240,111.540000,111.560000,111.540000,111.550000
1292397300,111.540000,111.580000,111.540000,111.580000
1292397360,111.570000,111.580000,111.530000,111.540000
1292397420,111.530000,111.550000,111.530000,111.530000
1292397480,111.540000,111.560000,111.540000,111.550000
1292397540,111.540000,111.600000,111.540000,111.600000
1292397600,111.590000,111.600000,111.560000,111.580000
1292397660,111.570000,111.570000,111.560000,111.570000
1292397720,111.560000,111.580000,111.560000,111.570000
1292397780,111.580000,111.600000,111.560000,111.570000
1292397840,111.580000,111.610000,111.580000,111.600000
1292397900,111.590000,111.600000,111.580000,111.600000
1292397960,111.590000,111.610000,111.590000,111.610000
1292398020,111.600000,111.630000,111.600000,111.620000
1292398080,111.630000,111.650000,111.620000,111.620000
1292398140,111.630000,111.630000,111.610000,111.630000
1292398200,111.640000,111.670000,111.630000,111.660000
1292398260,111.650000,111.680000,111.640000,111.680000
1292398320,111.690000,111.700000,111.670000,111.670000
1292398380,111.660000,111.700000,111.660000,111.680000
1292398440,111.690000,111.690000,111.670000,111.670000
1292398500,111.660000,111.680000,111.650000,111.660000
1292398560,111.650000,111.650000,111.640000,111.640000
1292398620,111.630000,111.640000,111.620000,111.640000
1292398680,111.650000,111.660000,111.640000,111.660000
1292398740,111.670000,111.680000,111.650000,111.670000
1292398800,111.680000,111.700000,111.670000,111.700000
1292398860,111.690000,111.690000,111.680000,111.690000
1292398920,111.710000,111.720000,111.700000,111.710000
1292398980,111.720000,111.730000,111.700000,111.700000
1292399040,111.710000,111.710000,111.660000,111.660000
1292399100,111.670000,111.690000,111.670000,111.670000
1292399160,111.660000,111.670000,111.630000,111.640000
1292399220,111.650000,111.660000,111.640000,111.660000
1292399280,111.670000,111.690000,111.650000,111.690000
1292399340,111.700000,111.710000,111.690000,111.700000
1292399400,111.710000,111.710000,111.690000,111.700000
1292399460,111.710000,111.710000,111.680000,111.690000
1292399520,111.680000,111.680000,111.670000,111.680000
1292399580,111.670000,111.680000,111.650000,111.650000
1292399640,111.660000,111.680000,111.660000,111.660000
1292399700,111.670000,111.670000,111.660000,111.670000
1292399760,111.660000,111.700000,111.640000,111.650000
1292399820,111.640000,111.640000,111.620000,111.640000
1292399880,111.650000,111.650000,111.550000,111.580000
1292399940,111.590000,111.620000,111.570000,111.610000
1292400000,111.620000,111.710000,111.610000,111.680000
1292400060,111.690000,111.720000,111.670000,111.700000
1292400120,111.690000,111.780000,111.690000,111.780000
1292400180,111.770000,111.800000,111.740000,111.740000
1292400240,111.750000,111.820000,111.710000,111.790000
1292400300,111.780000,111.790000,111.750000,111.770000
1292400360,111.780000,111.800000,111.770000,111.780000
1292400420,111.770000,111.770000,111.730000,111.770000
1292400480,111.760000,111.810000,111.760000,111.790000
1292400540,111.780000,111.790000,111.750000,111.770000
1292400600,111.780000,111.830000,111.770000,111.820000
1292400660,111.810000,111.820000,111.800000,111.800000
1292400720,111.790000,111.820000,111.780000,111.780000
1292400780,111.770000,111.820000,111.770000,111.820000
1292400840,111.810000,111.850000,111.810000,111.820000
1292400900,111.810000,111.820000,111.770000,111.800000
1292400960,111.810000,111.820000,111.780000,111.800000
1292401020,111.790000,111.840000,111.790000,111.840000
1292401080,111.830000,111.870000,111.830000,111.870000
1292401140,111.880000,111.910000,111.830000,111.830000
1292401200,111.820000,111.860000,111.810000,111.850000
1292401260,111.840000,111.840000,111.800000,111.810000
1292401320,111.800000,111.840000,111.800000,111.820000
1292401380,111.830000,111.850000,111.800000,111.820000
1292401440,111.810000,111.840000,111.790000,111.810000
1292401500,111.820000,111.870000,111.810000,111.850000
1292401560,111.860000,111.880000,111.830000,111.840000
1292401620,111.850000,111.900000,111.840000,111.860000
1292401680,111.870000,111.890000,111.850000,111.890000
1292401740,111.880000,111.910000,111.880000,111.910000
1292401800,111.920000,111.950000,111.890000,111.950000
1292401860,111.960000,111.960000,111.920000,111.930000
1292401920,111.920000,111.930000,111.890000,111.900000
1292401980,111.890000,111.920000,111.880000,111.910000
1292402040,111.920000,111.930000,111.880000,111.880000
1292402100,111.870000,111.910000,111.870000,111.890000
1292402160,111.900000,111.910000,111.850000,111.870000
1292402220,111.860000,111.870000,111.830000,111.830000
1292402280,111.850000,111.880000,111.840000,111.860000
1292402340,111.850000,111.880000,111.850000,111.870000
1292402400,111.860000,111.900000,111.830000,111.900000
1292402460,111.910000,111.910000,111.870000,111.890000
1292402520,111.880000,111.900000,111.870000,111.870000
1292402580,111.880000,111.910000,111.860000,111.860000
1292402640,111.850000,111.860000,111.820000,111.820000
1292402700,111.830000,111.890000,111.830000,111.890000
1292402760,111.880000,111.900000,111.860000,111.880000
1292402820,111.890000,111.900000,111.880000,111.880000
1292402880,111.870000,111.900000,111.870000,111.870000
1292402940,111.880000,111.920000,111.880000,111.910000
1292403000,111.920000,111.960000,111.910000,111.960000
1292403060,111.970000,112.010000,111.960000,112.000000
1292403120,111.990000,112.000000,111.970000,111.990000
1292403180,112.000000,112.000000,111.950000,111.960000
1292403240,111.970000,111.970000,111.940000,111.940000
1292403300,111.950000,111.950000,111.890000,111.900000
1292403360,111.910000,111.910000,111.880000,111.880000
1292403420,111.890000,111.900000,111.870000,111.880000
1292403480,111.890000,111.890000,111.860000,111.870000
1292403540,111.860000,111.870000,111.860000,111.870000
1292403600,111.880000,111.890000,111.870000,111.870000
1292403660,111.880000,111.910000,111.860000,111.870000
1292403720,111.860000,111.860000,111.840000,111.850000
1292403780,111.860000,111.870000,111.820000,111.820000
1292403840,111.810000,111.850000,111.810000,111.850000
1292403900,111.840000,111.860000,111.830000,111.830000
1292403960,111.820000,111.830000,111.790000,111.790000
1292404020,111.800000,111.800000,111.790000,111.800000
1292404080,111.790000,111.790000,111.750000,111.760000
1292404140,111.770000,111.780000,111.750000,111.770000
1292404200,111.760000,111.760000,111.740000,111.750000
1292404260,111.760000,111.770000,111.720000,111.730000
1292404320,111.720000,111.730000,111.710000,111.720000
1292404380,111.730000,111.750000,111.700000,111.740000
1292404440,111.730000,111.760000,111.730000,111.740000
1292404500,111.750000,111.750000,111.680000,111.690000
1292404560,111.680000,111.700000,111.660000,111.680000
1292404620,111.670000,111.680000,111.640000,111.650000
1292404680,111.640000,111.640000,111.620000,111.640000
1292404740,111.630000,111.650000,111.620000,111.640000
1292404800,111.650000,111.650000,111.640000,111.650000
1292404860,111.640000,111.650000,111.610000,111.620000
1292404920,111.610000,111.630000,111.580000,111.620000
1292404980,111.630000,111.660000,111.630000,111.650000
1292405040,111.660000,111.680000,111.650000,111.650000
1292405100,111.660000,111.670000,111.630000,111.670000
1292405160,111.680000,111.690000,111.650000,111.650000
1292405220,111.640000,111.660000,111.640000,111.660000
1292405280,111.670000,111.680000,111.670000,111.680000
1292405340,111.670000,111.690000,111.670000,111.690000
1292405400,111.680000,111.680000,111.620000,111.680000
1292405460,111.670000,111.700000,111.670000,111.670000
1292405520,111.680000,111.700000,111.670000,111.700000
1292405580,111.690000,111.750000,111.690000,111.720000
1292405640,111.730000,111.750000,111.720000,111.720000
1292405700,111.710000,111.720000,111.700000,111.710000
1292405760,111.720000,111.720000,111.690000,111.690000
1292405820,111.680000,111.700000,111.670000,111.690000
1292405880,111.700000,111.710000,111.690000,111.700000
1292405940,111.690000,111.700000,111.690000,111.690000
1292406000,111.680000,111.690000,111.670000,111.670000
1292406060,111.680000,111.720000,111.660000,111.710000
1292406120,111.720000,111.760000,111.720000,111.750000
1292406180,111.760000,111.770000,111.740000,111.750000
1292406240,111.760000,111.780000,111.740000,111.750000
1292406300,111.760000,111.760000,111.730000,111.760000
1292406360,111.750000,111.760000,111.720000,111.740000
1292406420,111.750000,111.750000,111.730000,111.740000
1292406480,111.750000,111.780000,111.730000,111.760000
1292406540,111.750000,111.750000,111.720000,111.740000
1292406600,111.750000,111.750000,111.700000,111.730000
1292406660,111.720000,111.740000,111.710000,111.720000
1292406720,111.730000,111.770000,111.730000,111.770000
1292406780,111.780000,111.810000,111.760000,111.760000
1292406840,111.750000,111.760000,111.720000,111.730000
1292406900,111.740000,111.750000,111.730000,111.740000
1292406960,111.730000,111.750000,111.710000,111.750000
1292407020,111.740000,111.750000,111.710000,111.730000
1292407080,111.720000,111.730000,111.710000,111.720000
1292407140,111.730000,111.750000,111.690000,111.700000
1292407200,111.710000,111.730000,111.690000,111.710000
1292407260,111.720000,111.730000,111.690000,111.700000
1292407320,111.710000,111.740000,111.700000,111.740000
1292407380,111.730000,111.730000,111.690000,111.720000
1292407440,111.740000,111.740000,111.680000,111.710000
1292407500,111.720000,111.760000,111.710000,111.750000
1292407560,111.740000,111.750000,111.720000,111.740000
1292407620,111.730000,111.740000,111.700000,111.700000
1292407680,111.690000,111.700000,111.660000,111.670000
1292407740,111.680000,111.710000,111.660000,111.700000
1292407800,111.690000,111.730000,111.690000,111.720000
1292407860,111.710000,111.780000,111.690000,111.770000
1292407920,111.780000,111.780000,111.760000,111.770000
1292407980,111.780000,111.780000,111.740000,111.760000
1292408040,111.770000,111.780000,111.750000,111.770000
1292408100,111.760000,111.780000,111.760000,111.780000
1292408160,111.770000,111.790000,111.770000,111.770000
1292408220,111.760000,111.810000,111.760000,111.780000
1292408280,111.770000,111.790000,111.750000,111.750000
1292408340,111.760000,111.770000,111.750000,111.770000
1292408400,111.780000,111.780000,111.720000,111.740000
1292408460,111.730000,111.760000,111.730000,111.740000
1292408520,111.750000,111.780000,111.740000,111.780000
1292408580,111.770000,111.790000,111.770000,111.770000
1292408640,111.780000,111.780000,111.750000,111.780000
1292408700,111.790000,111.810000,111.780000,111.780000
1292408760,111.770000,111.790000,111.750000,111.770000
1292408820,111.780000,111.780000,111.730000,111.750000
1292408880,111.760000,111.760000,111.700000,111.740000
1292408940,111.750000,111.750000,111.690000,111.710000
1292409000,111.720000,111.720000,111.680000,111.680000
1292409060,111.690000,111.690000,111.640000,111.670000
1292409120,111.680000,111.730000,111.660000,111.720000
1292409180,111.710000,111.760000,111.710000,111.730000
1292409240,111.740000,111.760000,111.720000,111.730000
1292409300,111.740000,111.760000,111.730000,111.740000
1292409360,111.750000,111.750000,111.680000,111.710000
1292409420,111.720000,111.740000,111.720000,111.720000
1292409480,111.730000,111.740000,111.710000,111.710000
1292409540,111.700000,111.740000,111.700000,111.730000
1292409600,111.740000,111.750000,111.690000,111.700000
1292409660,111.690000,111.730000,111.690000,111.730000
1292409720,111.720000,111.740000,111.710000,111.720000
1292409780,111.730000,111.730000,111.700000,111.730000
1292409840,111.740000,111.740000,111.730000,111.740000
1292409900,111.730000,111.760000,111.710000,111.730000
1292409960,111.740000,111.740000,111.660000,111.680000
1292410020,111.690000,111.700000,111.670000,111.670000
1292410080,111.680000,111.690000,111.660000,111.670000
1292410140,111.680000,111.710000,111.670000,111.680000
1292410200,111.690000,111.690000,111.630000,111.670000
1292410260,111.680000,111.700000,111.650000,111.660000
1292410320,111.650000,111.710000,111.650000,111.700000
1292410380,111.710000,111.730000,111.680000,111.690000
1292410440,111.680000,111.690000,111.660000,111.680000
1292410500,111.690000,111.750000,111.680000,111.740000
1292410560,111.730000,111.740000,111.710000,111.740000
1292410620,111.750000,111.800000,111.740000,111.790000
1292410680,111.780000,111.780000,111.740000,111.760000
1292410740,111.750000,111.770000,111.740000,111.750000
1292410800,111.760000,111.760000,111.710000,111.730000
1292410860,111.720000,111.730000,111.700000,111.730000
1292410920,111.720000,111.760000,111.710000,111.760000
1292410980,111.750000,111.770000,111.740000,111.760000
1292411040,111.770000,111.800000,111.760000,111.800000
1292411100,111.790000,111.800000,111.750000,111.750000
1292411160,111.760000,111.790000,111.740000,111.780000
1292411220,111.770000,111.790000,111.770000,111.780000
1292411280,111.770000,111.780000,111.740000,111.760000
1292411340,111.770000,111.810000,111.760000,111.800000
1292411400,111.790000,111.800000,111.760000,111.770000
1292411460,111.780000,111.830000,111.780000,111.830000
1292411520,111.840000,111.890000,111.840000,111.880000
1292411580,111.860000,111.870000,111.830000,111.840000
1292411640,111.830000,111.840000,111.820000,111.830000
1292411700,111.840000,111.880000,111.830000,111.860000
1292411760,111.870000,111.880000,111.850000,111.880000
1292411820,111.870000,111.900000,111.850000,111.900000
1292411880,111.890000,111.950000,111.890000,111.920000
1292411940,111.930000,111.930000,111.880000,111.880000
1292412000,111.890000,111.930000,111.890000,111.920000
1292412060,111.910000,111.920000,111.880000,111.900000
1292412120,111.890000,111.930000,111.890000,111.920000
1292412180,111.910000,111.920000,111.890000,111.910000
1292412240,111.920000,111.920000,111.890000,111.890000
1292412300,111.900000,111.910000,111.880000,111.890000
1292412360,111.880000,111.890000,111.860000,111.870000
1292412420,111.880000,111.890000,111.870000,111.890000
1292412480,111.880000,111.920000,111.880000,111.920000
1292412540,111.930000,111.930000,111.900000,111.900000
1292412600,111.890000,111.900000,111.880000,111.890000
1292412660,111.880000,111.900000,111.880000,111.890000
1292412720,111.880000,111.880000,111.850000,111.860000
1292412780,111.850000,111.870000,111.840000,111.850000
1292412840,111.860000,111.860000,111.840000,111.850000
1292412900,111.840000,111.860000,111.830000,111.850000
1292412960,111.840000,111.870000,111.830000,111.830000
1292413020,111.820000,111.850000,111.820000,111.830000
1292413080,111.840000,111.880000,111.840000,111.860000
1292413140,111.870000,111.890000,111.850000,111.860000
1292413200,111.870000,111.880000,111.850000,111.880000
1292413260,111.870000,111.880000,111.870000,111.870000
1292413320,111.860000,111.880000,111.850000,111.860000
1292413380,111.870000,111.870000,111.860000,111.860000
1292413440,111.850000,111.880000,111.850000,111.860000
1292413500,111.870000,111.930000,111.870000,111.890000
1292413560,111.880000,111.920000,111.880000,111.910000
1292413620,111.920000,111.920000,111.890000,111.890000
1292413680,111.880000,111.930000,111.880000,111.920000
1292413740,111.930000,111.940000,111.900000,111.900000
1292413800,111.890000,111.900000,111.880000,111.880000
1292413860,111.890000,111.890000,111.870000,111.880000
1292413920,111.890000,111.920000,111.880000,111.910000
1292413980,111.900000,111.910000,111.870000,111.880000
1292414040,111.870000,111.930000,111.870000,111.910000
1292414100,111.900000,111.920000,111.880000,111.920000
1292414160,111.910000,111.910000,111.840000,111.840000
1292414220,111.850000,111.850000,111.800000,111.810000
1292414280,111.820000,111.820000,111.790000,111.810000
1292414340,111.800000,111.810000,111.770000,111.780000
1292414400,111.790000,111.800000,111.780000,111.800000
1292414460,111.790000,111.810000,111.780000,111.800000
1292414520,111.790000,111.840000,111.790000,111.830000
1292414580,111.820000,111.840000,111.820000,111.820000
1292414640,111.830000,111.840000,111.810000,111.830000
1292414700,111.840000,111.840000,111.810000,111.810000
1292414760,111.820000,111.820000,111.800000,111.800000
1292414820,111.810000,111.870000,111.810000,111.840000
1292414880,111.830000,111.890000,111.810000,111.880000
1292414940,111.870000,111.920000,111.860000,111.910000
1292415000,111.900000,111.910000,111.890000,111.910000
1292415060,111.900000,111.900000,111.870000,111.880000
1292415120,111.870000,111.910000,111.860000,111.900000
1292415180,111.910000,111.910000,111.890000,111.890000
1292415240,111.900000,111.910000,111.880000,111.910000
1292415300,111.900000,111.940000,111.900000,111.940000
1292415360,111.930000,111.990000,111.930000,111.990000
1292415420,111.980000,112.000000,111.950000,111.960000
1292415480,111.970000,111.970000,111.910000,111.910000
1292415540,111.900000,111.940000,111.890000,111.930000
1292415600,111.940000,111.990000,111.940000,111.970000
1292415660,111.960000,111.970000,111.920000,111.930000
1292415720,111.920000,111.940000,111.900000,111.930000
1292415780,111.920000,111.930000,111.890000,111.910000
1292415840,111.920000,111.950000,111.900000,111.950000
1292415900,111.940000,111.960000,111.930000,111.950000
1292415960,111.960000,111.960000,111.920000,111.950000
1292416020,111.960000,111.960000,111.940000,111.940000
1292416080,111.950000,111.970000,111.930000,111.970000
1292416140,111.960000,112.010000,111.960000,112.010000
1292416200,112.020000,112.030000,112.000000,112.010000
1292416260,112.020000,112.040000,112.000000,112.020000
1292416320,112.030000,112.050000,112.020000,112.030000
1292416380,112.020000,112.060000,112.000000,112.030000
1292416440,112.020000,112.030000,111.990000,111.990000
1292416500,111.980000,111.990000,111.930000,111.940000
1292416560,111.950000,111.950000,111.910000,111.920000
1292416620,111.930000,111.950000,111.920000,111.940000
1292416680,111.950000,111.990000,111.940000,111.970000
1292416740,111.960000,111.990000,111.960000,111.980000
1292416800,111.990000,111.990000,111.950000,111.960000
1292416860,111.950000,112.000000,111.950000,111.990000
1292416920,112.000000,112.030000,112.000000,112.020000
1292416980,112.030000,112.030000,112.000000,112.010000
1292417040,112.020000,112.020000,112.000000,112.000000
1292417100,112.010000,112.010000,111.980000,111.980000
1292417160,111.970000,111.980000,111.940000,111.940000
1292417220,111.930000,111.940000,111.920000,111.920000
1292417280,111.930000,111.950000,111.920000,111.930000
1292417340,111.920000,111.950000,111.920000,111.940000
1292417400,111.950000,111.950000,111.930000,111.940000
1292417460,111.930000,111.950000,111.920000,111.930000
1292417520,111.940000,111.940000,111.910000,111.920000
1292417580,111.910000,111.930000,111.900000,111.910000
1292417640,111.920000,111.930000,111.900000,111.910000
1292417700,111.900000,111.920000,111.900000,111.910000
1292417760,111.920000,111.930000,111.910000,111.920000
1292417820,111.930000,111.930000,111.910000,111.910000
1292417880,111.900000,111.920000,111.890000,111.900000
1292417940,111.910000,111.910000,111.890000,111.890000
1292418000,111.880000,111.890000,111.860000,111.860000
1292418060,111.850000,111.860000,111.830000,111.860000
1292418120,111.850000,111.910000,111.840000,111.910000
1292418180,111.900000,111.920000,111.890000,111.890000
1292418240,111.900000,111.910000,111.870000,111.870000
1292418300,111.890000,111.920000,111.870000,111.880000
1292418360,111.890000,111.910000,111.870000,111.910000
1292418420,111.900000,111.910000,111.880000,111.910000
1292418480,111.920000,111.930000,111.900000,111.900000
1292418540,111.890000,111.920000,111.890000,111.920000
1292418600,111.910000,111.920000,111.910000,111.910000
1292418660,111.920000,111.920000,111.890000,111.910000
1292418720,111.900000,111.910000,111.880000,111.880000
1292418780,111.870000,111.890000,111.870000,111.880000
1292418840,111.870000,111.890000,111.850000,111.880000
1292418900,111.890000,111.930000,111.890000,111.930000
1292418960,111.940000,111.940000,111.920000,111.930000
1292419020,111.920000,111.930000,111.910000,111.920000
1292419080,111.930000,111.930000,111.910000,111.910000
1292419140,111.900000,111.940000,111.900000,111.940000
1292419200,111.950000,111.970000,111.930000,111.960000
1292419260,111.970000,111.980000,111.950000,111.960000
1292419320,111.950000,111.980000,111.950000,111.970000
1292419380,111.980000,112.010000,111.970000,112.000000
1292419440,112.010000,112.010000,111.990000,111.990000
1292419500,111.980000,111.990000,111.970000,111.990000
1292419560,112.000000,112.010000,111.970000,111.980000
1292419620,111.990000,112.000000,111.970000,111.970000
1292419680,111.980000,111.990000,111.980000,111.980000
1292419740,112.000000,112.000000,111.950000,111.970000
1292419800,111.980000,112.130000,111.980000,112.060000
1292419860,112.070000,112.070000,111.990000,112.020000
1292419920,112.010000,112.090000,112.010000,112.060000
1292419980,112.070000,112.080000,112.010000,112.040000
1292420040,112.050000,112.060000,112.000000,112.000000
1292420100,111.990000,112.030000,111.980000,112.020000
1292420160,112.000000,112.020000,111.940000,111.950000
1292420220,111.940000,111.980000,111.930000,111.950000
1292420280,111.960000,111.960000,111.920000,111.950000
1292420340,111.960000,111.960000,111.930000,111.940000
1292420400,111.930000,111.960000,111.930000,111.940000
1292420460,111.950000,111.960000,111.930000,111.950000
1292420520,111.960000,111.970000,111.920000,111.970000
1292420580,111.980000,112.000000,111.970000,111.990000
1292420640,112.000000,112.010000,111.980000,112.010000
1292420700,112.020000,112.020000,111.990000,112.000000
1292420760,111.990000,111.990000,111.970000,111.980000
1292420820,111.990000,111.990000,111.970000,111.970000
1292420880,111.980000,112.000000,111.970000,111.980000
1292420940,111.990000,111.990000,111.940000,111.950000
1292421000,111.940000,111.970000,111.940000,111.960000
1292421060,111.970000,111.980000,111.950000,111.980000
1292421120,111.970000,111.980000,111.960000,111.960000
1292421180,111.970000,111.970000,111.950000,111.950000
1292421240,111.940000,111.950000,111.930000,111.940000
1292421300,111.950000,111.970000,111.950000,111.960000
1292421360,111.950000,111.970000,111.940000,111.960000
1292421420,111.970000,111.980000,111.930000,111.930000
1292421480,111.920000,111.950000,111.920000,111.920000
1292421540,111.910000,111.940000,111.900000,111.930000
1292421600,111.950000,111.960000,111.920000,111.930000
1292421660,111.920000,111.950000,111.920000,111.950000
1292421720,111.940000,111.950000,111.930000,111.930000
1292421780,111.940000,111.950000,111.920000,111.940000
1292421840,111.930000,111.940000,111.910000,111.920000
1292421900,111.910000,111.920000,111.900000,111.900000
1292421960,111.910000,111.920000,111.890000,111.920000
1292422020,111.910000,111.930000,111.910000,111.920000
1292422080,111.930000,111.930000,111.920000,111.930000
1292422140,111.920000,111.940000,111.910000,111.910000
1292422200,111.920000,111.940000,111.920000,111.930000
1292422260,111.920000,111.920000,111.770000,111.790000
1292422320,111.800000,111.850000,111.800000,111.850000
1292422380,111.860000,111.890000,111.850000,111.870000
1292422440,111.880000,111.920000,111.870000,111.890000
1292422500,111.900000,111.910000,111.870000,111.890000
1292422560,111.880000,111.910000,111.880000,111.900000
1292422620,111.890000,111.930000,111.850000,111.860000
1292422680,111.850000,111.900000,111.850000,111.880000
1292422740,111.870000,111.900000,111.860000,111.900000
1292422800,111.910000,111.910000,111.890000,111.890000
1292422860,111.900000,111.930000,111.870000,111.870000
1292422920,111.850000,111.890000,111.850000,111.860000
1292422980,111.850000,111.870000,111.820000,111.830000
1292423040,111.820000,111.830000,111.810000,111.830000
1292423100,111.820000,111.830000,111.800000,111.800000
1292423160,111.790000,111.810000,111.780000,111.810000
1292423220,111.820000,111.830000,111.790000,111.790000
1292423280,111.780000,111.800000,111.770000,111.790000
1292423340,111.800000,111.840000,111.780000,111.840000
1292423400,111.850000,111.930000,111.850000,111.900000
1292423460,111.910000,111.920000,111.900000,111.920000
1292423520,111.910000,111.920000,111.880000,111.920000
1292423580,111.930000,111.950000,111.920000,111.940000
1292423640,111.950000,111.960000,111.900000,111.920000
1292423700,111.930000,111.930000,111.890000,111.910000
1292423760,111.920000,111.950000,111.910000,111.920000
1292423820,111.910000,111.940000,111.910000,111.940000
1292423880,111.930000,111.940000,111.910000,111.920000
1292423940,111.910000,111.920000,111.900000,111.920000
1292424000,111.930000,111.930000,111.920000,111.920000
1292424060,111.930000,111.950000,111.930000,111.940000
1292424120,111.930000,111.950000,111.930000,111.940000
1292424180,111.950000,111.980000,111.940000,111.960000
1292424240,111.970000,111.970000,111.950000,111.960000
1292424300,111.950000,111.970000,111.950000,111.960000
1292424360,111.950000,111.970000,111.940000,111.960000
1292424420,111.950000,111.950000,111.920000,111.940000
1292424480,111.930000,111.970000,111.930000,111.970000
1292424540,111.960000,111.970000,111.950000,111.960000
1292424600,111.950000,111.980000,111.950000,111.970000
1292424660,111.960000,111.970000,111.950000,111.960000
1292424720,111.970000,111.990000,111.960000,111.980000
1292424780,111.990000,111.990000,111.960000,111.960000
1292424840,111.950000,111.970000,111.930000,111.930000
1292424900,111.940000,111.950000,111.930000,111.950000
1292424960,111.960000,111.970000,111.940000,111.940000
1292425020,111.930000,111.960000,111.930000,111.950000
1292425080,111.960000,112.000000,111.950000,111.990000
1292425140,112.000000,112.020000,111.990000,112.010000
1292425200,112.000000,112.010000,111.910000,111.920000
1292425260,111.930000,111.930000,111.890000,111.890000
1292425320,111.900000,111.900000,111.850000,111.850000
1292425380,111.860000,111.870000,111.820000,111.860000
1292425440,111.850000,111.880000,111.850000,111.870000
1292425500,111.860000,111.900000,111.860000,111.890000
1292425560,111.880000,111.900000,111.870000,111.880000
1292425620,111.870000,111.880000,111.840000,111.870000
1292425680,111.860000,111.880000,111.850000,111.860000
1292425740,111.850000,111.910000,111.850000,111.880000
1292425800,111.870000,111.890000,111.870000,111.890000
1292425860,111.900000,111.910000,111.870000,111.900000
1292425920,111.910000,111.930000,111.900000,111.910000
1292425980,111.920000,111.940000,111.920000,111.920000
1292426040,111.930000,111.970000,111.920000,111.970000
1292426100,111.980000,112.000000,111.950000,111.980000
1292426160,111.990000,112.010000,111.980000,112.000000
1292426220,112.010000,112.020000,111.990000,111.990000
1292426280,111.980000,112.030000,111.980000,112.000000
1292426340,111.990000,112.000000,111.970000,111.970000
1292426400,111.980000,111.990000,111.960000,111.960000
1292426460,111.970000,111.970000,111.940000,111.960000
1292426520,111.970000,111.970000,111.940000,111.950000
1292426580,111.960000,111.960000,111.940000,111.940000
1292426640,111.950000,111.970000,111.940000,111.960000
1292426700,111.950000,111.960000,111.940000,111.940000
1292426760,111.950000,111.960000,111.930000,111.930000
1292426820,111.940000,111.940000,111.900000,111.910000
1292426880,111.920000,111.940000,111.920000,111.930000
1292426940,111.920000,111.930000,111.900000,111.900000
1292427000,111.910000,111.940000,111.910000,111.920000
1292427060,111.930000,111.940000,111.910000,111.920000
1292427120,111.910000,111.940000,111.910000,111.920000
1292427180,111.930000,111.930000,111.890000,111.900000
1292427240,111.910000,111.950000,111.880000,111.930000
1292427300,111.940000,111.940000,111.910000,111.910000
1292427360,111.920000,111.940000,111.910000,111.930000
1292427420,111.920000,111.960000,111.920000,111.950000
1292427480,111.940000,111.970000,111.940000,111.960000
1292427540,111.950000,111.960000,111.930000,111.940000
1292427600,111.920000,111.960000,111.910000,111.950000
1292427660,111.940000,111.970000,111.940000,111.950000
1292427720,111.960000,111.970000,111.940000,111.960000
1292427780,111.950000,111.980000,111.950000,111.960000
1292427840,111.950000,111.980000,111.950000,111.970000
1292427900,111.960000,112.000000,111.960000,112.000000
1292427960,111.990000,112.000000,111.950000,111.970000
1292428020,111.980000,112.000000,111.970000,111.980000
1292428080,111.990000,112.010000,111.980000,111.980000
1292428140,111.990000,111.990000,111.970000,111.980000
1292428200,111.970000,112.010000,111.970000,111.990000
1292428260,112.000000,112.000000,111.980000,111.990000
1292428320,112.000000,112.000000,111.940000,111.960000
1292428380,111.950000,111.970000,111.950000,111.960000
1292428440,111.950000,111.960000,111.930000,111.940000
1292428500,111.930000,111.940000,111.920000,111.930000
1292428560,111.940000,111.950000,111.920000,111.940000
1292428620,111.950000,111.970000,111.940000,111.950000
1292428680,111.940000,111.960000,111.940000,111.940000
1292428740,111.950000,111.990000,111.940000,111.940000
1292428800,111.950000,111.960000,111.920000,111.920000
1292428860,111.910000,111.920000,111.890000,111.920000
1292428920,111.930000,111.930000,111.880000,111.880000
1292428980,111.890000,111.900000,111.880000,111.890000
1292429040,111.900000,111.910000,111.840000,111.840000
1292429100,111.850000,111.870000,111.840000,111.860000
1292429160,111.870000,111.890000,111.860000,111.880000
1292429220,111.870000,111.910000,111.870000,111.900000
1292429280,111.890000,111.910000,111.890000,111.890000
1292429340,111.880000,111.900000,111.870000,111.870000
1292429400,111.860000,111.890000,111.860000,111.860000
1292429460,111.870000,111.900000,111.860000,111.890000
1292429520,111.900000,111.900000,111.850000,111.850000
1292429580,111.860000,111.870000,111.850000,111.850000
1292429640,111.840000,111.840000,111.810000,111.840000
1292429700,111.830000,111.850000,111.820000,111.850000
1292429760,111.840000,111.870000,111.830000,111.860000
1292429820,111.870000,111.870000,111.830000,111.840000
1292429880,111.850000,111.860000,111.820000,111.820000
1292429940,111.830000,111.840000,111.790000,111.790000
1292430000,111.800000,111.810000,111.790000,111.790000
1292430060,111.780000,111.800000,111.760000,111.770000
1292430120,111.780000,111.780000,111.740000,111.750000
1292430180,111.740000,111.780000,111.740000,111.760000
1292430240,111.750000,111.780000,111.750000,111.780000
1292430300,111.790000,111.810000,111.780000,111.810000
1292430360,111.820000,111.820000,111.800000,111.810000
1292430420,111.820000,111.830000,111.810000,111.820000
1292430480,111.810000,111.840000,111.800000,111.820000
1292430540,111.830000,111.860000,111.830000,111.860000
1292430600,111.850000,111.860000,111.830000,111.850000
1292430660,111.840000,111.850000,111.820000,111.830000
1292430720,111.840000,111.850000,111.830000,111.830000
1292430780,111.840000,111.860000,111.840000,111.850000
1292430840,111.840000,111.850000,111.840000,111.850000
1292430900,111.840000,111.850000,111.830000,111.840000
1292430960,111.830000,111.850000,111.830000,111.830000
1292431020,111.820000,111.820000,111.800000,111.810000
1292431080,111.780000,111.790000,111.760000,111.780000
1292431140,111.790000,111.800000,111.780000,111.790000
1292431200,111.780000,111.790000,111.760000,111.780000
1292431260,111.790000,111.800000,111.780000,111.790000
1292431320,111.800000,111.800000,111.790000,111.790000
1292431380,111.780000,111.800000,111.760000,111.780000
1292431440,111.770000,111.790000,111.760000,111.790000
1292431500,111.780000,111.810000,111.780000,111.800000
1292431560,111.810000,111.820000,111.790000,111.820000
1292431620,111.810000,111.830000,111.810000,111.810000
1292431680,111.800000,111.800000,111.770000,111.780000
1292431740,111.770000,111.810000,111.770000,111.800000
1292431800,111.810000,111.830000,111.800000,111.810000
1292431860,111.800000,111.850000,111.800000,111.830000
1292431920,111.840000,111.840000,111.800000,111.820000
1292431980,111.830000,111.860000,111.830000,111.840000
1292432040,111.850000,111.850000,111.810000,111.820000
1292432100,111.830000,111.830000,111.790000,111.790000
1292432160,111.780000,111.800000,111.780000,111.790000
1292432220,111.800000,111.820000,111.790000,111.810000
1292432280,111.820000,111.820000,111.790000,111.810000
1292432340,111.820000,111.840000,111.810000,111.820000
1292432400,111.830000,111.830000,111.790000,111.820000
1292432460,111.810000,111.820000,111.800000,111.810000
1292432520,111.820000,111.820000,111.790000,111.800000
1292432580,111.810000,111.810000,111.770000,111.790000
1292432640,111.800000,111.800000,111.760000,111.770000
1292432700,111.780000,111.790000,111.770000,111.780000
1292432760,111.790000,111.820000,111.760000,111.770000
1292432820,111.780000,111.800000,111.780000,111.790000
1292432880,111.800000,111.800000,111.770000,111.770000
1292432940,111.780000,111.780000,111.750000,111.750000
1292433000,111.760000,111.790000,111.750000,111.770000
1292433060,111.760000,111.760000,111.730000,111.730000
1292433120,111.740000,111.740000,111.720000,111.730000
1292433180,111.740000,111.740000,111.710000,111.710000
1292433240,111.720000,111.740000,111.700000,111.700000
1292433300,111.710000,111.740000,111.710000,111.720000
1292433360,111.730000,111.750000,111.730000,111.740000
1292433420,111.730000,111.750000,111.720000,111.740000
1292433480,111.750000,111.760000,111.730000,111.730000
1292433540,111.720000,111.740000,111.700000,111.710000
1292433600,111.700000,111.720000,111.690000,111.720000
1292433660,111.710000,111.720000,111.680000,111.700000
1292433720,111.690000,111.700000,111.680000,111.690000
1292433780,111.680000,111.720000,111.680000,111.690000
1292433840,111.700000,111.730000,111.700000,111.710000
1292433900,111.720000,111.730000,111.700000,111.730000
1292433960,111.720000,111.720000,111.680000,111.700000
1292434020,111.690000,111.690000,111.670000,111.680000
1292434080,111.670000,111.680000,111.670000,111.680000
1292434140,111.670000,111.670000,111.640000,111.640000
1292434200,111.650000,111.650000,111.610000,111.610000
1292434260,111.600000,111.610000,111.590000,111.590000
1292434320,111.580000,111.580000,111.540000,111.550000
1292434380,111.560000,111.560000,111.500000,111.540000
1292434440,111.530000,111.560000,111.520000,111.550000
1292434500,111.560000,111.560000,111.550000,111.560000
1292434560,111.550000,111.580000,111.530000,111.530000
1292434620,111.520000,111.540000,111.520000,111.520000
1292434680,111.510000,111.530000,111.490000,111.500000
1292434740,111.510000,111.520000,111.500000,111.500000
1292434800,111.510000,111.520000,111.460000,111.470000
1292434860,111.480000,111.510000,111.470000,111.500000
1292434920,111.510000,111.510000,111.490000,111.490000
1292434980,111.500000,111.510000,111.460000,111.470000
1292435040,111.460000,111.480000,111.450000,111.470000
1292435100,111.460000,111.470000,111.440000,111.460000
1292435160,111.470000,111.470000,111.450000,111.470000
1292435220,111.460000,111.470000,111.440000,111.460000
1292435280,111.450000,111.480000,111.450000,111.460000
1292435340,111.470000,111.480000,111.450000,111.470000
1292435400,111.460000,111.460000,111.440000,111.440000
1292435460,111.450000,111.460000,111.440000,111.460000
1292435520,111.450000,111.480000,111.450000,111.480000
1292435580,111.470000,111.480000,111.460000,111.470000
1292435640,111.480000,111.480000,111.440000,111.450000
1292435700,111.460000,111.470000,111.450000,111.470000
1292435760,111.460000,111.480000,111.460000,111.470000
1292435820,111.480000,111.480000,111.450000,111.460000
1292435880,111.470000,111.510000,111.470000,111.510000
1292435940,111.500000,111.550000,111.500000,111.530000
1292436000,111.540000,111.550000,111.510000,111.520000
1292436060,111.530000,111.550000,111.520000,111.550000
1292436120,111.540000,111.560000,111.510000,111.510000
1292436180,111.520000,111.550000,111.510000,111.550000
1292436240,111.540000,111.550000,111.540000,111.540000
1292436300,111.530000,111.550000,111.520000,111.520000
1292436360,111.530000,111.550000,111.520000,111.550000
1292436420,111.540000,111.550000,111.520000,111.530000
1292436480,111.520000,111.530000,111.500000,111.530000
1292436540,111.520000,111.530000,111.500000,111.520000
1292436600,111.510000,111.520000,111.500000,111.510000
1292436660,111.520000,111.540000,111.510000,111.520000
1292436720,111.530000,111.540000,111.520000,111.540000
1292436780,111.530000,111.570000,111.530000,111.560000
1292436840,111.570000,111.580000,111.560000,111.570000
1292436900,111.580000,111.580000,111.560000,111.570000
1292436960,111.560000,111.570000,111.520000,111.540000
1292437020,111.550000,111.600000,111.540000,111.590000
1292437080,111.600000,111.630000,111.590000,111.610000
1292437140,111.600000,111.630000,111.600000,111.600000
1292437200,111.610000,111.610000,111.590000,111.600000
1292437260,111.610000,111.630000,111.600000,111.620000
1292437320,111.610000,111.630000,111.610000,111.620000
1292437380,111.630000,111.640000,111.590000,111.630000
1292437440,111.640000,111.660000,111.630000,111.660000
1292437500,111.670000,111.670000,111.630000,111.650000
1292437560,111.640000,111.660000,111.630000,111.640000
1292437620,111.650000,111.660000,111.640000,111.660000
1292437680,111.650000,111.660000,111.640000,111.660000
1292437740,111.670000,111.670000,111.660000,111.660000
1292437800,111.670000,111.700000,111.660000,111.700000
1292437860,111.710000,111.710000,111.690000,111.690000
1292437920,111.680000,111.740000,111.680000,111.730000
1292437980,111.720000,111.720000,111.700000,111.720000
1292438040,111.710000,111.720000,111.680000,111.690000
1292438100,111.680000,111.690000,111.640000,111.660000
1292438160,111.650000,111.660000,111.630000,111.640000
1292438220,111.630000,111.670000,111.620000,111.640000
1292438280,111.650000,111.650000,111.620000,111.620000
1292438340,111.630000,111.630000,111.580000,111.600000
1292438400,111.610000,111.660000,111.600000,111.650000
1292438460,111.660000,111.660000,111.630000,111.640000
1292438520,111.630000,111.640000,111.620000,111.640000
1292438580,111.630000,111.640000,111.610000,111.620000
1292438640,111.610000,111.610000,111.580000,111.590000
1292438700,111.600000,111.600000,111.580000,111.590000
1292438820,111.600000,111.600000,111.580000,111.600000
1292438880,111.620000,111.640000,111.620000,111.640000
1292438940,111.650000,111.650000,111.640000,111.650000
1292439000,111.640000,111.660000,111.640000,111.660000
1292439060,111.670000,111.680000,111.650000,111.670000
1292439120,111.680000,111.680000,111.660000,111.670000
1292439180,111.660000,111.660000,111.630000,111.650000
1292439240,111.640000,111.650000,111.630000,111.640000
1292439300,111.650000,111.650000,111.630000,111.640000
1292439360,111.650000,111.650000,111.640000,111.640000
1292439420,111.630000,111.650000,111.630000,111.640000
1292439480,111.630000,111.630000,111.610000,111.630000
1292439540,111.640000,111.650000,111.630000,111.650000
1292439600,111.640000,111.650000,111.640000,111.650000
1292439660,111.660000,111.670000,111.660000,111.670000
1292439720,111.660000,111.670000,111.640000,111.650000
1292439780,111.640000,111.660000,111.640000,111.650000
1292439840,111.660000,111.670000,111.650000,111.650000
1292439900,111.640000,111.650000,111.630000,111.640000
1292439960,111.650000,111.650000,111.620000,111.630000
1292440020,111.620000,111.620000,111.590000,111.600000
1292440080,111.590000,111.600000,111.580000,111.580000
1292440140,111.570000,111.620000,111.570000,111.610000
1292440200,111.600000,111.610000,111.580000,111.590000
1292440260,111.600000,111.600000,111.580000,111.580000
1292440320,111.560000,111.590000,111.560000,111.590000
1292440380,111.580000,111.600000,111.570000,111.590000
1292440440,111.600000,111.600000,111.590000,111.590000
1292440500,111.580000,111.580000,111.560000,111.570000
1292440560,111.560000,111.560000,111.540000,111.560000
1292440620,111.550000,111.560000,111.550000,111.560000
1292440680,111.570000,111.600000,111.570000,111.590000
1292440740,111.600000,111.600000,111.570000,111.580000
1292440800,111.570000,111.580000,111.560000,111.580000
1292440860,111.570000,111.570000,111.520000,111.520000
1292440920,111.530000,111.570000,111.530000,111.570000
1292440980,111.560000,111.560000,111.490000,111.500000
1292441040,111.510000,111.540000,111.500000,111.540000
1292441100,111.530000,111.530000,111.500000,111.510000
1292441160,111.500000,111.510000,111.490000,111.510000
1292441220,111.520000,111.550000,111.520000,111.550000
1292441280,111.540000,111.550000,111.520000,111.520000
1292441340,111.510000,111.510000,111.480000,111.490000
1292441400,111.480000,111.490000,111.450000,111.460000
1292441460,111.470000,111.480000,111.460000,111.480000
1292441520,111.470000,111.490000,111.450000,111.490000
1292441580,111.480000,111.500000,111.470000,111.500000
1292441640,111.490000,111.530000,111.490000,111.530000
1292441700,111.520000,111.540000,111.510000,111.540000
1292441760,111.530000,111.600000,111.490000,111.600000
1292441820,111.590000,111.650000,111.580000,111.620000
1292441880,111.610000,111.670000,111.590000,111.670000
1292441940,111.690000,111.710000,111.680000,111.700000
1292442000,111.690000,111.720000,111.680000,111.710000
1292442060,111.720000,111.720000,111.680000,111.700000
1292442120,111.710000,111.710000,111.690000,111.700000
1292442180,111.710000,111.720000,111.690000,111.700000
1292442240,111.690000,111.700000,111.670000,111.680000
1292442300,111.670000,111.680000,111.620000,111.630000
1292442360,111.620000,111.690000,111.620000,111.650000
1292442420,111.640000,111.640000,111.580000,111.590000
1292442480,111.580000,111.590000,111.560000,111.570000
1292442540,111.580000,111.580000,111.540000,111.570000
1292442600,111.580000,111.610000,111.570000,111.570000
1292442660,111.580000,111.600000,111.560000,111.570000
1292442720,111.560000,111.570000,111.530000,111.540000
1292442780,111.550000,111.580000,111.540000,111.560000
1292442840,111.570000,111.580000,111.550000,111.560000
1292442900,111.570000,111.580000,111.540000,111.540000
1292442960,111.550000,111.580000,111.540000,111.560000
1292443020,111.550000,111.600000,111.550000,111.570000
1292443080,111.580000,111.580000,111.550000,111.560000
1292443140,111.550000,111.590000,111.550000,111.570000
1292443200,111.560000,111.570000,111.540000,111.560000
1292443260,111.570000,111.580000,111.550000,111.550000
1292443320,111.560000,111.600000,111.550000,111.580000
1292443380,111.590000,111.590000,111.540000,111.540000
1292443440,111.530000,111.540000,111.500000,111.520000
1292443500,111.510000,111.530000,111.510000,111.510000
1292443560,111.520000,111.520000,111.500000,111.500000
1292443620,111.510000,111.520000,111.500000,111.520000
1292443680,111.510000,111.520000,111.490000,111.490000
1292443740,111.480000,111.510000,111.470000,111.500000
1292443800,111.510000,111.510000,111.470000,111.510000
1292443860,111.500000,111.520000,111.500000,111.500000
1292443920,111.510000,111.510000,111.490000,111.500000
1292443980,111.490000,111.510000,111.490000,111.500000
1292444040,111.490000,111.500000,111.440000,111.460000
1292444100,111.470000,111.480000,111.450000,111.460000
1292444160,111.470000,111.480000,111.460000,111.460000
1292444220,111.470000,111.470000,111.450000,111.450000
1292444280,111.460000,111.460000,111.420000,111.420000
1292444340,111.430000,111.430000,111.420000,111.420000
1292444400,111.430000,111.430000,111.400000,111.420000
1292444460,111.410000,111.440000,111.410000,111.420000
1292444520,111.410000,111.440000,111.410000,111.430000
1292444580,111.420000,111.450000,111.420000,111.430000
1292444640,111.440000,111.460000,111.440000,111.460000
1292444700,111.470000,111.480000,111.460000,111.480000
1292444760,111.490000,111.490000,111.480000,111.490000
1292444820,111.500000,111.510000,111.480000,111.510000
1292444880,111.500000,111.500000,111.470000,111.480000
1292444940,111.490000,111.500000,111.480000,111.490000
1292445000,111.480000,111.480000,111.470000,111.480000
1292445060,111.490000,111.490000,111.480000,111.480000
1292445120,111.490000,111.490000,111.470000,111.480000
1292445180,111.490000,111.490000,111.460000,111.470000
1292445240,111.460000,111.460000,111.440000,111.450000
1292445300,111.440000,111.460000,111.440000,111.450000
1292445360,111.440000,111.460000,111.430000,111.450000
1292445420,111.460000,111.460000,111.430000,111.430000
1292445480,111.440000,111.470000,111.430000,111.460000
1292445540,111.470000,111.480000,111.460000,111.480000
1292445600,111.490000,111.490000,111.460000,111.480000
1292445660,111.470000,111.480000,111.460000,111.470000
1292445720,111.460000,111.470000,111.440000,111.450000
1292445780,111.440000,111.450000,111.400000,111.410000
1292445840,111.420000,111.420000,111.400000,111.410000
1292445900,111.400000,111.420000,111.400000,111.410000
1292445960,111.400000,111.440000,111.400000,111.440000
1292446020,111.430000,111.440000,111.420000,111.430000
1292446080,111.440000,111.440000,111.410000,111.430000
1292446140,111.440000,111.440000,111.390000,111.400000
1292446200,111.390000,111.400000,111.370000,111.390000
1292446260,111.380000,111.380000,111.370000,111.380000
1292446320,111.370000,111.370000,111.340000,111.350000
1292446380,111.360000,111.360000,111.340000,111.350000
1292446440,111.340000,111.360000,111.340000,111.360000
1292446500,111.350000,111.360000,111.340000,111.340000
1292446560,111.350000,111.350000,111.340000,111.350000
1292446620,111.360000,111.360000,111.350000,111.350000
1292446680,111.340000,111.370000,111.340000,111.370000
1292446740,111.360000,111.390000,111.350000,111.380000
1292446800,111.370000,111.400000,111.340000,111.340000
1292446860,111.350000,111.360000,111.340000,111.350000
1292446920,111.340000,111.350000,111.280000,111.300000
1292446980,111.310000,111.320000,111.290000,111.310000
1292447040,111.300000,111.340000,111.300000,111.340000
1292447100,111.350000,111.370000,111.320000,111.350000
1292447160,111.340000,111.340000,111.300000,111.300000
1292447220,111.290000,111.320000,111.280000,111.290000
1292447280,111.300000,111.330000,111.290000,111.320000
1292447340,111.310000,111.320000,111.280000,111.290000
1292447400,111.310000,111.310000,111.300000,111.310000
1292447460,111.320000,111.330000,111.310000,111.310000
1292447520,111.300000,111.310000,111.300000,111.310000
1292447580,111.320000,111.340000,111.320000,111.340000
1292447640,111.330000,111.340000,111.330000,111.340000
1292447700,111.330000,111.330000,111.270000,111.320000
1292447760,111.310000,111.330000,111.310000,111.330000
1292447820,111.320000,111.330000,111.320000,111.330000
1292447880,111.320000,111.350000,111.320000,111.330000
1292447940,111.340000,111.350000,111.330000,111.350000
1292448000,111.340000,111.350000,111.310000,111.320000
1292448060,111.330000,111.330000,111.320000,111.330000
1292448120,111.340000,111.340000,111.330000,111.330000
1292448180,111.340000,111.350000,111.330000,111.330000
1292448240,111.320000,111.330000,111.310000,111.320000
1292448300,111.310000,111.330000,111.310000,111.330000
1292448360,111.340000,111.340000,111.320000,111.330000
1292448420,111.320000,111.330000,111.290000,111.290000
1292448480,111.300000,111.300000,111.290000,111.300000
1292448540,111.310000,111.310000,111.280000,111.280000
1292448600,111.270000,111.270000,111.250000,111.260000
1292448660,111.250000,111.260000,111.220000,111.250000
1292448720,111.240000,111.250000,111.240000,111.250000
1292448780,111.260000,111.270000,111.250000,111.270000
1292448840,111.280000,111.280000,111.270000,111.270000
1292448900,111.280000,111.280000,111.270000,111.270000
1292448960,111.280000,111.280000,111.280000,111.280000
1292449020,111.270000,111.270000,111.270000,111.270000
1292449080,111.250000,111.250000,111.240000,111.250000
1292449140,111.240000,111.250000,111.220000,111.240000
1292449200,111.250000,111.270000,111.230000,111.250000
1292449260,111.260000,111.260000,111.240000,111.260000
1292449320,111.270000,111.290000,111.260000,111.270000
1292449380,111.280000,111.290000,111.280000,111.280000
1292449440,111.290000,111.290000,111.280000,111.290000
1292449500,111.300000,111.300000,111.290000,111.300000
1292449560,111.290000,111.290000,111.290000,111.290000
1292449620,111.300000,111.310000,111.300000,111.310000
1292449680,111.300000,111.300000,111.290000,111.290000
1292449740,111.300000,111.300000,111.290000,111.290000
1292449800,111.300000,111.310000,111.300000,111.300000
1292449920,111.310000,111.320000,111.300000,111.320000
1292449980,111.330000,111.330000,111.320000,111.330000
1292450040,111.340000,111.340000,111.320000,111.320000
1292450100,111.310000,111.320000,111.290000,111.300000
1292450160,111.290000,111.290000,111.280000,111.280000
1292450220,111.260000,111.310000,111.260000,111.310000
1292450340,111.320000,111.330000,111.300000,111.300000
1292450400,111.310000,111.320000,111.290000,111.310000
1292450460,111.320000,111.340000,111.320000,111.320000
1292450520,111.330000,111.340000,111.310000,111.340000
1292450580,111.330000,111.330000,111.320000,111.320000
1292450640,111.310000,111.340000,111.310000,111.340000
1292450700,111.330000,111.350000,111.320000,111.330000
1292450820,111.320000,111.330000,111.320000,111.330000
1292450940,111.340000,111.340000,111.330000,111.340000
1292451000,111.350000,111.370000,111.340000,111.370000
1292451060,111.360000,111.370000,111.340000,111.360000
1292451120,111.350000,111.360000,111.320000,111.320000
1292451180,111.330000,111.340000,111.330000,111.340000
1292451240,111.350000,111.370000,111.350000,111.360000
1292451300,111.350000,111.360000,111.350000,111.350000
1292451360,111.360000,111.360000,111.340000,111.340000
1292451420,111.350000,111.390000,111.350000,111.380000
1292451480,111.370000,111.410000,111.370000,111.380000
1292451540,111.390000,111.400000,111.390000,111.390000
1292451600,111.370000,111.400000,111.370000,111.390000
1292451660,111.400000,111.450000,111.390000,111.430000
1292451720,111.440000,111.480000,111.430000,111.440000
1292451780,111.430000,111.450000,111.430000,111.430000
1292451840,111.440000,111.450000,111.430000,111.440000
1292451900,111.450000,111.470000,111.420000,111.450000
1292451960,111.440000,111.440000,111.420000,111.430000
1292452020,111.440000,111.440000,111.430000,111.430000
1292452080,111.440000,111.440000,111.430000,111.430000
1292452200,111.420000,111.430000,111.420000,111.430000
1292452260,111.440000,111.450000,111.410000,111.440000
1292452320,111.450000,111.450000,111.440000,111.450000
1292452380,111.460000,111.460000,111.430000,111.450000
1292452440,111.430000,111.440000,111.410000,111.410000
1292452500,111.400000,111.420000,111.400000,111.410000
1292452560,111.430000,111.430000,111.410000,111.420000
1292452620,111.430000,111.430000,111.420000,111.420000
1292452740,111.410000,111.430000,111.410000,111.420000
1292452800,111.430000,111.430000,111.410000,111.420000
1292452860,111.410000,111.450000,111.410000,111.430000
1292452920,111.420000,111.420000,111.410000,111.410000
1292452980,111.420000,111.430000,111.420000,111.430000
1292453040,111.440000,111.440000,111.430000,111.430000
1292453100,111.440000,111.470000,111.430000,111.460000
1292453160,111.450000,111.450000,111.430000,111.440000
1292453220,111.450000,111.460000,111.450000,111.450000
1292453280,111.470000,111.480000,111.450000,111.450000
1292453340,111.440000,111.450000,111.440000,111.450000
1292453400,111.460000,111.480000,111.450000,111.470000
1292453460,111.480000,111.480000,111.470000,111.480000
1292453520,111.470000,111.480000,111.470000,111.470000
1292453580,111.480000,111.480000,111.470000,111.470000
1292453640,111.460000,111.480000,111.460000,111.480000
1292453700,111.470000,111.480000,111.460000,111.460000
1292453760,111.450000,111.460000,111.450000,111.450000
1292453880,111.460000,111.460000,111.440000,111.450000
1292453940,111.440000,111.440000,111.430000,111.440000
1292454000,111.430000,111.470000,111.420000,111.430000
1292454060,111.420000,111.440000,111.420000,111.440000
1292454120,111.430000,111.470000,111.430000,111.460000
1292454180,111.450000,111.480000,111.450000,111.480000
1292454240,111.470000,111.480000,111.470000,111.470000
1292454300,111.480000,111.480000,111.450000,111.450000
1292454360,111.460000,111.460000,111.450000,111.450000
1292454420,111.440000,111.450000,111.440000,111.440000
1292454480,111.450000,111.450000,111.440000,111.450000
1292454540,111.440000,111.450000,111.440000,111.450000
1292454600,111.440000,111.450000,111.440000,111.440000
1292454660,111.430000,111.440000,111.410000,111.430000
1292454720,111.440000,111.440000,111.410000,111.420000
1292454780,111.410000,111.420000,111.410000,111.420000
1292454840,111.430000,111.430000,111.420000,111.420000
1292454900,111.410000,111.430000,111.410000,111.430000
1292454960,111.440000,111.450000,111.440000,111.440000
1292455020,111.450000,111.450000,111.440000,111.440000
1292455080,111.450000,111.500000,111.450000,111.460000
1292455140,111.470000,111.490000,111.470000,111.490000
1292455200,111.500000,111.510000,111.490000,111.500000
1292455260,111.510000,111.510000,111.500000,111.510000
1292455320,111.500000,111.510000,111.500000,111.510000
1292455380,111.500000,111.500000,111.460000,111.460000
1292455440,111.470000,111.480000,111.460000,111.480000
1292455500,111.470000,111.470000,111.460000,111.470000
1292455620,111.460000,111.470000,111.450000,111.460000
1292455680,111.470000,111.480000,111.460000,111.480000
1292455740,111.470000,111.470000,111.460000,111.460000
1292455800,111.450000,111.450000,111.430000,111.440000
1292455860,111.450000,111.460000,111.440000,111.450000
1292455920,111.440000,111.450000,111.430000,111.430000
1292455980,111.420000,111.440000,111.420000,111.440000
1292456040,111.450000,111.450000,111.420000,111.420000
1292456100,111.430000,111.440000,111.420000,111.440000
1292456160,111.450000,111.450000,111.440000,111.450000
1292456220,111.430000,111.440000,111.430000,111.440000
1292456280,111.430000,111.440000,111.430000,111.430000
1292456340,111.440000,111.440000,111.430000,111.440000
1292456400,111.430000,111.440000,111.430000,111.430000
1292456460,111.440000,111.440000,111.420000,111.430000
1292456580,111.440000,111.450000,111.440000,111.440000
1292456640,111.450000,111.460000,111.430000,111.460000
1292456700,111.450000,111.450000,111.440000,111.440000
1292456760,111.430000,111.440000,111.430000,111.440000
1292456820,111.430000,111.440000,111.420000,111.420000
1292456880,111.430000,111.440000,111.410000,111.440000
1292456940,111.450000,111.450000,111.440000,111.450000
1292457000,111.440000,111.440000,111.420000,111.420000
1292457060,111.410000,111.410000,111.400000,111.410000
1292457120,111.420000,111.430000,111.410000,111.430000
1292457180,111.420000,111.430000,111.410000,111.420000
1292457240,111.410000,111.420000,111.410000,111.410000
1292457300,111.420000,111.420000,111.410000,111.420000
1292457360,111.410000,111.430000,111.410000,111.420000
1292457420,111.410000,111.430000,111.410000,111.430000
1292457480,111.440000,111.450000,111.420000,111.430000
1292457540,111.440000,111.440000,111.440000,111.440000
1292457600,111.450000,111.450000,111.430000,111.430000
1292457660,111.440000,111.450000,111.420000,111.440000
1292457780,111.450000,111.460000,111.450000,111.450000
1292457840,111.440000,111.460000,111.440000,111.460000
1292457900,111.450000,111.450000,111.430000,111.430000
1292457960,111.420000,111.430000,111.410000,111.420000
1292458020,111.410000,111.430000,111.410000,111.430000
1292458080,111.420000,111.430000,111.400000,111.410000
1292458140,111.400000,111.440000,111.400000,111.440000
1292458200,111.460000,111.460000,111.440000,111.440000
1292458260,111.430000,111.450000,111.410000,111.410000
1292458320,111.400000,111.430000,111.400000,111.430000
1292458380,111.420000,111.420000,111.410000,111.420000
1292458440,111.410000,111.430000,111.410000,111.420000
1292458500,111.410000,111.420000,111.390000,111.400000
1292458560,111.410000,111.430000,111.400000,111.420000
1292458620,111.430000,111.430000,111.410000,111.420000
1292458680,111.410000,111.420000,111.410000,111.410000
1292458740,111.400000,111.410000,111.400000,111.400000
1292458800,111.390000,111.400000,111.390000,111.400000
1292458860,111.390000,111.400000,111.390000,111.400000
1292458920,111.390000,111.390000,111.390000,111.390000
1292458980,111.400000,111.400000,111.380000,111.380000
1292459040,111.370000,111.390000,111.370000,111.390000
1292459100,111.380000,111.400000,111.380000,111.390000
1292459160,111.380000,111.400000,111.380000,111.390000
1292459220,111.380000,111.390000,111.380000,111.380000
1292459280,111.390000,111.410000,111.390000,111.410000
1292459340,111.420000,111.430000,111.410000,111.410000
1292459400,111.420000,111.420000,111.400000,111.410000
1292459460,111.400000,111.410000,111.400000,111.410000
1292459520,111.420000,111.420000,111.400000,111.400000
1292459580,111.410000,111.410000,111.400000,111.400000
1292459640,111.390000,111.410000,111.380000,111.410000
1292459700,111.400000,111.430000,111.390000,111.410000
1292459760,111.400000,111.410000,111.390000,111.410000
1292459820,111.400000,111.410000,111.390000,111.410000
1292459880,111.400000,111.400000,111.380000,111.390000
1292459940,111.400000,111.420000,111.380000,111.410000
1292460000,111.420000,111.430000,111.410000,111.420000
1292460060,111.430000,111.440000,111.400000,111.400000
1292460120,111.410000,111.410000,111.400000,111.410000
1292460180,111.400000,111.410000,111.390000,111.400000
1292460240,111.410000,111.420000,111.400000,111.400000
1292460300,111.410000,111.410000,111.390000,111.390000
1292460360,111.400000,111.410000,111.400000,111.400000
1292460420,111.410000,111.410000,111.390000,111.400000
1292460480,111.410000,111.410000,111.390000,111.390000
1292460540,111.400000,111.410000,111.400000,111.410000
1292460600,111.400000,111.410000,111.400000,111.400000
1292460660,111.410000,111.410000,111.400000,111.410000
1292460720,111.400000,111.410000,111.390000,111.400000
1292460780,111.390000,111.400000,111.380000,111.380000
1292460840,111.370000,111.430000,111.350000,111.430000
1292460900,111.420000,111.420000,111.380000,111.380000
1292460960,111.390000,111.390000,111.380000,111.390000
1292461020,111.380000,111.400000,111.360000,111.400000
1292461080,111.390000,111.400000,111.390000,111.400000
1292461140,111.390000,111.390000,111.370000,111.380000
1292461200,111.390000,111.400000,111.370000,111.370000
1292461260,111.360000,111.360000,111.350000,111.350000
1292461320,111.360000,111.380000,111.360000,111.380000
1292461380,111.370000,111.410000,111.370000,111.400000
1292461440,111.410000,111.430000,111.390000,111.390000
1292461500,111.400000,111.420000,111.390000,111.410000
1292461560,111.400000,111.420000,111.390000,111.410000
1292461620,111.420000,111.430000,111.410000,111.430000
1292461680,111.420000,111.440000,111.420000,111.440000
1292461740,111.450000,111.450000,111.440000,111.440000
1292461800,111.430000,111.440000,111.420000,111.420000
1292461860,111.430000,111.440000,111.420000,111.430000
1292461920,111.440000,111.440000,111.420000,111.420000
1292461980,111.430000,111.440000,111.430000,111.440000
1292462040,111.450000,111.450000,111.440000,111.440000
1292462100,111.430000,111.440000,111.430000,111.440000
1292462160,111.430000,111.440000,111.430000,111.430000
1292462220,111.420000,111.420000,111.410000,111.420000
1292462280,111.410000,111.420000,111.400000,111.400000
1292462340,111.410000,111.410000,111.390000,111.390000
1292462400,111.380000,111.390000,111.380000,111.380000
1292462460,111.370000,111.380000,111.370000,111.370000
1292462520,111.380000,111.380000,111.370000,111.370000
1292462580,111.380000,111.390000,111.380000,111.380000
1292462640,111.390000,111.400000,111.380000,111.390000
1292462700,111.400000,111.400000,111.400000,111.400000
1292462820,111.410000,111.410000,111.400000,111.410000
1292462880,111.420000,111.420000,111.400000,111.400000
1292462940,111.410000,111.410000,111.400000,111.410000
1292463000,111.420000,111.420000,111.420000,111.420000
1292463060,111.410000,111.420000,111.410000,111.420000
1292463120,111.410000,111.430000,111.410000,111.410000
1292463180,111.420000,111.430000,111.400000,111.410000
1292463240,111.400000,111.410000,111.380000,111.390000
1292463300,111.380000,111.400000,111.380000,111.400000
1292463360,111.390000,111.400000,111.390000,111.400000
1292463420,111.390000,111.430000,111.390000,111.390000
1292463480,111.380000,111.400000,111.380000,111.390000
1292463540,111.380000,111.390000,111.380000,111.390000
1292463600,111.380000,111.390000,111.380000,111.390000
1292463660,111.380000,111.390000,111.370000,111.380000
1292463720,111.370000,111.390000,111.350000,111.360000
1292463780,111.370000,111.380000,111.360000,111.360000
1292463900,111.350000,111.360000,111.340000,111.350000
1292463960,111.340000,111.370000,111.340000,111.360000
1292464020,111.370000,111.370000,111.360000,111.360000
1292464080,111.370000,111.380000,111.360000,111.370000
1292464140,111.380000,111.380000,111.350000,111.360000
1292464200,111.350000,111.370000,111.350000,111.350000
1292464260,111.360000,111.360000,111.350000,111.350000
1292464320,111.360000,111.360000,111.350000,111.350000
1292464380,111.360000,111.360000,111.350000,111.360000
1292464440,111.350000,111.370000,111.350000,111.370000
1292464500,111.360000,111.380000,111.360000,111.370000
1292464560,111.380000,111.400000,111.370000,111.390000
1292464620,111.380000,111.390000,111.380000,111.390000
1292464680,111.380000,111.420000,111.380000,111.410000
1292464800,111.400000,111.430000,111.400000,111.410000
1292464860,111.420000,111.430000,111.400000,111.410000
1292464920,111.400000,111.410000,111.390000,111.400000
1292464980,111.390000,111.410000,111.390000,111.400000
1292465040,111.410000,111.410000,111.410000,111.410000
1292465100,111.420000,111.430000,111.420000,111.430000
1292465160,111.420000,111.420000,111.400000,111.400000
1292465280,111.410000,111.410000,111.390000,111.400000
1292465340,111.390000,111.390000,111.380000,111.390000
1292465400,111.380000,111.400000,111.380000,111.400000
1292465460,111.390000,111.400000,111.370000,111.380000
1292465520,111.390000,111.390000,111.360000,111.390000
1292465580,111.380000,111.380000,111.360000,111.360000
1292465640,111.370000,111.390000,111.360000,111.380000
1292465700,111.370000,111.390000,111.350000,111.380000
1292465760,111.370000,111.380000,111.360000,111.360000
1292465820,111.370000,111.370000,111.360000,111.360000
1292465880,111.370000,111.370000,111.370000,111.370000
1292465940,111.360000,111.360000,111.350000,111.350000
1292466000,111.340000,111.350000,111.340000,111.350000
1292466060,111.360000,111.360000,111.340000,111.340000
1292466120,111.360000,111.360000,111.340000,111.350000
1292466180,111.340000,111.350000,111.320000,111.330000
1292466240,111.340000,111.340000,111.320000,111.330000
1292466300,111.320000,111.330000,111.320000,111.330000
1292466360,111.340000,111.340000,111.330000,111.340000
1292466420,111.350000,111.350000,111.330000,111.340000
1292466480,111.330000,111.340000,111.320000,111.330000
1292466540,111.320000,111.330000,111.300000,111.300000
1292466600,111.310000,111.330000,111.310000,111.310000
1292466660,111.300000,111.300000,111.300000,111.300000
1292466720,111.290000,111.300000,111.290000,111.300000
1292466840,111.310000,111.310000,111.290000,111.300000
1292466900,111.290000,111.290000,111.290000,111.290000
1292467020,111.300000,111.310000,111.300000,111.300000
1292467080,111.290000,111.310000,111.290000,111.300000
1292467140,111.310000,111.320000,111.300000,111.310000
1292467200,111.320000,111.320000,111.310000,111.320000
1292467260,111.310000,111.320000,111.310000,111.320000
1292467320,111.310000,111.310000,111.300000,111.310000
1292467380,111.320000,111.320000,111.310000,111.310000
1292467440,111.300000,111.310000,111.300000,111.310000
1292467500,111.300000,111.310000,111.300000,111.310000
1292467560,111.290000,111.310000,111.280000,111.280000
1292467620,111.300000,111.310000,111.290000,111.290000
1292467680,111.300000,111.300000,111.280000,111.300000
1292467740,111.290000,111.290000,111.260000,111.270000
1292467800,111.260000,111.280000,111.250000,111.260000
1292467860,111.250000,111.260000,111.250000,111.260000
1292467920,111.270000,111.270000,111.250000,111.260000
1292467980,111.270000,111.270000,111.260000,111.270000
1292468040,111.260000,111.260000,111.260000,111.260000
1292468100,111.270000,111.270000,111.260000,111.260000
1292468160,111.250000,111.260000,111.250000,111.250000
1292468220,111.240000,111.250000,111.240000,111.240000
1292468280,111.250000,111.260000,111.250000,111.260000
1292468340,111.250000,111.260000,111.250000,111.260000
1292468400,111.250000,111.260000,111.250000,111.250000
1292468460,111.260000,111.300000,111.250000,111.300000
1292468520,111.290000,111.290000,111.280000,111.290000
1292468580,111.280000,111.290000,111.270000,111.280000
1292468640,111.270000,111.280000,111.260000,111.270000
1292468700,111.280000,111.280000,111.260000,111.270000
1292468760,111.260000,111.270000,111.250000,111.260000
1292468820,111.250000,111.260000,111.240000,111.240000
1292468880,111.230000,111.250000,111.220000,111.240000
1292468940,111.230000,111.250000,111.230000,111.240000
1292469000,111.250000,111.260000,111.240000,111.250000
1292469060,111.260000,111.260000,111.250000,111.250000
1292469120,111.240000,111.260000,111.240000,111.250000
1292469180,111.260000,111.280000,111.260000,111.280000
1292469240,111.290000,111.290000,111.260000,111.280000
1292469300,111.270000,111.290000,111.270000,111.280000
1292469360,111.290000,111.300000,111.290000,111.290000
1292469420,111.280000,111.290000,111.280000,111.290000
1292469480,111.280000,111.290000,111.270000,111.280000
1292469540,111.270000,111.280000,111.260000,111.270000
1292469600,111.280000,111.280000,111.260000,111.270000
1292469660,111.280000,111.300000,111.270000,111.300000
1292469720,111.290000,111.290000,111.280000,111.280000
1292469780,111.290000,111.290000,111.240000,111.250000
1292469840,111.240000,111.270000,111.240000,111.260000
1292469900,111.250000,111.270000,111.250000,111.260000
1292469960,111.270000,111.280000,111.250000,111.260000
1292470020,111.250000,111.270000,111.250000,111.270000
1292470080,111.260000,111.270000,111.260000,111.270000
1292470140,111.280000,111.280000,111.270000,111.270000
1292470200,111.280000,111.280000,111.260000,111.260000
1292470260,111.250000,111.270000,111.250000,111.260000
1292470380,111.270000,111.270000,111.270000,111.270000
1292470440,111.260000,111.270000,111.240000,111.250000
1292470500,111.240000,111.250000,111.230000,111.240000
1292470560,111.250000,111.260000,111.250000,111.260000
1292470620,111.270000,111.290000,111.270000,111.280000
1292470680,111.290000,111.300000,111.280000,111.300000
1292470740,111.290000,111.300000,111.270000,111.270000
1292470800,111.280000,111.280000,111.270000,111.280000
1292470860,111.270000,111.280000,111.260000,111.260000
1292470920,111.250000,111.270000,111.250000,111.260000
1292470980,111.270000,111.270000,111.270000,111.270000
1292471040,111.280000,111.280000,111.270000,111.280000
1292471160,111.290000,111.290000,111.290000,111.290000
1292471220,111.280000,111.290000,111.280000,111.290000
1292471280,111.280000,111.290000,111.280000,111.290000
1292471400,111.300000,111.300000,111.300000,111.300000
1292471460,111.290000,111.310000,111.290000,111.310000
1292471580,111.320000,111.320000,111.290000,111.290000
1292471700,111.300000,111.300000,111.290000,111.300000
1292471760,111.290000,111.300000,111.270000,111.270000
1292471820,111.280000,111.280000,111.270000,111.280000
1292471880,111.270000,111.280000,111.270000,111.280000
1292472060,111.310000,111.310000,111.300000,111.300000
1292472120,111.310000,111.310000,111.310000,111.310000
1292472240,111.320000,111.320000,111.310000,111.320000
1292472300,111.310000,111.310000,111.300000,111.310000
1292472360,111.300000,111.320000,111.300000,111.320000
1292472420,111.310000,111.310000,111.280000,111.290000
1292472480,111.280000,111.290000,111.280000,111.290000
1292472540,111.280000,111.290000,111.280000,111.290000
1292472600,111.280000,111.290000,111.280000,111.290000
1292472660,111.300000,111.310000,111.300000,111.310000
1292472720,111.300000,111.300000,111.290000,111.300000
1292472780,111.290000,111.300000,111.280000,111.300000
1292472840,111.310000,111.310000,111.300000,111.300000
1292472900,111.310000,111.310000,111.300000,111.300000
1292472960,111.310000,111.310000,111.300000,111.310000
1292473020,111.320000,111.320000,111.310000,111.320000
1292473080,111.310000,111.310000,111.310000,111.310000
1292473140,111.300000,111.310000,111.300000,111.310000
1292473200,111.300000,111.300000,111.290000,111.290000
1292473260,111.280000,111.280000,111.270000,111.270000
1292473320,111.280000,111.280000,111.280000,111.280000
1292473380,111.290000,111.300000,111.290000,111.290000
1292473440,111.300000,111.300000,111.290000,111.290000
1292473500,111.300000,111.310000,111.300000,111.300000
1292473560,111.310000,111.320000,111.300000,111.310000
1292473620,111.320000,111.320000,111.310000,111.310000
1292473680,111.300000,111.310000,111.300000,111.310000
1292473740,111.300000,111.310000,111.300000,111.300000
1292473800,111.310000,111.310000,111.300000,111.300000
1292473920,111.290000,111.310000,111.290000,111.310000
1292474100,111.300000,111.310000,111.300000,111.300000
1292474160,111.290000,111.300000,111.290000,111.290000
1292474220,111.280000,111.290000,111.280000,111.280000
1292474280,111.290000,111.300000,111.290000,111.300000
1292474340,111.290000,111.300000,111.290000,111.290000
1292474400,111.300000,111.310000,111.290000,111.310000
1292474460,111.300000,111.330000,111.300000,111.320000
1292474520,111.330000,111.330000,111.320000,111.320000
1292474580,111.310000,111.330000,111.310000,111.320000
1292474640,111.330000,111.330000,111.320000,111.320000
1292474700,111.310000,111.320000,111.310000,111.310000
1292474760,111.300000,111.310000,111.300000,111.310000
1292474820,111.320000,111.330000,111.310000,111.330000
1292474880,111.320000,111.330000,111.320000,111.330000
1292474940,111.340000,111.340000,111.330000,111.340000
1292475000,111.330000,111.340000,111.330000,111.330000
1292475060,111.320000,111.340000,111.320000,111.330000
1292475120,111.320000,111.320000,111.320000,111.320000
1292475180,111.310000,111.320000,111.310000,111.320000
1292475240,111.330000,111.330000,111.320000,111.320000
1292475300,111.330000,111.330000,111.330000,111.330000
1292475360,111.320000,111.320000,111.320000,111.320000
1292475420,111.330000,111.330000,111.310000,111.310000
1292475480,111.320000,111.320000,111.320000,111.320000
1292475540,111.310000,111.310000,111.310000,111.310000
