time,open,high,low,close
1353906000,0.808720,0.808750,0.808720,0.808740
1353906060,0.808750,0.808820,0.808750,0.808820
1353906120,0.808810,0.808830,0.808810,0.808830
1353906180,0.808850,0.808850,0.808820,0.808830
1353906240,0.808840,0.808880,0.808840,0.808880
1353906300,0.808890,0.808890,0.808860,0.808860
1353906360,0.808870,0.808870,0.808790,0.808790
1353906420,0.808780,0.808800,0.808750,0.808800
1353906480,0.808790,0.808790,0.808780,0.808790
1353906540,0.808780,0.808790,0.808710,0.808720
1353906660,0.808730,0.808730,0.808730,0.808730
1353906720,0.808740,0.808740,0.808700,0.808720
1353906780,0.808690,0.808720,0.808690,0.808720
1353906840,0.808710,0.808710,0.808690,0.808690
1353906900,0.808670,0.808670,0.808670,0.808670
1353906960,0.808680,0.808730,0.808680,0.808700
1353907020,0.808720,0.808760,0.808690,0.808730
1353907080,0.808740,0.808790,0.808730,0.808770
1353907140,0.808760,0.808760,0.808720,0.808720
1353907200,0.808730,0.808730,0.808720,0.808730
1353907260,0.808740,0.808760,0.808720,0.808720
1353907320,0.808730,0.808750,0.808680,0.808730
1353907380,0.808740,0.808780,0.808690,0.808690
1353907440,0.808670,0.808670,0.808530,0.808530
1353907500,0.808540,0.808680,0.808540,0.808670
1353907560,0.808680,0.808690,0.808680,0.808690
1353907620,0.808680,0.808680,0.808520,0.808530
1353907680,0.808520,0.808530,0.808480,0.808510
1353907740,0.808520,0.808530,0.808510,0.808520
1353907800,0.808510,0.808510,0.808470,0.808480
1353907860,0.808500,0.808510,0.808500,0.808510
1353907920,0.808520,0.808530,0.808520,0.808530
1353907980,0.808520,0.808530,0.808520,0.808520
1353908040,0.808530,0.808530,0.808530,0.808530
1353908160,0.808540,0.808540,0.808540,0.808540
1353908220,0.808550,0.808570,0.808550,0.808550
1353908280,0.808570,0.808580,0.808550,0.808570
1353908340,0.808560,0.808560,0.808530,0.808540
1353908400,0.808530,0.808530,0.808490,0.808520
1353908460,0.808500,0.808550,0.808500,0.808550
1353908520,0.808570,0.808580,0.808570,0.808580
1353908580,0.808590,0.808610,0.808590,0.808600
1353908640,0.808610,0.808610,0.808610,0.808610
1353908700,0.808630,0.808630,0.808630,0.808630
1353908760,0.808610,0.808610,0.808610,0.808610
1353908820,0.808620,0.808620,0.808620,0.808620
1353908880,0.808630,0.808650,0.808620,0.808640
1353908940,0.808650,0.808660,0.808640,0.808640
1353909000,0.808650,0.808650,0.808640,0.808640
1353909060,0.808630,0.808630,0.808600,0.808600
1353909120,0.808610,0.808610,0.808510,0.808510
1353909180,0.808520,0.808600,0.808520,0.808600
1353909240,0.808610,0.808630,0.808610,0.808630
1353909300,0.808640,0.808640,0.808590,0.808600
1353909360,0.808590,0.808620,0.808590,0.808620
1353909420,0.808600,0.808600,0.808590,0.808600
1353909480,0.808610,0.808620,0.808590,0.808610
1353909540,0.808640,0.808720,0.808640,0.808670
1353909600,0.808660,0.808660,0.808650,0.808660
1353909660,0.808670,0.808690,0.808670,0.808680
1353909720,0.808690,0.808690,0.808680,0.808680
1353909780,0.808690,0.808690,0.808690,0.808690
1353909840,0.808680,0.808690,0.808660,0.808660
1353909900,0.808640,0.808650,0.808640,0.808650
1353909960,0.808670,0.808740,0.808670,0.808730
1353910020,0.808720,0.808720,0.808690,0.808690
1353910080,0.808680,0.808690,0.808640,0.808690
1353910140,0.808680,0.808780,0.808680,0.808780
1353910200,0.808800,0.808800,0.808790,0.808790
1353910260,0.808780,0.808780,0.808730,0.808770
1353910320,0.808790,0.808810,0.808790,0.808790
1353910440,0.808750,0.808770,0.808720,0.808770
1353910560,0.808750,0.808800,0.808750,0.808790
1353910620,0.808780,0.808780,0.808780,0.808780
1353910680,0.808790,0.808800,0.808660,0.808660
1353910740,0.808650,0.808670,0.808610,0.808670
1353910800,0.808690,0.808690,0.808670,0.808670
1353910860,0.808650,0.808650,0.808600,0.808650
1353910920,0.808640,0.808640,0.808590,0.808590
1353910980,0.808580,0.808580,0.808490,0.808500
1353911040,0.808510,0.808560,0.808510,0.808560
1353911100,0.808570,0.808610,0.808530,0.808530
1353911160,0.808540,0.808570,0.808410,0.808410
1353911220,0.808420,0.808420,0.808320,0.808320
1353911280,0.808310,0.808360,0.808290,0.808310
1353911340,0.808290,0.808320,0.808250,0.808260
1353911400,0.808250,0.808250,0.808140,0.808150
1353911460,0.808160,0.808290,0.808140,0.808290
1353911520,0.808300,0.808350,0.808280,0.808290
1353911580,0.808310,0.808390,0.808300,0.808370
1353911640,0.808320,0.808320,0.808260,0.808270
1353911700,0.808280,0.808280,0.808140,0.808160
1353911760,0.808170,0.808190,0.808100,0.808100
1353911820,0.808090,0.808130,0.808060,0.808110
1353911880,0.808130,0.808180,0.808110,0.808160
1353911940,0.808170,0.808200,0.808170,0.808190
1353912000,0.808180,0.808210,0.808180,0.808200
1353912060,0.808210,0.808230,0.808200,0.808230
1353912120,0.808260,0.808280,0.808190,0.808230
1353912180,0.808240,0.808240,0.808210,0.808210
1353912240,0.808220,0.808280,0.808220,0.808250
1353912300,0.808210,0.808230,0.808210,0.808230
1353912360,0.808240,0.808330,0.808240,0.808330
1353912420,0.808320,0.808370,0.808270,0.808300
1353912480,0.808290,0.808290,0.808170,0.808210
1353912540,0.808220,0.808280,0.808220,0.808260
1353912600,0.808250,0.808330,0.808250,0.808330
1353912660,0.808320,0.808370,0.808260,0.808370
1353912720,0.808360,0.808450,0.808360,0.808440
1353912780,0.808430,0.808440,0.808400,0.808400
1353912840,0.808390,0.808440,0.808380,0.808430
1353912900,0.808420,0.808440,0.808400,0.808440
1353912960,0.808450,0.808730,0.808450,0.808720
1353913020,0.808740,0.808750,0.808640,0.808640
1353913080,0.808610,0.808680,0.808610,0.808650
1353913140,0.808670,0.808690,0.808660,0.808680
1353913200,0.808670,0.808700,0.808600,0.808650
1353913260,0.808670,0.808790,0.808670,0.808790
1353913320,0.808800,0.808800,0.808740,0.808750
1353913380,0.808740,0.808770,0.808700,0.808720
1353913440,0.808730,0.808730,0.808620,0.808630
1353913500,0.808600,0.808610,0.808560,0.808600
1353913560,0.808590,0.808590,0.808510,0.808510
1353913620,0.808500,0.808540,0.808490,0.808540
1353913680,0.808550,0.808670,0.808550,0.808670
1353913740,0.808650,0.808670,0.808570,0.808650
1353913800,0.808670,0.808720,0.808640,0.808650
1353913860,0.808660,0.808800,0.808660,0.808800
1353913920,0.808790,0.808790,0.808690,0.808690
1353913980,0.808720,0.808720,0.808670,0.808690
1353914040,0.808700,0.808820,0.808700,0.808820
1353914100,0.808780,0.808790,0.808660,0.808670
1353914160,0.808660,0.808740,0.808630,0.808700
1353914220,0.808690,0.808830,0.808680,0.808830
1353914280,0.808840,0.808840,0.808730,0.808750
1353914340,0.808760,0.808840,0.808750,0.808840
1353914400,0.808850,0.809020,0.808850,0.808890
1353914460,0.808910,0.808950,0.808850,0.808860
1353914520,0.808850,0.808880,0.808850,0.808870
1353914580,0.808880,0.808910,0.808860,0.808890
1353914640,0.808880,0.808880,0.808770,0.808870
1353914700,0.808860,0.808880,0.808850,0.808860
1353914760,0.808880,0.808910,0.808860,0.808900
1353914820,0.808910,0.809170,0.808910,0.809030
1353914880,0.809040,0.809150,0.808960,0.809050
1353914940,0.809020,0.809050,0.808970,0.809050
1353915000,0.809040,0.809250,0.809040,0.809230
1353915060,0.809210,0.809530,0.809210,0.809320
1353915120,0.809330,0.809380,0.809280,0.809300
1353915180,0.809310,0.809330,0.809280,0.809310
1353915240,0.809320,0.809440,0.809300,0.809380
1353915300,0.809370,0.809680,0.809370,0.809680
1353915360,0.809640,0.809640,0.809460,0.809510
1353915420,0.809500,0.809500,0.809330,0.809390
1353915480,0.809400,0.809560,0.809400,0.809520
1353915540,0.809510,0.809620,0.809490,0.809600
1353915600,0.809590,0.809590,0.809480,0.809480
1353915660,0.809490,0.809540,0.809440,0.809530
1353915720,0.809510,0.809510,0.809430,0.809430
1353915780,0.809440,0.809450,0.809250,0.809310
1353915840,0.809300,0.809360,0.809280,0.809330
1353915900,0.809320,0.809340,0.809300,0.809300
1353915960,0.809320,0.809350,0.809260,0.809350
1353916020,0.809340,0.809370,0.809300,0.809340
1353916080,0.809350,0.809390,0.809290,0.809290
1353916140,0.809280,0.809330,0.809280,0.809310
1353916200,0.809300,0.809300,0.809090,0.809110
1353916260,0.809120,0.809240,0.809070,0.809150
1353916320,0.809140,0.809200,0.809130,0.809200
1353916380,0.809220,0.809360,0.809200,0.809210
1353916440,0.809230,0.809240,0.809190,0.809210
1353916500,0.809190,0.809190,0.809050,0.809090
1353916560,0.809110,0.809110,0.809060,0.809070
1353916620,0.809080,0.809140,0.809080,0.809130
1353916680,0.809150,0.809350,0.809150,0.809340
1353916740,0.809350,0.809410,0.809230,0.809240
1353916800,0.809230,0.809240,0.809150,0.809210
1353916860,0.809230,0.809230,0.809060,0.809150
1353916920,0.809160,0.809370,0.809130,0.809350
1353916980,0.809340,0.809370,0.809250,0.809290
1353917040,0.809300,0.809470,0.809270,0.809450
1353917100,0.809440,0.809510,0.809360,0.809480
1353917160,0.809470,0.809490,0.809430,0.809440
1353917220,0.809430,0.809630,0.809410,0.809620
1353917280,0.809610,0.809650,0.809550,0.809570
1353917340,0.809580,0.809600,0.809520,0.809590
1353917400,0.809580,0.809610,0.809540,0.809570
1353917460,0.809550,0.809570,0.809510,0.809570
1353917520,0.809560,0.809640,0.809520,0.809540
1353917580,0.809550,0.809640,0.809550,0.809640
1353917640,0.809630,0.809640,0.809590,0.809620
1353917700,0.809640,0.809780,0.809630,0.809710
1353917760,0.809690,0.809730,0.809590,0.809610
1353917820,0.809630,0.809690,0.809630,0.809630
1353917880,0.809620,0.809660,0.809590,0.809650
1353917940,0.809640,0.809650,0.809510,0.809560
1353918000,0.809570,0.809650,0.809550,0.809650
1353918060,0.809660,0.809730,0.809630,0.809720
1353918120,0.809710,0.809780,0.809670,0.809700
1353918180,0.809690,0.809770,0.809680,0.809770
1353918240,0.809780,0.809840,0.809700,0.809730
1353918300,0.809720,0.809740,0.809660,0.809740
1353918360,0.809750,0.809910,0.809750,0.809910
1353918420,0.809900,0.809930,0.809840,0.809900
1353918480,0.809890,0.809890,0.809820,0.809830
1353918540,0.809850,0.809850,0.809730,0.809740
1353918600,0.809750,0.809750,0.809660,0.809700
1353918660,0.809690,0.809720,0.809640,0.809670
1353918720,0.809660,0.809690,0.809630,0.809640
1353918780,0.809630,0.809660,0.809610,0.809630
1353918840,0.809620,0.809640,0.809600,0.809610
1353918900,0.809620,0.809650,0.809600,0.809600
1353918960,0.809610,0.809610,0.809510,0.809530
1353919020,0.809540,0.809540,0.809520,0.809540
1353919080,0.809530,0.809540,0.809430,0.809460
1353919140,0.809480,0.809480,0.809330,0.809330
1353919200,0.809340,0.809420,0.809340,0.809400
1353919260,0.809410,0.809410,0.809270,0.809290
1353919320,0.809300,0.809360,0.809230,0.809350
1353919380,0.809360,0.809370,0.809200,0.809210
1353919440,0.809220,0.809280,0.809150,0.809230
1353919500,0.809220,0.809270,0.809200,0.809260
1353919560,0.809250,0.809270,0.809210,0.809210
1353919620,0.809200,0.809200,0.809160,0.809180
1353919680,0.809190,0.809190,0.809040,0.809110
1353919740,0.809120,0.809170,0.809090,0.809100
1353919800,0.809130,0.809220,0.809050,0.809160
1353919860,0.809170,0.809300,0.809160,0.809160
1353919920,0.809180,0.809180,0.809110,0.809160
1353919980,0.809180,0.809180,0.809100,0.809160
1353920040,0.809150,0.809150,0.809070,0.809080
1353920100,0.809090,0.809090,0.809010,0.809030
1353920160,0.809040,0.809180,0.809000,0.809180
1353920220,0.809170,0.809170,0.809030,0.809080
1353920280,0.809070,0.809150,0.809040,0.809090
1353920340,0.809100,0.809170,0.808980,0.809030
1353920400,0.809020,0.809030,0.808830,0.809030
1353920460,0.809060,0.809080,0.809010,0.809080
1353920520,0.809090,0.809170,0.808970,0.808970
1353920580,0.808980,0.809100,0.808890,0.809100
1353920640,0.809050,0.809160,0.809030,0.809040
1353920700,0.809030,0.809030,0.808890,0.808920
1353920760,0.808900,0.808980,0.808870,0.808980
1353920820,0.808970,0.808990,0.808920,0.808960
1353920880,0.808950,0.808960,0.808890,0.808890
1353920940,0.808900,0.808930,0.808890,0.808890
1353921000,0.808870,0.808880,0.808780,0.808800
1353921060,0.808790,0.808950,0.808790,0.808940
1353921120,0.808930,0.808960,0.808920,0.808960
1353921180,0.808970,0.809200,0.808970,0.809200
1353921240,0.809190,0.809190,0.809080,0.809110
1353921300,0.809100,0.809100,0.808980,0.809060
1353921360,0.809050,0.809210,0.809010,0.809150
1353921420,0.809160,0.809320,0.809160,0.809250
1353921480,0.809260,0.809320,0.809200,0.809200
1353921540,0.809210,0.809230,0.809130,0.809140
1353921600,0.809150,0.809160,0.809060,0.809110
1353921660,0.809120,0.809120,0.809010,0.809050
1353921720,0.809040,0.809240,0.809030,0.809200
1353921780,0.809180,0.809360,0.809150,0.809300
1353921840,0.809280,0.809280,0.809190,0.809210
1353921900,0.809220,0.809450,0.809190,0.809430
1353921960,0.809410,0.809440,0.809370,0.809440
1353922020,0.809430,0.809460,0.809330,0.809460
1353922080,0.809450,0.809460,0.809320,0.809330
1353922140,0.809320,0.809430,0.809300,0.809390
1353922200,0.809400,0.809400,0.809290,0.809400
1353922260,0.809390,0.809400,0.809290,0.809330
1353922320,0.809310,0.809390,0.809260,0.809370
1353922380,0.809360,0.809370,0.809260,0.809260
1353922440,0.809270,0.809320,0.809230,0.809310
1353922500,0.809280,0.809340,0.809270,0.809300
1353922560,0.809330,0.809330,0.809250,0.809290
1353922620,0.809300,0.809360,0.809280,0.809360
1353922680,0.809350,0.809480,0.809330,0.809440
1353922740,0.809450,0.809520,0.809440,0.809520
1353922800,0.809510,0.809510,0.809420,0.809440
1353922860,0.809450,0.809660,0.809440,0.809650
1353922920,0.809640,0.809640,0.809580,0.809580
1353922980,0.809570,0.809590,0.809470,0.809590
1353923040,0.809580,0.809580,0.809450,0.809460
1353923100,0.809450,0.809500,0.809430,0.809450
1353923160,0.809440,0.809480,0.809400,0.809430
1353923220,0.809420,0.809510,0.809420,0.809490
1353923280,0.809500,0.809560,0.809490,0.809530
1353923340,0.809540,0.809620,0.809450,0.809500
1353923400,0.809480,0.809550,0.809450,0.809520
1353923460,0.809530,0.809600,0.809530,0.809590
1353923520,0.809580,0.809670,0.809580,0.809630
1353923580,0.809610,0.809620,0.809550,0.809560
1353923640,0.809580,0.809680,0.809580,0.809670
1353923700,0.809680,0.809740,0.809650,0.809650
1353923760,0.809660,0.809690,0.809540,0.809600
1353923820,0.809610,0.809670,0.809560,0.809590
1353923880,0.809580,0.809720,0.809580,0.809720
1353923940,0.809730,0.809880,0.809730,0.809880
1353924000,0.809870,0.809880,0.809820,0.809860
1353924060,0.809880,0.809890,0.809770,0.809830
1353924120,0.809840,0.809840,0.809710,0.809730
1353924180,0.809740,0.809790,0.809740,0.809790
1353924240,0.809780,0.809780,0.809730,0.809730
1353924300,0.809740,0.809820,0.809740,0.809800
1353924360,0.809780,0.809860,0.809780,0.809820
1353924420,0.809840,0.809880,0.809790,0.809880
1353924480,0.809870,0.809930,0.809860,0.809880
1353924540,0.809870,0.809870,0.809330,0.809330
1353924600,0.809340,0.809490,0.809310,0.809490
1353924660,0.809480,0.809480,0.809230,0.809300
1353924720,0.809310,0.809540,0.809290,0.809480
1353924780,0.809490,0.809500,0.809390,0.809430
1353924840,0.809450,0.809560,0.809440,0.809560
1353924900,0.809570,0.809620,0.809500,0.809610
1353924960,0.809590,0.809800,0.809570,0.809690
1353925020,0.809710,0.809730,0.809630,0.809650
1353925080,0.809660,0.809770,0.809660,0.809670
1353925140,0.809660,0.809700,0.809640,0.809670
1353925200,0.809660,0.809680,0.809610,0.809630
1353925260,0.809640,0.809690,0.809630,0.809690
1353925320,0.809680,0.809680,0.809530,0.809550
1353925380,0.809530,0.809610,0.809520,0.809530
1353925440,0.809520,0.809520,0.809300,0.809420
1353925500,0.809430,0.809530,0.809400,0.809530
1353925560,0.809540,0.809580,0.809480,0.809490
1353925620,0.809460,0.809460,0.809360,0.809360
1353925680,0.809370,0.809380,0.809280,0.809340
1353925740,0.809360,0.809430,0.809330,0.809430
1353925800,0.809410,0.809470,0.809400,0.809410
1353925860,0.809420,0.809570,0.809390,0.809410
1353925920,0.809430,0.809430,0.809340,0.809360
1353925980,0.809370,0.809440,0.809350,0.809360
1353926040,0.809370,0.809380,0.809170,0.809210
1353926100,0.809200,0.809240,0.809180,0.809190
1353926160,0.809160,0.809180,0.809120,0.809140
1353926220,0.809150,0.809150,0.809120,0.809120
1353926280,0.809150,0.809170,0.809020,0.809030
1353926340,0.809040,0.809090,0.808940,0.809080
1353926400,0.809060,0.809110,0.809030,0.809040
1353926460,0.809050,0.809110,0.809030,0.809060
1353926520,0.809050,0.809160,0.809050,0.809150
1353926580,0.809140,0.809150,0.809060,0.809080
1353926640,0.809070,0.809150,0.809070,0.809140
1353926700,0.809150,0.809160,0.809120,0.809120
1353926760,0.809140,0.809150,0.809040,0.809040
1353926820,0.809050,0.809060,0.808970,0.808990
1353926880,0.808950,0.809060,0.808940,0.809050
1353926940,0.809040,0.809120,0.809040,0.809070
1353927000,0.809060,0.809150,0.809050,0.809090
1353927060,0.809100,0.809340,0.809100,0.809330
1353927120,0.809320,0.809340,0.809220,0.809270
1353927180,0.809260,0.809360,0.809260,0.809300
1353927240,0.809290,0.809440,0.809290,0.809330
1353927300,0.809340,0.809390,0.809160,0.809160
1353927360,0.809170,0.809360,0.809170,0.809360
1353927420,0.809380,0.809430,0.809380,0.809420
1353927480,0.809410,0.809470,0.809380,0.809390
1353927540,0.809370,0.809370,0.809250,0.809250
1353927600,0.809240,0.809280,0.809240,0.809280
1353927660,0.809270,0.809270,0.809240,0.809250
1353927720,0.809230,0.809350,0.809170,0.809330
1353927780,0.809310,0.809380,0.809310,0.809380
1353927840,0.809410,0.809420,0.809360,0.809410
1353927900,0.809420,0.809540,0.809410,0.809540
1353927960,0.809550,0.809620,0.809370,0.809420
1353928020,0.809400,0.809420,0.809280,0.809280
1353928080,0.809270,0.809270,0.809140,0.809140
1353928140,0.809150,0.809190,0.809060,0.809060
1353928200,0.809080,0.809100,0.809040,0.809060
1353928260,0.809050,0.809080,0.808860,0.808990
1353928320,0.809000,0.809060,0.808970,0.808980
1353928380,0.808990,0.809060,0.808970,0.809050
1353928440,0.809040,0.809040,0.808880,0.808940
1353928500,0.808950,0.808970,0.808760,0.808810
1353928560,0.808800,0.808870,0.808790,0.808860
1353928620,0.808880,0.808990,0.808870,0.808980
1353928680,0.808960,0.809000,0.808940,0.808940
1353928740,0.808930,0.809000,0.808930,0.809000
1353928800,0.808970,0.809010,0.808900,0.808970
1353928860,0.808990,0.809010,0.808980,0.809010
1353928920,0.809020,0.809030,0.808970,0.809020
1353928980,0.809030,0.809230,0.809020,0.809090
1353929040,0.809110,0.809140,0.809000,0.809000
1353929100,0.808980,0.809120,0.808950,0.809060
1353929160,0.809040,0.809090,0.808990,0.809050
1353929220,0.809040,0.809050,0.808990,0.809020
1353929280,0.809000,0.809110,0.808970,0.809090
1353929340,0.809070,0.809120,0.808990,0.809120
1353929400,0.809110,0.809110,0.809070,0.809080
1353929460,0.809110,0.809120,0.809040,0.809090
1353929520,0.809080,0.809090,0.809000,0.809020
1353929580,0.809040,0.809050,0.809030,0.809050
1353929640,0.809060,0.809100,0.809040,0.809050
1353929700,0.809070,0.809160,0.809070,0.809120
1353929760,0.809110,0.809110,0.809040,0.809050
1353929820,0.809040,0.809070,0.809030,0.809070
1353929880,0.809100,0.809140,0.809050,0.809140
1353929940,0.809150,0.809270,0.809150,0.809240
1353930000,0.809230,0.809250,0.809210,0.809210
1353930060,0.809220,0.809240,0.809210,0.809220
1353930120,0.809210,0.809250,0.809200,0.809230
1353930180,0.809270,0.809560,0.809260,0.809520
1353930240,0.809530,0.809540,0.809360,0.809430
1353930300,0.809440,0.809460,0.809350,0.809410
1353930360,0.809430,0.809450,0.809360,0.809370
1353930420,0.809380,0.809450,0.809370,0.809450
1353930480,0.809460,0.809650,0.809440,0.809600
1353930540,0.809580,0.809580,0.809500,0.809520
1353930600,0.809530,0.809570,0.809510,0.809550
1353930660,0.809540,0.809550,0.809440,0.809440
1353930720,0.809430,0.809500,0.809380,0.809380
1353930780,0.809370,0.809450,0.809340,0.809400
1353930840,0.809390,0.809430,0.809310,0.809360
1353930900,0.809370,0.809370,0.809230,0.809270
1353930960,0.809290,0.809350,0.809290,0.809350
1353931020,0.809330,0.809330,0.809170,0.809230
1353931080,0.809240,0.809400,0.809200,0.809390
1353931140,0.809380,0.809440,0.809350,0.809440
1353931200,0.809430,0.809470,0.809370,0.809410
1353931260,0.809400,0.809430,0.809340,0.809430
1353931320,0.809420,0.809470,0.809350,0.809380
1353931380,0.809370,0.809450,0.809350,0.809380
1353931440,0.809390,0.809400,0.809360,0.809370
1353931500,0.809380,0.809430,0.809370,0.809370
1353931560,0.809380,0.809490,0.809340,0.809490
1353931620,0.809480,0.809690,0.809480,0.809660
1353931680,0.809680,0.809750,0.809660,0.809750
1353931740,0.809740,0.809830,0.809740,0.809820
1353931800,0.809830,0.809850,0.809660,0.809660
1353931860,0.809650,0.809650,0.809580,0.809610
1353931920,0.809590,0.809590,0.809520,0.809560
1353931980,0.809570,0.809620,0.809550,0.809610
1353932040,0.809600,0.809600,0.809550,0.809570
1353932100,0.809560,0.809580,0.809560,0.809580
1353932160,0.809590,0.809590,0.809540,0.809550
1353932220,0.809540,0.809550,0.809530,0.809540
1353932280,0.809530,0.809580,0.809530,0.809560
1353932340,0.809580,0.809660,0.809570,0.809660
1353932400,0.809670,0.809690,0.809640,0.809660
1353932460,0.809650,0.809650,0.809550,0.809550
1353932520,0.809540,0.809630,0.809540,0.809570
1353932580,0.809560,0.809570,0.809480,0.809480
1353932640,0.809500,0.809510,0.809500,0.809500
1353932700,0.809510,0.809530,0.809500,0.809510
1353932760,0.809500,0.809510,0.809490,0.809510
1353932820,0.809530,0.809530,0.809440,0.809440
1353932880,0.809450,0.809480,0.809400,0.809410
1353932940,0.809400,0.809410,0.809310,0.809370
1353933000,0.809380,0.809450,0.809350,0.809410
1353933060,0.809420,0.809510,0.809370,0.809480
1353933120,0.809490,0.809590,0.809450,0.809590
1353933180,0.809580,0.809620,0.809560,0.809560
1353933240,0.809540,0.809540,0.809400,0.809400
1353933300,0.809390,0.809440,0.809210,0.809240
1353933360,0.809250,0.809310,0.809240,0.809260
1353933420,0.809270,0.809390,0.809270,0.809370
1353933480,0.809380,0.809430,0.809380,0.809420
1353933540,0.809430,0.809550,0.809420,0.809510
1353933600,0.809500,0.809560,0.809480,0.809490
1353933660,0.809500,0.809530,0.809460,0.809470
1353933720,0.809460,0.809540,0.809370,0.809510
1353933780,0.809500,0.809510,0.809440,0.809440
1353933840,0.809450,0.809460,0.809220,0.809240
1353933900,0.809260,0.809390,0.809140,0.809380
1353933960,0.809390,0.809460,0.809390,0.809400
1353934020,0.809410,0.809490,0.809400,0.809430
1353934080,0.809440,0.809540,0.809400,0.809530
1353934140,0.809520,0.809660,0.809510,0.809640
1353934200,0.809650,0.809730,0.809640,0.809660
1353934260,0.809670,0.809670,0.809630,0.809650
1353934320,0.809670,0.809760,0.809630,0.809650
1353934380,0.809640,0.809690,0.809620,0.809670
1353934440,0.809660,0.809680,0.809530,0.809540
1353934500,0.809530,0.809560,0.809440,0.809450
1353934560,0.809430,0.809450,0.809410,0.809430
1353934620,0.809440,0.809440,0.809350,0.809380
1353934680,0.809390,0.809390,0.809340,0.809350
1353934740,0.809380,0.809580,0.809380,0.809570
1353934800,0.809590,0.809750,0.809590,0.809750
1353934860,0.809740,0.809760,0.809670,0.809670
1353934920,0.809690,0.809690,0.809660,0.809660
1353934980,0.809680,0.809820,0.809680,0.809820
1353935040,0.809810,0.809910,0.809810,0.809810
1353935100,0.809800,0.809820,0.809770,0.809820
1353935160,0.809810,0.809850,0.809800,0.809820
1353935220,0.809800,0.809870,0.809790,0.809800
1353935280,0.809810,0.809830,0.809790,0.809830
1353935340,0.809810,0.809810,0.809750,0.809750
1353935400,0.809740,0.809890,0.809740,0.809880
1353935460,0.809890,0.809900,0.809850,0.809890
1353935520,0.809920,0.809940,0.809840,0.809840
1353935580,0.809830,0.809840,0.809770,0.809770
1353935640,0.809740,0.809820,0.809700,0.809820
1353935700,0.809840,0.809840,0.809740,0.809790
1353935760,0.809800,0.809800,0.809770,0.809780
1353935820,0.809800,0.809820,0.809780,0.809790
1353935880,0.809780,0.809780,0.809740,0.809760
1353935940,0.809770,0.809770,0.809740,0.809750
1353936000,0.809740,0.809810,0.809700,0.809700
1353936060,0.809710,0.809720,0.809670,0.809720
1353936120,0.809740,0.809750,0.809690,0.809700
1353936180,0.809710,0.809720,0.809690,0.809700
1353936240,0.809720,0.809740,0.809660,0.809670
1353936300,0.809640,0.809660,0.809620,0.809650
1353936360,0.809640,0.809640,0.809560,0.809570
1353936420,0.809590,0.809590,0.809490,0.809490
1353936480,0.809500,0.809500,0.809330,0.809340
1353936540,0.809350,0.809420,0.809330,0.809400
1353936600,0.809410,0.809410,0.809300,0.809340
1353936660,0.809350,0.809490,0.809350,0.809420
1353936720,0.809410,0.809440,0.809390,0.809390
1353936780,0.809380,0.809460,0.809380,0.809440
1353936840,0.809450,0.809480,0.809450,0.809480
1353936900,0.809500,0.809510,0.809460,0.809510
1353936960,0.809490,0.809530,0.809440,0.809440
1353937020,0.809450,0.809450,0.809400,0.809410
1353937080,0.809420,0.809500,0.809410,0.809500
1353937140,0.809510,0.809540,0.809430,0.809530
1353937200,0.809510,0.809530,0.809500,0.809500
1353937260,0.809490,0.809550,0.809490,0.809550
1353937320,0.809540,0.809610,0.809540,0.809550
1353937380,0.809570,0.809740,0.809540,0.809740
1353937440,0.809750,0.809850,0.809720,0.809720
1353937500,0.809710,0.809850,0.809710,0.809810
1353937560,0.809830,0.809850,0.809760,0.809800
1353937620,0.809820,0.810030,0.809760,0.810020
1353937680,0.810000,0.810060,0.809980,0.810030
1353937740,0.810020,0.810030,0.809840,0.809850
1353937800,0.809860,0.809930,0.809860,0.809920
1353937860,0.809930,0.809960,0.809920,0.809930
1353937920,0.809920,0.809920,0.809720,0.809720
1353937980,0.809710,0.809800,0.809670,0.809720
1353938040,0.809730,0.809740,0.809700,0.809730
1353938100,0.809720,0.809730,0.809660,0.809710
1353938160,0.809700,0.809790,0.809680,0.809770
1353938220,0.809760,0.809790,0.809740,0.809740
1353938280,0.809770,0.809850,0.809750,0.809840
1353938340,0.809850,0.809900,0.809770,0.809790
1353938400,0.809800,0.809860,0.809800,0.809810
1353938460,0.809820,0.809840,0.809790,0.809810
1353938520,0.809800,0.809800,0.809770,0.809780
1353938580,0.809770,0.809780,0.809660,0.809660
1353938640,0.809670,0.809670,0.809620,0.809620
1353938700,0.809610,0.809620,0.809540,0.809550
1353938760,0.809570,0.809600,0.809520,0.809590
1353938820,0.809580,0.809650,0.809540,0.809580
1353938880,0.809600,0.809630,0.809590,0.809630
1353938940,0.809620,0.809650,0.809580,0.809580
1353939000,0.809620,0.809630,0.809600,0.809610
1353939060,0.809580,0.809600,0.809540,0.809570
1353939120,0.809560,0.809620,0.809560,0.809620
1353939180,0.809630,0.809630,0.809580,0.809580
1353939240,0.809590,0.809680,0.809590,0.809680
1353939300,0.809690,0.809700,0.809630,0.809640
1353939360,0.809630,0.809660,0.809600,0.809600
1353939420,0.809570,0.809590,0.809550,0.809570
1353939480,0.809560,0.809560,0.809530,0.809540
1353939540,0.809550,0.809550,0.809450,0.809470
1353939600,0.809480,0.809520,0.809440,0.809450
1353939660,0.809460,0.809470,0.809340,0.809340
1353939720,0.809330,0.809340,0.809210,0.809220
1353939780,0.809230,0.809350,0.809230,0.809330
1353939840,0.809340,0.809340,0.809250,0.809250
1353939900,0.809260,0.809270,0.809140,0.809180
1353939960,0.809190,0.809270,0.809180,0.809260
1353940020,0.809270,0.809330,0.809250,0.809300
1353940080,0.809310,0.809310,0.809260,0.809280
1353940140,0.809290,0.809300,0.809230,0.809270
1353940200,0.809260,0.809270,0.809150,0.809170
1353940260,0.809180,0.809270,0.809170,0.809250
1353940320,0.809240,0.809260,0.809190,0.809260
1353940380,0.809270,0.809330,0.809270,0.809320
1353940440,0.809330,0.809360,0.809290,0.809360
1353940500,0.809380,0.809450,0.809360,0.809380
1353940560,0.809360,0.809500,0.809340,0.809500
1353940620,0.809490,0.809550,0.809480,0.809510
1353940680,0.809500,0.809510,0.809320,0.809370
1353940740,0.809360,0.809530,0.809360,0.809530
1353940800,0.809540,0.809610,0.809480,0.809580
1353940860,0.809600,0.809660,0.809580,0.809660
1353940920,0.809650,0.809700,0.809620,0.809660
1353940980,0.809650,0.809680,0.809650,0.809650
1353941040,0.809660,0.809670,0.809630,0.809630
1353941100,0.809640,0.809640,0.809590,0.809630
1353941160,0.809640,0.809690,0.809640,0.809660
1353941220,0.809650,0.809660,0.809620,0.809640
1353941280,0.809630,0.809710,0.809630,0.809700
1353941340,0.809690,0.809730,0.809650,0.809670
1353941400,0.809680,0.809830,0.809650,0.809700
1353941460,0.809690,0.809760,0.809680,0.809690
1353941520,0.809700,0.809770,0.809660,0.809750
1353941580,0.809760,0.809870,0.809750,0.809780
1353941640,0.809770,0.809810,0.809750,0.809800
1353941700,0.809790,0.809800,0.809710,0.809710
1353941760,0.809730,0.809800,0.809710,0.809750
1353941820,0.809760,0.809890,0.809760,0.809790
1353941880,0.809780,0.809800,0.809700,0.809700
1353941940,0.809690,0.809760,0.809650,0.809650
1353942000,0.809640,0.809690,0.809630,0.809660
1353942060,0.809650,0.809750,0.809640,0.809710
1353942120,0.809730,0.809760,0.809680,0.809750
1353942180,0.809760,0.809810,0.809750,0.809790
1353942240,0.809780,0.809870,0.809770,0.809870
1353942300,0.809850,0.809900,0.809850,0.809860
1353942360,0.809850,0.810060,0.809850,0.810040
1353942420,0.810030,0.810130,0.809990,0.810120
1353942480,0.810110,0.810220,0.810110,0.810190
1353942540,0.810220,0.810230,0.810170,0.810230
1353942600,0.810220,0.810560,0.810220,0.810520
1353942660,0.810510,0.810740,0.810500,0.810720
1353942720,0.810730,0.810850,0.810720,0.810790
1353942780,0.810780,0.810780,0.810640,0.810670
1353942840,0.810680,0.810690,0.810590,0.810600
1353942900,0.810590,0.810590,0.810420,0.810420
1353942960,0.810430,0.810450,0.810220,0.810220
1353943020,0.810230,0.810250,0.810190,0.810230
1353943080,0.810220,0.810240,0.810190,0.810230
1353943140,0.810250,0.810250,0.810120,0.810160
1353943200,0.810150,0.810170,0.810100,0.810100
1353943260,0.810110,0.810110,0.810060,0.810080
1353943320,0.810100,0.810150,0.810090,0.810110
1353943380,0.810100,0.810210,0.810100,0.810200
1353943440,0.810170,0.810240,0.810140,0.810140
1353943500,0.810130,0.810140,0.810110,0.810120
1353943560,0.810150,0.810250,0.810110,0.810240
1353943620,0.810250,0.810340,0.810250,0.810340
1353943680,0.810360,0.810360,0.810240,0.810330
1353943740,0.810320,0.810380,0.810240,0.810240
1353943800,0.810230,0.810240,0.810120,0.810180
1353943860,0.810190,0.810290,0.810180,0.810180
1353943920,0.810170,0.810170,0.809650,0.809650
1353943980,0.809670,0.809670,0.809460,0.809530
1353944040,0.809520,0.809550,0.809410,0.809410
1353944100,0.809420,0.809570,0.809410,0.809450
1353944160,0.809430,0.809520,0.809320,0.809320
1353944220,0.809330,0.809360,0.808810,0.808840
1353944280,0.808830,0.809030,0.808620,0.809030
1353944340,0.808990,0.809030,0.808910,0.808990
1353944400,0.809000,0.809120,0.809000,0.809070
1353944460,0.809080,0.809090,0.809050,0.809090
1353944520,0.809080,0.809080,0.808980,0.808980
1353944580,0.808970,0.808970,0.808920,0.808970
1353944640,0.808960,0.808990,0.808920,0.808930
1353944700,0.808950,0.808960,0.808730,0.808790
1353944760,0.808780,0.808780,0.808640,0.808670
1353944820,0.808660,0.808710,0.808650,0.808700
1353944880,0.808710,0.808780,0.808700,0.808780
1353944940,0.808770,0.808900,0.808770,0.808880
1353945000,0.808890,0.809000,0.808830,0.808970
1353945060,0.808960,0.809040,0.808960,0.809000
1353945120,0.808980,0.809050,0.808960,0.808970
1353945180,0.808960,0.808970,0.808840,0.808840
1353945240,0.808820,0.808870,0.808730,0.808870
1353945300,0.808860,0.808870,0.808780,0.808800
1353945360,0.808780,0.808880,0.808780,0.808870
1353945420,0.808850,0.808910,0.808790,0.808900
1353945480,0.808910,0.808940,0.808750,0.808750
1353945540,0.808740,0.808980,0.808640,0.808980
1353945600,0.809000,0.809120,0.808970,0.809060
1353945660,0.809040,0.809080,0.809040,0.809080
1353945720,0.809070,0.809340,0.809070,0.809340
1353945780,0.809350,0.809350,0.809280,0.809290
1353945840,0.809280,0.809280,0.809150,0.809240
1353945900,0.809230,0.809270,0.809200,0.809220
1353945960,0.809240,0.809250,0.809190,0.809210
1353946020,0.809220,0.809320,0.809210,0.809300
1353946080,0.809290,0.809460,0.809290,0.809330
1353946140,0.809320,0.809560,0.809320,0.809540
1353946200,0.809580,0.809580,0.809460,0.809520
1353946260,0.809510,0.809530,0.809510,0.809530
1353946320,0.809540,0.809640,0.809540,0.809620
1353946380,0.809600,0.809640,0.809590,0.809610
1353946440,0.809620,0.809650,0.809570,0.809600
1353946500,0.809580,0.809590,0.809540,0.809550
1353946560,0.809530,0.809540,0.809480,0.809500
1353946620,0.809480,0.809530,0.809480,0.809520
1353946680,0.809490,0.809590,0.809490,0.809530
1353946740,0.809540,0.809600,0.809530,0.809550
1353946800,0.809540,0.809570,0.809540,0.809540
1353946860,0.809560,0.809560,0.809550,0.809550
1353946920,0.809540,0.809540,0.809510,0.809510
1353946980,0.809530,0.809560,0.809470,0.809470
1353947040,0.809480,0.809530,0.809460,0.809470
1353947100,0.809460,0.809480,0.809430,0.809430
1353947160,0.809440,0.809440,0.809420,0.809420
1353947220,0.809430,0.809430,0.809370,0.809390
1353947280,0.809410,0.809410,0.809370,0.809400
1353947340,0.809380,0.809390,0.809370,0.809390
1353947400,0.809380,0.809390,0.809310,0.809340
1353947460,0.809330,0.809330,0.809260,0.809310
1353947520,0.809300,0.809370,0.809280,0.809370
1353947580,0.809360,0.809370,0.809330,0.809340
1353947640,0.809320,0.809340,0.809320,0.809330
1353947700,0.809320,0.809320,0.809270,0.809280
1353947760,0.809260,0.809260,0.809150,0.809200
1353947820,0.809230,0.809250,0.809140,0.809170
1353947880,0.809180,0.809230,0.809150,0.809210
1353947940,0.809190,0.809240,0.809170,0.809190
1353948000,0.809170,0.809190,0.809110,0.809130
1353948060,0.809120,0.809140,0.809070,0.809070
1353948120,0.809030,0.809050,0.809020,0.809040
1353948180,0.809030,0.809190,0.809020,0.809140
1353948240,0.809130,0.809240,0.809130,0.809200
1353948300,0.809180,0.809230,0.809120,0.809210
1353948360,0.809220,0.809370,0.809220,0.809370
1353948420,0.809360,0.809380,0.809320,0.809350
1353948480,0.809370,0.809410,0.809370,0.809400
1353948540,0.809410,0.809450,0.809410,0.809450
1353948600,0.809490,0.809600,0.809450,0.809580
1353948660,0.809590,0.809610,0.809540,0.809600
1353948720,0.809610,0.809710,0.809610,0.809670
1353948780,0.809700,0.809710,0.809640,0.809650
1353948840,0.809640,0.809640,0.809570,0.809620
1353948900,0.809640,0.809650,0.809610,0.809620
1353948960,0.809630,0.809740,0.809620,0.809700
1353949020,0.809690,0.809690,0.809620,0.809620
1353949080,0.809630,0.809650,0.809570,0.809590
1353949140,0.809600,0.809600,0.809510,0.809540
1353949200,0.809550,0.809590,0.809530,0.809580
1353949260,0.809600,0.809670,0.809600,0.809670
1353949320,0.809660,0.809730,0.809660,0.809730
1353949380,0.809720,0.809730,0.809700,0.809710
1353949440,0.809720,0.809760,0.809710,0.809720
1353949500,0.809730,0.809780,0.809720,0.809770
1353949560,0.809780,0.809780,0.809690,0.809720
1353949620,0.809730,0.809750,0.809700,0.809740
1353949680,0.809750,0.809780,0.809740,0.809770
1353949740,0.809760,0.809780,0.809750,0.809750
1353949800,0.809740,0.809750,0.809740,0.809750
1353949860,0.809740,0.809750,0.809740,0.809740
1353949920,0.809750,0.809760,0.809750,0.809760
1353949980,0.809750,0.809780,0.809750,0.809750
1353950040,0.809740,0.809750,0.809730,0.809750
1353950100,0.809740,0.809740,0.809670,0.809690
1353950160,0.809680,0.809760,0.809670,0.809760
1353950220,0.809750,0.809750,0.809670,0.809680
1353950280,0.809690,0.809700,0.809680,0.809680
1353950340,0.809660,0.809660,0.809650,0.809660
1353950400,0.809620,0.809620,0.809490,0.809530
1353950460,0.809510,0.809520,0.809500,0.809510
1353950520,0.809490,0.809520,0.809470,0.809510
1353950580,0.809520,0.809520,0.809520,0.809520
1353950700,0.809510,0.809510,0.809450,0.809460
1353950760,0.809470,0.809490,0.809440,0.809440
1353950820,0.809430,0.809440,0.809410,0.809440
1353950880,0.809450,0.809530,0.809450,0.809460
1353950940,0.809480,0.809480,0.809480,0.809480
1353951000,0.809490,0.809500,0.809460,0.809460
1353951060,0.809450,0.809490,0.809450,0.809450
1353951120,0.809440,0.809440,0.809350,0.809370
1353951180,0.809360,0.809360,0.809250,0.809260
1353951240,0.809280,0.809280,0.809240,0.809280
1353951300,0.809260,0.809290,0.809240,0.809240
1353951360,0.809250,0.809250,0.809250,0.809250
1353951420,0.809240,0.809240,0.809210,0.809210
1353951480,0.809230,0.809260,0.809210,0.809250
1353951540,0.809260,0.809500,0.809250,0.809460
1353951600,0.809470,0.809610,0.809440,0.809460
1353951660,0.809450,0.809480,0.809320,0.809350
1353951720,0.809370,0.809380,0.809320,0.809340
1353951780,0.809330,0.809400,0.809320,0.809400
1353951840,0.809390,0.809440,0.809300,0.809300
1353951900,0.809290,0.809290,0.809250,0.809260
1353951960,0.809270,0.809280,0.809240,0.809240
1353952020,0.809250,0.809290,0.809250,0.809290
1353952080,0.809280,0.809320,0.809230,0.809280
1353952140,0.809260,0.809280,0.809240,0.809250
1353952200,0.809260,0.809320,0.809260,0.809300
1353952260,0.809310,0.809360,0.809310,0.809350
1353952320,0.809360,0.809370,0.809350,0.809350
1353952380,0.809360,0.809370,0.809330,0.809330
1353952440,0.809340,0.809370,0.809330,0.809350
1353952500,0.809340,0.809340,0.809290,0.809310
1353952560,0.809320,0.809340,0.809310,0.809310
1353952620,0.809320,0.809320,0.809230,0.809230
1353952680,0.809240,0.809260,0.809190,0.809200
1353952740,0.809190,0.809200,0.808980,0.808980
1353952800,0.808990,0.809100,0.808990,0.809080
1353952860,0.809050,0.809080,0.809040,0.809060
1353952920,0.809050,0.809160,0.809050,0.809160
1353952980,0.809170,0.809180,0.809160,0.809160
1353953040,0.809140,0.809210,0.809130,0.809210
1353953100,0.809230,0.809250,0.809230,0.809240
1353953160,0.809230,0.809230,0.809090,0.809150
1353953220,0.809160,0.809160,0.809120,0.809150
1353953280,0.809170,0.809170,0.809170,0.809170
1353953340,0.809180,0.809220,0.809170,0.809220
1353953400,0.809210,0.809240,0.809180,0.809180
1353953460,0.809220,0.809250,0.809210,0.809250
1353953520,0.809240,0.809300,0.809240,0.809250
1353953580,0.809260,0.809350,0.809260,0.809320
1353953640,0.809330,0.809350,0.809320,0.809350
1353953700,0.809360,0.809360,0.809310,0.809350
1353953760,0.809310,0.809310,0.809190,0.809260
1353953820,0.809240,0.809290,0.809220,0.809260
1353953880,0.809250,0.809370,0.809250,0.809370
1353953940,0.809380,0.809380,0.809310,0.809350
1353954000,0.809360,0.809420,0.809350,0.809390
1353954060,0.809400,0.809400,0.809320,0.809320
1353954120,0.809310,0.809360,0.809280,0.809320
1353954180,0.809310,0.809330,0.809310,0.809330
1353954240,0.809340,0.809340,0.809300,0.809310
1353954300,0.809320,0.809360,0.809320,0.809360
1353954360,0.809370,0.809370,0.809360,0.809360
1353954420,0.809350,0.809350,0.809330,0.809340
1353954480,0.809350,0.809370,0.809310,0.809310
1353954540,0.809320,0.809350,0.809230,0.809230
1353954600,0.809240,0.809320,0.809240,0.809310
1353954660,0.809320,0.809330,0.809310,0.809320
1353954720,0.809310,0.809310,0.809310,0.809310
1353954780,0.809320,0.809370,0.809320,0.809350
1353954840,0.809360,0.809390,0.809360,0.809360
1353954900,0.809370,0.809410,0.809370,0.809390
1353954960,0.809410,0.809410,0.809370,0.809380
1353955020,0.809390,0.809430,0.809380,0.809380
1353955080,0.809400,0.809400,0.809340,0.809380
1353955140,0.809340,0.809380,0.809280,0.809280
1353955200,0.809290,0.809310,0.809280,0.809280
1353955260,0.809270,0.809270,0.809230,0.809250
1353955320,0.809260,0.809330,0.809260,0.809280
1353955380,0.809270,0.809320,0.809270,0.809320
1353955440,0.809300,0.809340,0.809290,0.809290
1353955500,0.809280,0.809340,0.809280,0.809340
1353955560,0.809360,0.809360,0.809290,0.809330
1353955620,0.809370,0.809370,0.809260,0.809280
1353955680,0.809300,0.809320,0.809300,0.809300
1353955740,0.809310,0.809330,0.809310,0.809330
1353955800,0.809340,0.809340,0.809340,0.809340
1353955860,0.809350,0.809380,0.809340,0.809370
1353955920,0.809360,0.809390,0.809330,0.809350
1353955980,0.809330,0.809340,0.809300,0.809320
1353956040,0.809310,0.809320,0.809290,0.809320
1353956100,0.809330,0.809350,0.809310,0.809340
1353956160,0.809350,0.809350,0.809300,0.809310
1353956280,0.809300,0.809340,0.809300,0.809320
1353956340,0.809330,0.809470,0.809320,0.809440
1353956400,0.809430,0.809450,0.809360,0.809370
1353956460,0.809360,0.809400,0.809360,0.809380
1353956520,0.809390,0.809450,0.809390,0.809440
1353956580,0.809430,0.809440,0.809410,0.809440
1353956640,0.809450,0.809470,0.809430,0.809470
1353956700,0.809460,0.809470,0.809460,0.809460
1353956760,0.809450,0.809450,0.809450,0.809450
1353956820,0.809460,0.809530,0.809440,0.809440
1353956880,0.809430,0.809450,0.809380,0.809450
1353956940,0.809430,0.809480,0.809430,0.809460
1353957000,0.809470,0.809470,0.809400,0.809400
1353957060,0.809380,0.809390,0.809340,0.809390
1353957120,0.809380,0.809380,0.809350,0.809350
1353957180,0.809340,0.809340,0.809330,0.809340
1353957240,0.809330,0.809330,0.809290,0.809290
1353957300,0.809300,0.809320,0.809290,0.809320
1353957360,0.809330,0.809350,0.809300,0.809310
1353957420,0.809320,0.809320,0.809290,0.809300
1353957480,0.809290,0.809340,0.809250,0.809340
1353957540,0.809330,0.809330,0.809320,0.809330
1353957600,0.809310,0.809330,0.809270,0.809330
1353957660,0.809320,0.809330,0.809290,0.809290
1353957720,0.809280,0.809290,0.809280,0.809290
1353957780,0.809280,0.809290,0.809270,0.809270
1353957900,0.809240,0.809250,0.809210,0.809240
1353957960,0.809230,0.809250,0.809210,0.809250
1353958020,0.809260,0.809320,0.809260,0.809320
1353958080,0.809300,0.809330,0.809300,0.809320
1353958140,0.809310,0.809330,0.809300,0.809320
1353958200,0.809330,0.809340,0.809330,0.809340
1353958260,0.809350,0.809350,0.809350,0.809350
1353958320,0.809330,0.809330,0.809320,0.809320
1353958380,0.809340,0.809370,0.809340,0.809370
1353958440,0.809390,0.809410,0.809330,0.809330
1353958500,0.809340,0.809340,0.809330,0.809330
1353958560,0.809340,0.809340,0.809240,0.809240
1353958620,0.809230,0.809240,0.809210,0.809220
1353958680,0.809250,0.809290,0.809220,0.809290
1353958740,0.809300,0.809300,0.809240,0.809250
1353958800,0.809240,0.809270,0.809230,0.809270
1353958860,0.809260,0.809270,0.809250,0.809250
1353958920,0.809240,0.809250,0.809120,0.809130
1353958980,0.809170,0.809170,0.809060,0.809060
1353959040,0.809100,0.809130,0.809100,0.809120
1353959100,0.809110,0.809130,0.809100,0.809130
1353959160,0.809120,0.809130,0.809120,0.809120
1353959220,0.809130,0.809160,0.809130,0.809160
1353959280,0.809150,0.809150,0.809120,0.809120
1353959340,0.809150,0.809210,0.809130,0.809180
1353959400,0.809170,0.809230,0.809150,0.809180
1353959460,0.809140,0.809180,0.809120,0.809160
1353959520,0.809170,0.809170,0.809130,0.809160
1353959580,0.809170,0.809270,0.809170,0.809230
1353959640,0.809220,0.809220,0.809170,0.809170
1353959700,0.809180,0.809180,0.809150,0.809160
1353959760,0.809140,0.809200,0.809110,0.809160
1353959820,0.809170,0.809210,0.809140,0.809210
1353959880,0.809200,0.809200,0.809140,0.809140
1353959940,0.809160,0.809170,0.809090,0.809100
1353960000,0.809090,0.809150,0.809090,0.809130
1353960060,0.809140,0.809150,0.809130,0.809140
1353960120,0.809150,0.809150,0.809090,0.809090
1353960180,0.809080,0.809130,0.809080,0.809090
1353960240,0.809100,0.809130,0.809090,0.809090
1353960300,0.809100,0.809140,0.809100,0.809140
1353960360,0.809130,0.809130,0.809090,0.809090
1353960420,0.809120,0.809130,0.809100,0.809130
1353960480,0.809150,0.809150,0.809090,0.809110
1353960540,0.809120,0.809150,0.809110,0.809130
1353960600,0.809120,0.809120,0.809110,0.809110
1353960660,0.809100,0.809120,0.809100,0.809120
1353960720,0.809130,0.809160,0.809130,0.809160
1353960780,0.809170,0.809220,0.809170,0.809220
1353960840,0.809210,0.809210,0.809170,0.809170
1353960900,0.809180,0.809200,0.809120,0.809130
1353960960,0.809140,0.809140,0.809140,0.809140
1353961020,0.809150,0.809210,0.809150,0.809210
1353961080,0.809220,0.809220,0.809110,0.809110
1353961140,0.809100,0.809110,0.809090,0.809090
1353961200,0.809080,0.809110,0.809040,0.809090
1353961260,0.809080,0.809080,0.809040,0.809050
1353961320,0.809070,0.809100,0.809050,0.809100
1353961380,0.809080,0.809100,0.809010,0.809020
1353961440,0.809030,0.809090,0.809010,0.809080
1353961500,0.809070,0.809110,0.809060,0.809070
1353961560,0.809060,0.809150,0.809060,0.809150
1353961620,0.809170,0.809200,0.809130,0.809200
1353961680,0.809190,0.809220,0.809120,0.809190
1353961740,0.809210,0.809220,0.809130,0.809130
1353961800,0.809150,0.809180,0.809140,0.809170
1353961860,0.809180,0.809190,0.809120,0.809170
1353961920,0.809180,0.809250,0.809170,0.809250
1353961980,0.809240,0.809300,0.809220,0.809260
1353962040,0.809270,0.809300,0.809140,0.809210
1353962100,0.809240,0.809250,0.809200,0.809240
1353962160,0.809230,0.809250,0.809230,0.809240
1353962220,0.809250,0.809300,0.809240,0.809250
1353962280,0.809240,0.809270,0.809240,0.809250
1353962340,0.809260,0.809280,0.809250,0.809250
1353962400,0.809240,0.809270,0.809240,0.809250
1353962460,0.809240,0.809250,0.809200,0.809210
1353962520,0.809200,0.809230,0.809200,0.809200
1353962580,0.809210,0.809230,0.809200,0.809230
1353962640,0.809220,0.809240,0.809200,0.809240
1353962700,0.809270,0.809290,0.809270,0.809270
1353962820,0.809260,0.809270,0.809250,0.809250
1353962880,0.809260,0.809300,0.809260,0.809300
1353962940,0.809310,0.809310,0.809290,0.809300
1353963000,0.809310,0.809310,0.809290,0.809290
1353963060,0.809270,0.809270,0.809230,0.809240
1353963120,0.809230,0.809230,0.809230,0.809230
1353963180,0.809220,0.809230,0.809180,0.809180
1353963240,0.809190,0.809250,0.809170,0.809250
1353963300,0.809240,0.809250,0.809220,0.809220
1353963360,0.809210,0.809210,0.809180,0.809180
1353963420,0.809190,0.809230,0.809190,0.809210
1353963480,0.809220,0.809220,0.809190,0.809200
1353963540,0.809190,0.809240,0.809190,0.809210
1353963600,0.809200,0.809220,0.809110,0.809150
1353963660,0.809140,0.809170,0.809140,0.809150
1353963720,0.809130,0.809140,0.809090,0.809090
1353963780,0.809110,0.809110,0.808990,0.809000
1353963840,0.809010,0.809020,0.808980,0.808980
1353963900,0.808990,0.809010,0.808990,0.809000
1353963960,0.809010,0.809020,0.808990,0.809020
1353964020,0.809030,0.809030,0.809000,0.809000
1353964080,0.808990,0.809070,0.808990,0.809070
1353964140,0.809060,0.809060,0.809060,0.809060
1353964200,0.809070,0.809130,0.809070,0.809130
1353964260,0.809090,0.809090,0.809070,0.809080
1353964320,0.809100,0.809160,0.809100,0.809120
1353964380,0.809130,0.809130,0.809130,0.809130
1353964440,0.809120,0.809140,0.809120,0.809140
1353964500,0.809150,0.809160,0.809140,0.809160
1353964560,0.809190,0.809220,0.809160,0.809170
1353964620,0.809160,0.809200,0.809160,0.809170
1353964680,0.809180,0.809210,0.809180,0.809180
1353964740,0.809170,0.809180,0.809140,0.809140
1353964800,0.809150,0.809160,0.809140,0.809160
1353964860,0.809140,0.809140,0.809120,0.809120
1353964920,0.809130,0.809130,0.809120,0.809120
1353964980,0.809140,0.809140,0.809120,0.809120
1353965040,0.809110,0.809110,0.809110,0.809110
1353965100,0.809120,0.809160,0.809120,0.809160
1353965220,0.809200,0.809200,0.809160,0.809170
1353965280,0.809160,0.809180,0.809160,0.809180
1353965340,0.809170,0.809200,0.809150,0.809160
1353965400,0.809170,0.809180,0.809150,0.809170
1353965460,0.809200,0.809200,0.809150,0.809150
1353965520,0.809160,0.809180,0.809130,0.809140
1353965580,0.809130,0.809140,0.809110,0.809140
1353965640,0.809150,0.809160,0.809130,0.809160
1353965700,0.809170,0.809200,0.809170,0.809190
1353965760,0.809180,0.809190,0.809180,0.809190
1353965820,0.809200,0.809200,0.809190,0.809200
1353965940,0.809190,0.809210,0.809190,0.809210
1353966000,0.809220,0.809250,0.809220,0.809220
1353966060,0.809210,0.809220,0.809210,0.809210
1353966120,0.809200,0.809200,0.809200,0.809200
1353966180,0.809210,0.809220,0.809200,0.809220
1353966240,0.809230,0.809280,0.809220,0.809260
1353966300,0.809250,0.809290,0.809250,0.809290
1353966360,0.809280,0.809290,0.809250,0.809260
1353966420,0.809270,0.809270,0.809240,0.809240
1353966480,0.809250,0.809250,0.809230,0.809240
1353966540,0.809250,0.809250,0.809190,0.809210
1353966600,0.809220,0.809240,0.809190,0.809210
1353966660,0.809200,0.809220,0.809200,0.809220
1353966720,0.809230,0.809230,0.809190,0.809230
1353966780,0.809240,0.809280,0.809240,0.809240
1353966840,0.809230,0.809230,0.809190,0.809220
1353966900,0.809190,0.809230,0.809170,0.809170
1353966960,0.809180,0.809200,0.809160,0.809180
1353967020,0.809190,0.809230,0.809190,0.809230
1353967080,0.809240,0.809330,0.809240,0.809290
1353967140,0.809280,0.809350,0.809250,0.809340
1353967200,0.809310,0.809310,0.809270,0.809290
1353967260,0.809280,0.809280,0.809240,0.809240
1353967320,0.809220,0.809220,0.809220,0.809220
1353967380,0.809240,0.809340,0.809200,0.809330
1353967440,0.809310,0.810430,0.809310,0.809950
1353967500,0.809990,0.810280,0.809460,0.809720
1353967560,0.809730,0.809980,0.809520,0.809980
1353967620,0.810000,0.810060,0.809860,0.809870
1353967680,0.809860,0.810030,0.809820,0.809980
1353967740,0.809990,0.810050,0.809960,0.810030
1353967800,0.810020,0.810190,0.809980,0.810040
1353967860,0.810070,0.810200,0.810010,0.810160
1353967920,0.810150,0.810260,0.810100,0.810240
1353967980,0.810260,0.810270,0.810180,0.810200
1353968040,0.810230,0.810280,0.810180,0.810280
1353968100,0.810260,0.810290,0.810170,0.810170
1353968160,0.810200,0.810220,0.810110,0.810210
1353968220,0.810180,0.810210,0.810170,0.810200
1353968280,0.810180,0.810230,0.810180,0.810190
1353968340,0.810170,0.810270,0.810170,0.810200
1353968400,0.810150,0.810180,0.810130,0.810150
1353968460,0.810160,0.810270,0.810160,0.810230
1353968520,0.810240,0.810340,0.810240,0.810340
1353968580,0.810330,0.810470,0.810330,0.810430
1353968640,0.810420,0.810450,0.810370,0.810410
1353968700,0.810420,0.810460,0.810370,0.810420
1353968760,0.810440,0.810440,0.810310,0.810380
1353968820,0.810400,0.810460,0.810360,0.810380
1353968880,0.810400,0.810540,0.810400,0.810530
1353968940,0.810540,0.810730,0.810530,0.810680
1353969000,0.810690,0.810700,0.810670,0.810680
1353969060,0.810690,0.810690,0.810630,0.810630
1353969120,0.810640,0.810650,0.810630,0.810640
1353969180,0.810660,0.811180,0.810660,0.811050
1353969240,0.811060,0.811290,0.810880,0.810930
1353969300,0.810910,0.811000,0.810870,0.810980
1353969360,0.811020,0.811070,0.810950,0.810950
1353969420,0.810960,0.810990,0.810920,0.810940
1353969480,0.810950,0.810960,0.810900,0.810930
1353969540,0.810890,0.810920,0.809180,0.809450
1353969600,0.809460,0.809790,0.809460,0.809780
1353969660,0.809790,0.810150,0.809760,0.809960
1353969720,0.809990,0.810200,0.809980,0.810120
1353969780,0.810110,0.810280,0.810110,0.810260
1353969840,0.810270,0.810280,0.810240,0.810260
1353969900,0.810270,0.810470,0.810260,0.810470
1353969960,0.810460,0.810460,0.810250,0.810250
1353970020,0.810260,0.810320,0.810260,0.810320
1353970080,0.810340,0.810350,0.810340,0.810350
1353970200,0.810390,0.810440,0.810390,0.810430
1353970320,0.810450,0.810460,0.810450,0.810460
1353970380,0.810470,0.810470,0.810060,0.810080
1353970440,0.810060,0.810100,0.810020,0.810080
1353970500,0.810090,0.810160,0.810090,0.810160
1353970560,0.810210,0.810250,0.810190,0.810210
1353970620,0.810220,0.810250,0.810150,0.810240
1353970680,0.810250,0.810340,0.810250,0.810340
1353970740,0.810350,0.810360,0.810320,0.810350
1353970800,0.810360,0.810360,0.809630,0.809750
1353970860,0.809760,0.810000,0.809750,0.809950
1353970920,0.809940,0.810090,0.809890,0.810080
1353970980,0.810090,0.810140,0.810090,0.810140
1353971040,0.810120,0.810170,0.810120,0.810170
1353971100,0.810180,0.810200,0.810110,0.810110
1353971160,0.810120,0.810170,0.810120,0.810150
1353971220,0.810140,0.810140,0.810110,0.810110
1353971280,0.810100,0.810110,0.810090,0.810090
1353971340,0.810100,0.810100,0.810090,0.810100
1353971400,0.810090,0.810130,0.810090,0.810130
1353971460,0.810160,0.810160,0.810140,0.810140
1353971520,0.810120,0.810120,0.810090,0.810090
1353971580,0.810100,0.810100,0.810080,0.810080
1353971640,0.810090,0.810100,0.810080,0.810090
1353971700,0.810080,0.810420,0.810080,0.810320
1353971760,0.810300,0.810370,0.810290,0.810370
1353971820,0.810360,0.810370,0.810110,0.810110
1353971880,0.810120,0.810120,0.810100,0.810100
1353971940,0.810080,0.810080,0.809950,0.809950
1353972000,0.809960,0.809960,0.809950,0.809950
1353972060,0.809960,0.809960,0.809960,0.809960
1353972120,0.809970,0.810060,0.809970,0.810060
1353972180,0.810050,0.810060,0.810030,0.810030
1353972240,0.810020,0.810030,0.810010,0.810010
1353972300,0.810000,0.810010,0.809690,0.809720
1353972360,0.809710,0.809740,0.809570,0.809680
1353972420,0.809690,0.809740,0.809690,0.809730
1353972480,0.809720,0.809730,0.809700,0.809720
1353972540,0.809730,0.809820,0.809720,0.809820
1353972600,0.809810,0.809950,0.809750,0.809760
1353972660,0.809770,0.809770,0.809710,0.809720
1353972720,0.809710,0.809710,0.809710,0.809710
1353972780,0.809720,0.809750,0.809720,0.809750
1353972840,0.809720,0.809720,0.809720,0.809720
1353972900,0.809740,0.809740,0.809720,0.809720
1353972960,0.809710,0.809720,0.809570,0.809570
1353973020,0.809550,0.809570,0.809380,0.809470
1353973080,0.809480,0.809520,0.809480,0.809510
1353973140,0.809520,0.809540,0.809380,0.809390
1353973200,0.809400,0.809610,0.809230,0.809610
1353973260,0.809630,0.809680,0.809570,0.809680
1353973320,0.809670,0.809670,0.809610,0.809610
1353973380,0.809630,0.809640,0.809630,0.809640
1353973440,0.809630,0.809640,0.809600,0.809640
1353973500,0.809650,0.809680,0.809640,0.809680
1353973560,0.809690,0.809830,0.809690,0.809810
1353973620,0.809800,0.809830,0.809800,0.809830
1353973680,0.809850,0.809900,0.809850,0.809900
1353973740,0.809910,0.810070,0.809910,0.810060
1353973800,0.810050,0.810050,0.809740,0.809810
1353973860,0.809830,0.809970,0.809810,0.809970
1353973920,0.809990,0.810290,0.809830,0.809850
1353973980,0.809840,0.810060,0.809840,0.809950
1353974040,0.809940,0.809960,0.809920,0.809960
1353974100,0.809970,0.809980,0.809950,0.809950
1353974160,0.809940,0.809940,0.809870,0.809890
1353974280,0.809900,0.809950,0.809870,0.809920
1353974340,0.809910,0.810030,0.809910,0.810020
1353974400,0.810030,0.810070,0.809790,0.809800
1353974460,0.809790,0.810160,0.809790,0.810100
1353974520,0.810110,0.810260,0.810070,0.810070
1353974580,0.810080,0.810100,0.809880,0.809900
1353974640,0.809890,0.809900,0.809700,0.809720
1353974700,0.809710,0.809860,0.809710,0.809820
1353974760,0.809840,0.809910,0.809730,0.809810
1353974820,0.809830,0.809930,0.809810,0.809920
1353974880,0.809930,0.809930,0.809760,0.809760
1353974940,0.809750,0.809810,0.809750,0.809810
1353975000,0.809820,0.809940,0.809820,0.809940
1353975060,0.809950,0.809970,0.809950,0.809960
1353975120,0.809940,0.809950,0.809830,0.809830
1353975180,0.809810,0.809900,0.809720,0.809860
1353975240,0.809870,0.809900,0.809790,0.809900
1353975300,0.809910,0.809910,0.809820,0.809820
1353975360,0.809830,0.809890,0.809770,0.809770
1353975420,0.809800,0.809880,0.809770,0.809870
1353975480,0.809880,0.809970,0.809880,0.809930
1353975540,0.809920,0.809970,0.809910,0.809960
1353975600,0.809950,0.809950,0.809840,0.809950
1353975660,0.809960,0.810030,0.809960,0.810000
1353975720,0.810010,0.810100,0.810010,0.810050
1353975780,0.810060,0.810320,0.810060,0.810310
1353975840,0.810300,0.810320,0.810130,0.810160
1353975900,0.810180,0.810310,0.810100,0.810300
1353975960,0.810310,0.810380,0.810220,0.810300
1353976020,0.810290,0.810320,0.810160,0.810250
1353976080,0.810270,0.810340,0.810220,0.810260
1353976140,0.810250,0.810310,0.810220,0.810310
1353976200,0.810300,0.810420,0.810270,0.810280
1353976260,0.810270,0.810310,0.810200,0.810240
1353976320,0.810230,0.810230,0.810010,0.810040
1353976380,0.810070,0.810070,0.809970,0.809970
1353976440,0.809980,0.810270,0.809980,0.810270
1353976500,0.810300,0.810300,0.810250,0.810250
1353976560,0.810260,0.810270,0.810200,0.810200
1353976620,0.810240,0.810410,0.810240,0.810320
1353976680,0.810350,0.810940,0.810350,0.810840
1353976740,0.810850,0.810880,0.810670,0.810870
1353976800,0.810880,0.810880,0.810680,0.810680
1353976860,0.810670,0.810670,0.810520,0.810590
1353976920,0.810600,0.810600,0.810540,0.810560
1353976980,0.810570,0.810660,0.810570,0.810580
1353977040,0.810570,0.810580,0.810500,0.810560
1353977100,0.810540,0.810570,0.810520,0.810570
1353977160,0.810560,0.810670,0.810540,0.810630
1353977220,0.810660,0.810690,0.810630,0.810680
1353977280,0.810670,0.810680,0.810660,0.810670
1353977340,0.810650,0.810650,0.810560,0.810560
1353977400,0.810540,0.810580,0.810300,0.810300
1353977460,0.810310,0.810320,0.810140,0.810310
1353977520,0.810330,0.810330,0.810270,0.810320
1353977580,0.810330,0.810330,0.809990,0.810000
1353977640,0.809990,0.810150,0.809980,0.810110
1353977700,0.810120,0.810220,0.810010,0.810210
1353977760,0.810200,0.810200,0.809930,0.810160
1353977820,0.810190,0.810260,0.810100,0.810120
1353977880,0.810130,0.810170,0.810120,0.810120
1353977940,0.810110,0.810120,0.809990,0.809990
1353978000,0.810000,0.810070,0.809990,0.809990
1353978060,0.810000,0.810120,0.810000,0.810060
1353978120,0.810070,0.810070,0.810060,0.810060
1353978180,0.810070,0.810180,0.810070,0.810120
1353978240,0.810110,0.810330,0.810060,0.810220
1353978300,0.810210,0.810210,0.810100,0.810110
1353978360,0.810100,0.810200,0.810030,0.810090
1353978420,0.810100,0.810170,0.810080,0.810140
1353978480,0.810120,0.810120,0.809980,0.810040
1353978540,0.810050,0.810060,0.809900,0.810030
1353978600,0.810040,0.810080,0.810010,0.810010
1353978660,0.810000,0.810130,0.809980,0.810070
1353978720,0.810060,0.810130,0.810060,0.810080
1353978780,0.810070,0.810080,0.809930,0.809930
1353978840,0.809910,0.810050,0.809910,0.810050
1353978900,0.810070,0.810200,0.810040,0.810160
1353978960,0.810150,0.810180,0.810080,0.810090
1353979020,0.810080,0.810190,0.810080,0.810190
1353979080,0.810180,0.810200,0.810080,0.810090
1353979140,0.810080,0.810180,0.810070,0.810180
1353979200,0.810190,0.810200,0.810070,0.810070
1353979260,0.810080,0.810080,0.809990,0.810050
1353979320,0.810060,0.810100,0.810060,0.810100
1353979380,0.810090,0.810090,0.810020,0.810050
1353979440,0.810040,0.810080,0.810030,0.810080
1353979500,0.810070,0.810070,0.810030,0.810030
1353979560,0.810010,0.810010,0.809960,0.809990
1353979620,0.810010,0.810030,0.809930,0.809950
1353979680,0.809960,0.809970,0.809860,0.809860
1353979740,0.809870,0.809870,0.809850,0.809850
1353979800,0.809860,0.809890,0.809790,0.809830
1353979860,0.809810,0.809810,0.809760,0.809770
1353979920,0.809760,0.809880,0.809730,0.809750
1353979980,0.809760,0.809830,0.809760,0.809810
1353980040,0.809800,0.809800,0.809730,0.809750
1353980100,0.809730,0.809730,0.809720,0.809730
1353980160,0.809740,0.809780,0.809700,0.809700
1353980220,0.809720,0.809740,0.809570,0.809570
1353980280,0.809560,0.809610,0.809440,0.809590
1353980340,0.809580,0.809580,0.809360,0.809390
1353980400,0.809420,0.809460,0.809350,0.809350
1353980460,0.809340,0.809480,0.809320,0.809420
1353980520,0.809430,0.809430,0.809220,0.809340
1353980580,0.809350,0.809380,0.809150,0.809230
1353980640,0.809240,0.809360,0.809210,0.809350
1353980700,0.809340,0.809520,0.809330,0.809410
1353980760,0.809400,0.809400,0.809120,0.809280
1353980820,0.809290,0.809390,0.809290,0.809390
1353980880,0.809400,0.809420,0.809400,0.809410
1353980940,0.809400,0.809420,0.809340,0.809420
1353981000,0.809400,0.809410,0.809400,0.809400
1353981060,0.809390,0.809460,0.809390,0.809460
1353981120,0.809450,0.809450,0.809380,0.809390
1353981180,0.809380,0.809440,0.809350,0.809440
1353981240,0.809430,0.809530,0.809430,0.809530
1353981300,0.809520,0.809520,0.809400,0.809400
1353981360,0.809390,0.809400,0.809390,0.809400
1353981420,0.809390,0.809390,0.809370,0.809390
1353981540,0.809370,0.809370,0.809280,0.809300
1353981600,0.809310,0.809310,0.809270,0.809280
1353981660,0.809270,0.809340,0.809260,0.809340
1353981720,0.809330,0.809390,0.809310,0.809380
1353981780,0.809390,0.809400,0.809370,0.809380
1353981840,0.809370,0.809390,0.809370,0.809390
1353981900,0.809380,0.809390,0.809280,0.809300
1353981960,0.809280,0.809360,0.809260,0.809360
1353982020,0.809370,0.809380,0.809310,0.809320
1353982080,0.809300,0.809340,0.809300,0.809330
1353982140,0.809300,0.809330,0.809300,0.809330
1353982200,0.809320,0.809340,0.809250,0.809320
1353982260,0.809330,0.809380,0.809330,0.809360
1353982320,0.809350,0.809390,0.809350,0.809390
1353982380,0.809410,0.809420,0.809410,0.809420
1353982440,0.809410,0.809440,0.809390,0.809440
1353982500,0.809450,0.809490,0.809430,0.809490
1353982560,0.809480,0.809530,0.809470,0.809510
1353982620,0.809500,0.809500,0.809410,0.809480
1353982680,0.809490,0.809490,0.809420,0.809430
1353982740,0.809440,0.809490,0.809440,0.809480
1353982800,0.809460,0.809530,0.809460,0.809530
1353982860,0.809540,0.809550,0.809450,0.809460
1353982920,0.809450,0.809540,0.809440,0.809540
1353982980,0.809560,0.809560,0.809500,0.809520
1353983040,0.809550,0.809550,0.809520,0.809530
1353983100,0.809510,0.809520,0.809480,0.809520
1353983160,0.809530,0.809560,0.809490,0.809550
1353983220,0.809530,0.809560,0.809510,0.809510
1353983280,0.809500,0.809530,0.809420,0.809440
1353983340,0.809460,0.809460,0.809430,0.809440
1353983400,0.809430,0.809450,0.809400,0.809430
1353983460,0.809440,0.809460,0.809430,0.809460
1353983520,0.809450,0.809450,0.809450,0.809450
1353983580,0.809430,0.809460,0.809430,0.809430
1353983640,0.809440,0.809440,0.809420,0.809440
1353983700,0.809450,0.809460,0.809450,0.809460
1353983760,0.809490,0.809500,0.809480,0.809480
1353983820,0.809470,0.809480,0.809470,0.809480
1353984000,0.809470,0.809490,0.809470,0.809480
1353984060,0.809470,0.809630,0.809470,0.809560
1353984120,0.809570,0.809570,0.809560,0.809560
1353984180,0.809580,0.809590,0.809580,0.809590
1353984240,0.809580,0.809580,0.809570,0.809570
1353984300,0.809580,0.809580,0.809570,0.809570
1353984360,0.809560,0.809560,0.809510,0.809530
1353984480,0.809540,0.809540,0.809530,0.809530
1353984600,0.809520,0.809540,0.809520,0.809540
1353984660,0.809530,0.809530,0.809510,0.809520
1353984720,0.809500,0.809500,0.809410,0.809430
1353984780,0.809400,0.809450,0.809400,0.809450
1353984840,0.809460,0.809500,0.809460,0.809490
1353984900,0.809500,0.809530,0.809500,0.809530
1353984960,0.809520,0.809600,0.809510,0.809600
1353985020,0.809580,0.809580,0.809510,0.809510
1353985080,0.809500,0.809520,0.809480,0.809520
1353985200,0.809510,0.809570,0.809510,0.809570
1353985260,0.809580,0.809620,0.809580,0.809590
1353985320,0.809580,0.809580,0.809540,0.809550
1353985380,0.809610,0.809700,0.809580,0.809700
1353985440,0.809710,0.809710,0.809700,0.809710
1353985500,0.809660,0.809660,0.809610,0.809620
1353985560,0.809630,0.809630,0.809620,0.809630
1353985680,0.809600,0.809610,0.809590,0.809610
1353985740,0.809620,0.809620,0.809620,0.809620
1353985800,0.809610,0.809610,0.809610,0.809610
1353985860,0.809600,0.809600,0.809570,0.809570
1353985920,0.809580,0.809590,0.809580,0.809590
1353985980,0.809580,0.809580,0.809490,0.809490
1353986040,0.809500,0.809610,0.809500,0.809600
1353986100,0.809590,0.809600,0.809570,0.809570
1353986160,0.809580,0.809600,0.809580,0.809580
1353986220,0.809570,0.809570,0.809480,0.809520
1353986280,0.809510,0.809540,0.809500,0.809500
1353986340,0.809490,0.809520,0.809490,0.809520
1353986400,0.809530,0.809540,0.809510,0.809520
1353986460,0.809510,0.809520,0.809450,0.809510
1353986520,0.809500,0.809520,0.809440,0.809510
1353986580,0.809520,0.809530,0.809500,0.809510
1353986640,0.809520,0.809520,0.809510,0.809510
1353986760,0.809530,0.809530,0.809510,0.809530
1353986820,0.809550,0.809560,0.809550,0.809560
1353986880,0.809590,0.809590,0.809570,0.809570
1353986940,0.809540,0.809540,0.809510,0.809510
1353987000,0.809520,0.809550,0.809520,0.809540
1353987060,0.809550,0.809550,0.809510,0.809520
1353987120,0.809540,0.809540,0.809470,0.809480
1353987180,0.809470,0.809470,0.809390,0.809390
1353987240,0.809370,0.809370,0.809290,0.809300
1353987300,0.809310,0.809330,0.809230,0.809280
1353987360,0.809290,0.809290,0.809270,0.809270
1353987420,0.809260,0.809270,0.809210,0.809270
1353987480,0.809280,0.809330,0.809280,0.809320
1353987540,0.809310,0.809330,0.809300,0.809330
1353987600,0.809320,0.809320,0.809270,0.809320
1353987660,0.809330,0.809330,0.809330,0.809330
1353987720,0.809310,0.809340,0.809300,0.809340
1353987780,0.809330,0.809380,0.809330,0.809370
1353987840,0.809380,0.809380,0.809340,0.809380
1353987900,0.809370,0.809410,0.809340,0.809410
1353987960,0.809430,0.809470,0.809430,0.809430
1353988020,0.809440,0.809490,0.809440,0.809440
1353988080,0.809450,0.809460,0.809420,0.809420
1353988200,0.809410,0.809410,0.809390,0.809390
1353988260,0.809410,0.809550,0.809410,0.809540
1353988320,0.809550,0.809570,0.809510,0.809510
1353988380,0.809500,0.809500,0.809460,0.809460
1353988440,0.809470,0.809520,0.809460,0.809520
1353988620,0.809500,0.809520,0.809460,0.809470
1353988680,0.809460,0.809550,0.809460,0.809530
1353988740,0.809510,0.809530,0.809460,0.809530
1353988800,0.809550,0.809550,0.809460,0.809480
1353988860,0.809490,0.809490,0.809460,0.809480
1353988920,0.809460,0.809480,0.809460,0.809470
1353988980,0.809460,0.809490,0.809460,0.809490
1353989040,0.809480,0.809560,0.809480,0.809560
1353989100,0.809610,0.809670,0.809610,0.809630
1353989160,0.809620,0.809630,0.809620,0.809630
1353989280,0.809620,0.809620,0.809560,0.809560
1353989340,0.809540,0.809540,0.809540,0.809540
1353989400,0.809560,0.809580,0.809490,0.809580
1353989460,0.809570,0.809570,0.809570,0.809570
1353989520,0.809560,0.809590,0.809550,0.809560
1353989640,0.809550,0.809570,0.809550,0.809570
1353989700,0.809590,0.809630,0.809590,0.809620
1353989760,0.809630,0.809630,0.809610,0.809610
1353989820,0.809620,0.809630,0.809610,0.809630
1353989880,0.809620,0.809620,0.809600,0.809600
1353989940,0.809590,0.809590,0.809580,0.809580
1353990060,0.809550,0.809550,0.809550,0.809550
1353990120,0.809560,0.809580,0.809540,0.809540
1353990180,0.809550,0.809550,0.809540,0.809550
1353990240,0.809560,0.809560,0.809560,0.809560
1353990300,0.809570,0.809570,0.809440,0.809450
1353990360,0.809470,0.809550,0.809470,0.809550
1353990420,0.809560,0.809560,0.809530,0.809540
1353990480,0.809530,0.809540,0.809490,0.809540
1353990540,0.809550,0.809550,0.809530,0.809540
1353990600,0.809550,0.809550,0.809550,0.809550
1353990660,0.809540,0.809540,0.809540,0.809540
1353990720,0.809590,0.809590,0.809570,0.809570
1353990780,0.809550,0.809550,0.809540,0.809540
1353990840,0.809530,0.809610,0.809530,0.809570
1353990900,0.809560,0.809590,0.809530,0.809590
1353990960,0.809580,0.809580,0.809580,0.809580
1353991020,0.809600,0.809620,0.809600,0.809620
1353991080,0.809630,0.809650,0.809600,0.809620
1353991140,0.809650,0.809650,0.809610,0.809650
1353991200,0.809640,0.809650,0.809630,0.809640
1353991260,0.809650,0.809650,0.809640,0.809640
1353991320,0.809650,0.809700,0.809630,0.809700
1353991380,0.809710,0.809720,0.809640,0.809640
1353991440,0.809650,0.809700,0.809650,0.809700
1353991500,0.809710,0.809710,0.809660,0.809700
1353991560,0.809710,0.809750,0.809690,0.809700
1353991620,0.809720,0.809730,0.809690,0.809710
1353991680,0.809720,0.809740,0.809680,0.809690
1353991740,0.809740,0.809750,0.809670,0.809690
1353991800,0.809700,0.809700,0.809670,0.809690
1353991860,0.809700,0.809740,0.809680,0.809730
1353991920,0.809740,0.809750,0.809700,0.809750
1353991980,0.809760,0.809760,0.809750,0.809750
1353992040,0.809760,0.809760,0.809750,0.809750
1353992100,0.809760,0.809830,0.809750,0.809780
1353992160,0.809770,0.809810,0.809740,0.809790
1353992220,0.809800,0.809870,0.809790,0.809810
1353992280,0.809800,0.809840,0.809780,0.809790
1353992340,0.809780,0.809780,0.809720,0.809730
