time,open,high,low,close
1644814800,0.926220,0.926230,0.926210,0.926220
1644814860,0.926220,0.926220,0.926210,0.926210
1644814920,0.926220,0.926310,0.926220,0.926280
1644814980,0.926300,0.926300,0.926260,0.926260
1644815040,0.926260,0.926290,0.926250,0.926250
1644815100,0.926240,0.926270,0.926140,0.926160
1644815160,0.926160,0.926180,0.926130,0.926150
1644815220,0.926170,0.926210,0.926160,0.926190
1644815280,0.926190,0.926220,0.926170,0.926190
1644815340,0.926190,0.926230,0.926190,0.926220
1644815400,0.926230,0.926230,0.926150,0.926170
1644815460,0.926150,0.926160,0.926130,0.926130
1644815520,0.926130,0.926140,0.926060,0.926070
1644815580,0.926070,0.926070,0.926020,0.926030
1644815640,0.926020,0.926050,0.925960,0.925960
1644815700,0.925980,0.926000,0.925970,0.926000
1644815760,0.926020,0.926060,0.926020,0.926040
1644815820,0.926040,0.926040,0.925990,0.926020
1644815880,0.926010,0.926050,0.925960,0.925980
1644815940,0.925990,0.926040,0.925960,0.926030
1644816000,0.926050,0.926050,0.926000,0.926010
1644816060,0.926010,0.926040,0.925990,0.925990
1644816120,0.926010,0.926030,0.925980,0.926010
1644816180,0.926010,0.926010,0.925950,0.925960
1644816240,0.925960,0.925960,0.925950,0.925950
1644816300,0.925940,0.925950,0.925790,0.925800
1644816360,0.925790,0.925800,0.925780,0.925790
1644816420,0.925790,0.925800,0.925760,0.925780
1644816480,0.925790,0.925800,0.925780,0.925790
1644816540,0.925790,0.925790,0.925790,0.925790
1644816600,0.925800,0.925800,0.925710,0.925730
1644816660,0.925710,0.925720,0.925710,0.925720
1644816780,0.925710,0.925720,0.925710,0.925720
1644816840,0.925710,0.925720,0.925710,0.925720
1644816900,0.925710,0.925710,0.925640,0.925670
1644816960,0.925660,0.925680,0.925660,0.925670
1644817020,0.925670,0.925670,0.925660,0.925670
1644817080,0.925670,0.925710,0.925660,0.925660
1644817140,0.925660,0.925670,0.925660,0.925660
1644817200,0.925660,0.925660,0.925590,0.925600
1644817260,0.925610,0.925640,0.925610,0.925630
1644817320,0.925640,0.925640,0.925630,0.925630
1644817380,0.925630,0.925630,0.925550,0.925550
1644817440,0.925550,0.925550,0.925480,0.925480
1644817500,0.925480,0.925490,0.925450,0.925450
1644817560,0.925440,0.925440,0.925360,0.925370
1644817620,0.925370,0.925430,0.925360,0.925400
1644817680,0.925400,0.925400,0.925380,0.925380
1644817740,0.925380,0.925380,0.925360,0.925360
1644817800,0.925360,0.925370,0.925350,0.925350
1644817860,0.925330,0.925330,0.925290,0.925290
1644817920,0.925290,0.925290,0.925250,0.925260
1644817980,0.925230,0.925290,0.925200,0.925290
1644818040,0.925290,0.925330,0.925280,0.925280
1644818100,0.925290,0.925290,0.925290,0.925290
1644818160,0.925290,0.925370,0.925290,0.925330
1644818220,0.925340,0.925350,0.925300,0.925300
1644818280,0.925310,0.925320,0.925280,0.925280
1644818340,0.925290,0.925290,0.925260,0.925280
1644818400,0.925300,0.925350,0.925260,0.925270
1644818460,0.925270,0.925310,0.925110,0.925150
1644818520,0.925170,0.925240,0.925170,0.925220
1644818580,0.925210,0.925270,0.925210,0.925260
1644818640,0.925260,0.925270,0.925230,0.925270
1644818700,0.925270,0.925280,0.925210,0.925210
1644818760,0.925220,0.925330,0.925220,0.925330
1644818820,0.925340,0.925380,0.925320,0.925380
1644818880,0.925390,0.925390,0.925360,0.925360
1644818940,0.925360,0.925420,0.925360,0.925360
1644819000,0.925360,0.925360,0.925230,0.925240
1644819060,0.925230,0.925230,0.925120,0.925130
1644819120,0.925130,0.925150,0.925120,0.925120
1644819180,0.925130,0.925200,0.925130,0.925160
1644819240,0.925140,0.925140,0.925070,0.925140
1644819300,0.925150,0.925260,0.925150,0.925260
1644819360,0.925260,0.925270,0.925150,0.925170
1644819420,0.925190,0.925240,0.925130,0.925160
1644819480,0.925180,0.925200,0.925130,0.925190
1644819540,0.925200,0.925210,0.925130,0.925130
1644819600,0.925120,0.925210,0.925120,0.925170
1644819660,0.925180,0.925260,0.925160,0.925250
1644819720,0.925270,0.925280,0.925220,0.925230
1644819780,0.925230,0.925280,0.925230,0.925280
1644819840,0.925270,0.925280,0.925220,0.925240
1644819900,0.925220,0.925270,0.925220,0.925270
1644819960,0.925260,0.925280,0.925230,0.925260
1644820020,0.925250,0.925270,0.925240,0.925250
1644820080,0.925250,0.925250,0.925210,0.925220
1644820140,0.925230,0.925270,0.925210,0.925220
1644820200,0.925220,0.925290,0.925220,0.925290
1644820260,0.925290,0.925360,0.925270,0.925290
1644820320,0.925290,0.925330,0.925290,0.925320
1644820380,0.925310,0.925360,0.925310,0.925340
1644820440,0.925340,0.925350,0.925280,0.925280
1644820500,0.925270,0.925320,0.925270,0.925300
1644820560,0.925290,0.925380,0.925290,0.925380
1644820620,0.925380,0.925410,0.925380,0.925410
1644820680,0.925400,0.925400,0.925270,0.925280
1644820740,0.925290,0.925360,0.925280,0.925350
1644820800,0.925350,0.925370,0.925330,0.925350
1644820860,0.925340,0.925350,0.925320,0.925350
1644820920,0.925340,0.925470,0.925340,0.925470
1644820980,0.925470,0.925530,0.925470,0.925530
1644821040,0.925530,0.925530,0.925520,0.925530
1644821100,0.925520,0.925580,0.925520,0.925570
1644821160,0.925560,0.925560,0.925520,0.925540
1644821220,0.925540,0.925550,0.925440,0.925460
1644821280,0.925470,0.925490,0.925400,0.925410
1644821340,0.925410,0.925470,0.925410,0.925440
1644821400,0.925440,0.925480,0.925420,0.925450
1644821460,0.925460,0.925540,0.925450,0.925540
1644821520,0.925540,0.925540,0.925500,0.925530
1644821580,0.925540,0.925540,0.925400,0.925410
1644821640,0.925420,0.925420,0.925310,0.925350
1644821700,0.925300,0.925300,0.925240,0.925250
1644821760,0.925240,0.925280,0.925220,0.925220
1644821820,0.925210,0.925230,0.925170,0.925210
1644821880,0.925210,0.925210,0.925120,0.925120
1644821940,0.925130,0.925130,0.924960,0.925030
1644822000,0.925040,0.925210,0.925040,0.925100
1644822060,0.925110,0.925160,0.925090,0.925130
1644822120,0.925120,0.925150,0.925070,0.925070
1644822180,0.925070,0.925410,0.925070,0.925410
1644822240,0.925420,0.925700,0.925410,0.925690
1644822300,0.925700,0.925760,0.925570,0.925650
1644822360,0.925660,0.925690,0.925610,0.925680
1644822420,0.925680,0.925680,0.925590,0.925600
1644822480,0.925590,0.925600,0.925440,0.925450
1644822540,0.925460,0.925480,0.925390,0.925420
1644822600,0.925410,0.925410,0.925320,0.925320
1644822660,0.925320,0.925320,0.925210,0.925270
1644822720,0.925290,0.925560,0.925280,0.925550
1644822780,0.925540,0.925560,0.925500,0.925560
1644822840,0.925540,0.925630,0.925510,0.925540
1644822900,0.925540,0.925590,0.925500,0.925550
1644822960,0.925550,0.925560,0.925450,0.925500
1644823020,0.925500,0.925520,0.925400,0.925400
1644823080,0.925400,0.925400,0.925220,0.925220
1644823140,0.925210,0.925280,0.925200,0.925210
1644823200,0.925230,0.925370,0.925150,0.925150
1644823260,0.925150,0.925200,0.925080,0.925200
1644823320,0.925200,0.925240,0.924920,0.924950
1644823380,0.924970,0.925010,0.924910,0.924940
1644823440,0.924940,0.925060,0.924940,0.925010
1644823500,0.925010,0.925060,0.924970,0.924980
1644823560,0.924970,0.925050,0.924970,0.924980
1644823620,0.924970,0.925050,0.924970,0.925020
1644823680,0.925020,0.925140,0.925020,0.925090
1644823740,0.925110,0.925130,0.925040,0.925090
1644823800,0.925070,0.925180,0.925060,0.925120
1644823860,0.925130,0.925140,0.925020,0.925080
1644823920,0.925060,0.925070,0.924900,0.924950
1644823980,0.924950,0.925000,0.924940,0.925000
1644824040,0.925020,0.925040,0.924970,0.925030
1644824100,0.925010,0.925060,0.925000,0.925010
1644824160,0.925050,0.925070,0.924990,0.925050
1644824220,0.925030,0.925120,0.924940,0.925120
1644824280,0.925110,0.925160,0.925070,0.925150
1644824340,0.925140,0.925180,0.925140,0.925170
1644824400,0.925160,0.925160,0.924940,0.924970
1644824460,0.924950,0.925170,0.924900,0.925160
1644824520,0.925170,0.925310,0.925100,0.925240
1644824580,0.925230,0.925330,0.925230,0.925330
1644824640,0.925320,0.925330,0.925200,0.925200
1644824700,0.925210,0.925250,0.925160,0.925210
1644824760,0.925210,0.925360,0.925180,0.925350
1644824820,0.925360,0.925450,0.925330,0.925450
1644824880,0.925450,0.925660,0.925450,0.925630
1644824940,0.925640,0.925650,0.925400,0.925420
1644825000,0.925430,0.925480,0.925280,0.925280
1644825060,0.925330,0.925330,0.925180,0.925180
1644825120,0.925180,0.925210,0.925130,0.925140
1644825180,0.925150,0.925150,0.925050,0.925050
1644825240,0.925040,0.925040,0.924880,0.924910
1644825300,0.924920,0.924950,0.924880,0.924890
1644825360,0.924890,0.924920,0.924820,0.924820
1644825420,0.924820,0.925120,0.924810,0.925060
1644825480,0.925060,0.925100,0.924970,0.924970
1644825540,0.924970,0.924990,0.924920,0.924990
1644825600,0.925000,0.925020,0.924720,0.924750
1644825660,0.924760,0.924840,0.924600,0.924600
1644825720,0.924620,0.924710,0.924450,0.924690
1644825780,0.924690,0.924980,0.924690,0.924970
1644825840,0.924960,0.925110,0.924850,0.925110
1644825900,0.925110,0.925310,0.925040,0.925250
1644825960,0.925240,0.925450,0.925230,0.925320
1644826020,0.925310,0.925430,0.925210,0.925400
1644826080,0.925410,0.925420,0.925120,0.925140
1644826140,0.925140,0.925310,0.925050,0.925300
1644826200,0.925310,0.925540,0.925300,0.925380
1644826260,0.925370,0.925370,0.925160,0.925170
1644826320,0.925170,0.925440,0.925150,0.925300
1644826380,0.925300,0.925360,0.925130,0.925200
1644826440,0.925200,0.925310,0.925070,0.925260
1644826500,0.925250,0.925530,0.925200,0.925420
1644826560,0.925420,0.925500,0.925310,0.925330
1644826620,0.925340,0.925410,0.925230,0.925360
1644826680,0.925370,0.925390,0.925100,0.925110
1644826740,0.925110,0.925150,0.924910,0.925080
1644826800,0.925080,0.925080,0.924890,0.924900
1644826860,0.924910,0.925160,0.924900,0.924950
1644826920,0.924940,0.924970,0.924880,0.924900
1644826980,0.924900,0.924910,0.924820,0.924820
1644827040,0.924830,0.924970,0.924800,0.924970
1644827100,0.924980,0.925090,0.924850,0.925070
1644827160,0.925070,0.925130,0.924990,0.924990
1644827220,0.924990,0.925230,0.924990,0.925200
1644827280,0.925210,0.925220,0.924920,0.925220
1644827340,0.925210,0.925210,0.924960,0.925060
1644827400,0.925070,0.925380,0.925060,0.925380
1644827460,0.925370,0.925420,0.925150,0.925410
1644827520,0.925430,0.925540,0.925290,0.925420
1644827580,0.925420,0.925560,0.925380,0.925560
1644827640,0.925570,0.925730,0.925460,0.925650
1644827700,0.925650,0.925830,0.925560,0.925780
1644827760,0.925770,0.925900,0.925730,0.925840
1644827820,0.925830,0.925980,0.925790,0.925890
1644827880,0.925890,0.925970,0.925760,0.925870
1644827940,0.925870,0.925900,0.925690,0.925750
1644828000,0.925750,0.925850,0.925740,0.925830
1644828060,0.925840,0.925950,0.925790,0.925880
1644828120,0.925890,0.926010,0.925800,0.925850
1644828180,0.925850,0.925900,0.925740,0.925760
1644828240,0.925760,0.925760,0.925620,0.925740
1644828300,0.925730,0.925730,0.925410,0.925650
1644828360,0.925640,0.925910,0.925640,0.925820
1644828420,0.925830,0.925830,0.925480,0.925620
1644828480,0.925610,0.925630,0.925470,0.925570
1644828540,0.925570,0.925590,0.925430,0.925590
1644828600,0.925540,0.925560,0.925400,0.925410
1644828660,0.925410,0.925480,0.925240,0.925420
1644828720,0.925440,0.925500,0.925080,0.925140
1644828780,0.925130,0.925130,0.924640,0.924790
1644828840,0.924790,0.924790,0.924440,0.924460
1644828900,0.924470,0.924840,0.924470,0.924560
1644828960,0.924550,0.924740,0.924550,0.924660
1644829020,0.924660,0.924680,0.924380,0.924420
1644829080,0.924430,0.924620,0.924380,0.924490
1644829140,0.924500,0.924520,0.924230,0.924290
1644829200,0.924280,0.924430,0.924240,0.924340
1644829260,0.924350,0.924540,0.924300,0.924490
1644829320,0.924500,0.924500,0.924310,0.924430
1644829380,0.924420,0.924420,0.923900,0.923920
1644829440,0.923930,0.924000,0.923800,0.923890
1644829500,0.923890,0.923940,0.923740,0.923880
1644829560,0.923870,0.924150,0.923870,0.924140
1644829620,0.924170,0.924430,0.924170,0.924410
1644829680,0.924420,0.924430,0.924300,0.924340
1644829740,0.924340,0.924480,0.924140,0.924270
1644829800,0.924270,0.924360,0.924220,0.924300
1644829860,0.924300,0.924320,0.924170,0.924290
1644829920,0.924300,0.924580,0.924280,0.924500
1644829980,0.924490,0.924600,0.924490,0.924570
1644830040,0.924590,0.924900,0.924590,0.924890
1644830100,0.924880,0.924890,0.924390,0.924390
1644830160,0.924410,0.924440,0.924300,0.924380
1644830220,0.924390,0.924420,0.924310,0.924350
1644830280,0.924350,0.924410,0.924150,0.924220
1644830340,0.924200,0.924220,0.924030,0.924200
1644830400,0.924200,0.924430,0.924190,0.924430
1644830460,0.924430,0.924530,0.924430,0.924460
1644830520,0.924470,0.924540,0.924450,0.924490
1644830580,0.924490,0.924510,0.924380,0.924400
1644830640,0.924400,0.924470,0.924320,0.924470
1644830700,0.924470,0.924530,0.924260,0.924310
1644830760,0.924310,0.924400,0.924230,0.924380
1644830820,0.924380,0.924590,0.924350,0.924590
1644830880,0.924570,0.924570,0.924390,0.924420
1644830940,0.924420,0.924500,0.924380,0.924480
1644831000,0.924480,0.924500,0.924410,0.924410
1644831060,0.924420,0.924420,0.924380,0.924380
1644831120,0.924370,0.924590,0.924370,0.924550
1644831180,0.924570,0.924570,0.924280,0.924320
1644831240,0.924320,0.924590,0.924300,0.924300
1644831300,0.924310,0.924380,0.924240,0.924280
1644831360,0.924290,0.924320,0.924210,0.924240
1644831420,0.924240,0.924250,0.924090,0.924130
1644831480,0.924150,0.924150,0.924030,0.924050
1644831540,0.924050,0.924130,0.924010,0.924010
1644831600,0.924020,0.924160,0.923940,0.924160
1644831660,0.924160,0.924200,0.924070,0.924110
1644831720,0.924110,0.924180,0.924030,0.924180
1644831780,0.924170,0.924170,0.923970,0.924010
1644831840,0.924020,0.924020,0.923890,0.923920
1644831900,0.923930,0.924010,0.923910,0.924010
1644831960,0.924020,0.924250,0.924020,0.924150
1644832020,0.924140,0.924150,0.923980,0.924000
1644832080,0.923990,0.924160,0.923990,0.924150
1644832140,0.924190,0.924240,0.924190,0.924230
1644832200,0.924220,0.924240,0.924200,0.924230
1644832260,0.924230,0.924250,0.924130,0.924210
1644832320,0.924210,0.924240,0.924190,0.924210
1644832380,0.924210,0.924230,0.924130,0.924130
1644832440,0.924130,0.924140,0.924040,0.924120
1644832500,0.924120,0.924150,0.924050,0.924050
1644832560,0.924060,0.924200,0.924060,0.924190
1644832620,0.924190,0.924200,0.924140,0.924190
1644832680,0.924190,0.924240,0.924130,0.924140
1644832740,0.924140,0.924220,0.924080,0.924200
1644832800,0.924210,0.924330,0.924210,0.924310
1644832860,0.924280,0.924420,0.924180,0.924180
1644832920,0.924200,0.924250,0.924130,0.924190
1644832980,0.924180,0.924180,0.924000,0.924150
1644833040,0.924160,0.924210,0.924110,0.924200
1644833100,0.924220,0.924410,0.924210,0.924310
1644833160,0.924320,0.924420,0.924320,0.924370
1644833220,0.924380,0.924510,0.924360,0.924510
1644833280,0.924500,0.924670,0.924490,0.924600
1644833340,0.924620,0.924780,0.924620,0.924740
1644833400,0.924720,0.924740,0.924670,0.924740
1644833460,0.924740,0.924740,0.924610,0.924670
1644833520,0.924670,0.924740,0.924620,0.924740
1644833580,0.924730,0.924750,0.924660,0.924710
1644833640,0.924710,0.924770,0.924690,0.924750
1644833700,0.924750,0.924770,0.924660,0.924730
1644833760,0.924740,0.924760,0.924610,0.924660
1644833820,0.924680,0.924680,0.924610,0.924630
1644833880,0.924620,0.924690,0.924610,0.924690
1644833940,0.924700,0.924910,0.924700,0.924910
1644834000,0.924910,0.924910,0.924780,0.924830
1644834060,0.924840,0.924850,0.924730,0.924730
1644834120,0.924750,0.924770,0.924670,0.924690
1644834180,0.924680,0.924690,0.924530,0.924550
1644834240,0.924550,0.924600,0.924550,0.924590
1644834300,0.924570,0.924660,0.924440,0.924480
1644834360,0.924480,0.924500,0.924300,0.924340
1644834420,0.924330,0.924350,0.924180,0.924310
1644834480,0.924310,0.924330,0.924210,0.924330
1644834540,0.924340,0.924340,0.924290,0.924310
1644834600,0.924310,0.924410,0.924300,0.924390
1644834660,0.924400,0.924520,0.924390,0.924480
1644834720,0.924470,0.924510,0.924400,0.924430
1644834780,0.924410,0.924520,0.924400,0.924470
1644834840,0.924470,0.924520,0.924440,0.924500
1644834900,0.924500,0.924500,0.924390,0.924440
1644834960,0.924430,0.924470,0.924410,0.924470
1644835020,0.924490,0.924590,0.924310,0.924570
1644835080,0.924580,0.924580,0.924340,0.924390
1644835140,0.924370,0.924670,0.924370,0.924580
1644835200,0.924560,0.924750,0.924510,0.924650
1644835260,0.924690,0.924950,0.924630,0.924910
1644835320,0.924900,0.924950,0.924850,0.924850
1644835380,0.924850,0.925050,0.924850,0.925010
1644835440,0.925000,0.925030,0.924940,0.924950
1644835500,0.924940,0.924940,0.924630,0.924670
1644835560,0.924670,0.924740,0.924630,0.924640
1644835620,0.924650,0.924650,0.924440,0.924470
1644835680,0.924460,0.924460,0.924380,0.924410
1644835740,0.924420,0.924540,0.924380,0.924450
1644835800,0.924440,0.924610,0.924320,0.924600
1644835860,0.924590,0.924630,0.924480,0.924530
1644835920,0.924520,0.924540,0.924420,0.924420
1644835980,0.924410,0.924480,0.924410,0.924450
1644836040,0.924450,0.924480,0.924390,0.924450
1644836100,0.924420,0.924440,0.924150,0.924220
1644836160,0.924240,0.924490,0.924220,0.924490
1644836220,0.924490,0.924530,0.924420,0.924530
1644836280,0.924540,0.924610,0.924480,0.924570
1644836340,0.924550,0.924560,0.924420,0.924440
1644836400,0.924430,0.924460,0.924360,0.924430
1644836460,0.924440,0.924440,0.924310,0.924360
1644836520,0.924350,0.924570,0.924350,0.924560
1644836580,0.924580,0.924690,0.924550,0.924680
1644836640,0.924680,0.924750,0.924640,0.924710
1644836700,0.924710,0.924900,0.924690,0.924890
1644836760,0.924880,0.925150,0.924880,0.925070
1644836820,0.925080,0.925090,0.924990,0.925080
1644836880,0.925080,0.925200,0.925060,0.925190
1644836940,0.925180,0.925220,0.925170,0.925190
1644837000,0.925200,0.925260,0.925160,0.925170
1644837060,0.925170,0.925260,0.925100,0.925260
1644837120,0.925250,0.925250,0.925170,0.925230
1644837180,0.925230,0.925290,0.925190,0.925190
1644837240,0.925180,0.925260,0.925180,0.925230
1644837300,0.925230,0.925260,0.925180,0.925260
1644837360,0.925280,0.925400,0.925280,0.925350
1644837420,0.925350,0.925370,0.925180,0.925210
1644837480,0.925170,0.925170,0.924940,0.924960
1644837540,0.924950,0.925010,0.924910,0.924950
1644837600,0.924950,0.924990,0.924900,0.924910
1644837660,0.924890,0.924910,0.924570,0.924600
1644837720,0.924600,0.924660,0.924520,0.924560
1644837780,0.924560,0.924570,0.924470,0.924490
1644837840,0.924490,0.924640,0.924480,0.924570
1644837900,0.924590,0.924720,0.924590,0.924660
1644837960,0.924650,0.924810,0.924640,0.924740
1644838020,0.924750,0.924790,0.924610,0.924630
1644838080,0.924630,0.924660,0.924620,0.924640
1644838140,0.924650,0.924680,0.924520,0.924530
1644838200,0.924540,0.924780,0.924540,0.924690
1644838260,0.924690,0.924760,0.924680,0.924750
1644838320,0.924760,0.924810,0.924740,0.924750
1644838380,0.924750,0.924900,0.924750,0.924830
1644838440,0.924840,0.924960,0.924780,0.924890
1644838500,0.924890,0.925160,0.924870,0.925120
1644838560,0.925130,0.925140,0.925010,0.925140
1644838620,0.925130,0.925150,0.925020,0.925090
1644838680,0.925090,0.925110,0.925020,0.925060
1644838740,0.925070,0.925090,0.925000,0.925030
1644838800,0.925030,0.925120,0.924990,0.925120
1644838860,0.925120,0.925290,0.925120,0.925280
1644838920,0.925270,0.925330,0.925260,0.925280
1644838980,0.925280,0.925310,0.925170,0.925240
1644839040,0.925250,0.925260,0.925130,0.925140
1644839100,0.925160,0.925450,0.925160,0.925340
1644839160,0.925340,0.925340,0.925300,0.925330
1644839220,0.925330,0.925340,0.925220,0.925240
1644839280,0.925240,0.925330,0.925240,0.925320
1644839340,0.925320,0.925430,0.925190,0.925190
1644839400,0.925170,0.925170,0.924680,0.924740
1644839460,0.924730,0.924870,0.924690,0.924840
1644839520,0.924810,0.924870,0.924780,0.924840
1644839580,0.924850,0.924910,0.924810,0.924850
1644839640,0.924870,0.924880,0.924790,0.924840
1644839700,0.924840,0.924850,0.924810,0.924810
1644839760,0.924820,0.924850,0.924650,0.924700
1644839820,0.924700,0.924780,0.924680,0.924770
1644839880,0.924750,0.924830,0.924720,0.924810
1644839940,0.924820,0.924840,0.924590,0.924620
1644840000,0.924620,0.924710,0.924600,0.924680
1644840060,0.924670,0.924680,0.924450,0.924500
1644840120,0.924490,0.924630,0.924410,0.924520
1644840180,0.924490,0.924500,0.924400,0.924410
1644840240,0.924400,0.924520,0.924380,0.924520
1644840300,0.924520,0.924540,0.924390,0.924420
1644840360,0.924410,0.924500,0.924410,0.924460
1644840420,0.924440,0.924470,0.924270,0.924360
1644840480,0.924330,0.924470,0.924300,0.924430
1644840540,0.924430,0.924560,0.924390,0.924560
1644840600,0.924560,0.924670,0.924370,0.924590
1644840660,0.924570,0.924610,0.924530,0.924570
1644840720,0.924590,0.924600,0.924490,0.924500
1644840780,0.924510,0.924510,0.924330,0.924360
1644840840,0.924390,0.924400,0.924320,0.924320
1644840900,0.924320,0.924360,0.924270,0.924330
1644840960,0.924330,0.924420,0.924300,0.924400
1644841020,0.924410,0.924430,0.924240,0.924280
1644841080,0.924280,0.924310,0.924240,0.924280
1644841140,0.924300,0.924400,0.924290,0.924310
1644841200,0.924320,0.924490,0.924320,0.924490
1644841260,0.924490,0.924580,0.924440,0.924490
1644841320,0.924470,0.924470,0.924300,0.924320
1644841380,0.924330,0.924480,0.924320,0.924320
1644841440,0.924310,0.924490,0.924310,0.924410
1644841500,0.924420,0.924500,0.924400,0.924500
1644841560,0.924500,0.924730,0.924490,0.924500
1644841620,0.924510,0.924510,0.924440,0.924490
1644841680,0.924490,0.924500,0.924390,0.924410
1644841740,0.924400,0.924470,0.924220,0.924240
1644841800,0.924250,0.924420,0.924190,0.924390
1644841860,0.924380,0.924400,0.924240,0.924300
1644841920,0.924300,0.924380,0.924160,0.924210
1644841980,0.924210,0.924300,0.924140,0.924280
1644842040,0.924280,0.924370,0.924240,0.924350
1644842100,0.924380,0.924550,0.924360,0.924420
1644842160,0.924420,0.924520,0.924390,0.924510
1644842220,0.924500,0.924530,0.924290,0.924300
1644842280,0.924280,0.924630,0.924270,0.924620
1644842340,0.924620,0.924680,0.923790,0.923950
1644842400,0.923950,0.924390,0.923860,0.924100
1644842460,0.924100,0.924300,0.924000,0.924130
1644842520,0.924140,0.924460,0.924140,0.924450
1644842580,0.924450,0.924690,0.924380,0.924690
1644842640,0.924670,0.924760,0.924610,0.924710
1644842700,0.924700,0.924740,0.924550,0.924580
1644842760,0.924570,0.924570,0.924250,0.924380
1644842820,0.924380,0.924500,0.924260,0.924300
1644842880,0.924300,0.924430,0.924180,0.924420
1644842940,0.924420,0.924420,0.924140,0.924250
1644843000,0.924260,0.924670,0.924250,0.924610
1644843060,0.924590,0.924950,0.924560,0.924840
1644843120,0.924840,0.924880,0.924620,0.924880
1644843180,0.924870,0.924900,0.924600,0.924820
1644843240,0.924800,0.924930,0.924720,0.924910
1644843300,0.924890,0.925210,0.924840,0.925070
1644843360,0.925100,0.925110,0.924910,0.924980
1644843420,0.924980,0.925110,0.924920,0.924950
1644843480,0.924940,0.925020,0.924840,0.924940
1644843540,0.924940,0.925150,0.924910,0.925030
1644843600,0.925030,0.925130,0.924870,0.924920
1644843660,0.924910,0.925190,0.924910,0.924980
1644843720,0.924970,0.925180,0.924940,0.925170
1644843780,0.925170,0.925340,0.925120,0.925310
1644843840,0.925300,0.925590,0.925300,0.925580
1644843900,0.925580,0.925620,0.925430,0.925610
1644843960,0.925610,0.925630,0.925410,0.925440
1644844020,0.925430,0.925470,0.925330,0.925400
1644844080,0.925410,0.925440,0.925190,0.925190
1644844140,0.925150,0.925260,0.925150,0.925230
1644844200,0.925220,0.925430,0.925190,0.925420
1644844260,0.925420,0.925470,0.925190,0.925190
1644844320,0.925160,0.925160,0.925050,0.925150
1644844380,0.925140,0.925240,0.924980,0.925160
1644844440,0.925150,0.925330,0.925150,0.925320
1644844500,0.925300,0.925330,0.925020,0.925030
1644844560,0.925020,0.925150,0.924920,0.925110
1644844620,0.925120,0.925290,0.925120,0.925240
1644844680,0.925250,0.925250,0.924990,0.925170
1644844740,0.925190,0.925450,0.925170,0.925450
1644844800,0.925460,0.925580,0.925280,0.925320
1644844860,0.925340,0.925570,0.925310,0.925560
1644844920,0.925560,0.925560,0.925460,0.925530
1644844980,0.925530,0.925580,0.925350,0.925410
1644845040,0.925410,0.925410,0.925270,0.925270
1644845100,0.925270,0.925310,0.925170,0.925220
1644845160,0.925220,0.925220,0.925040,0.925050
1644845220,0.925070,0.925160,0.924880,0.925030
1644845280,0.925020,0.925160,0.924910,0.924940
1644845340,0.924940,0.924990,0.924720,0.924740
1644845400,0.924730,0.924830,0.924720,0.924830
1644845460,0.924830,0.924890,0.924720,0.924740
1644845520,0.924740,0.925220,0.924720,0.925200
1644845580,0.925190,0.925380,0.925020,0.925200
1644845640,0.925220,0.925640,0.925200,0.925620
1644845700,0.925600,0.925940,0.925580,0.925940
1644845760,0.925930,0.926370,0.925880,0.926180
1644845820,0.926170,0.926460,0.926140,0.926410
1644845880,0.926400,0.926450,0.926290,0.926430
1644845940,0.926430,0.926450,0.925910,0.925910
1644846000,0.925910,0.926000,0.925540,0.925540
1644846060,0.925550,0.925600,0.925360,0.925590
1644846120,0.925580,0.925870,0.925570,0.925840
1644846180,0.925820,0.926130,0.925820,0.926100
1644846240,0.926090,0.926200,0.925810,0.925840
1644846300,0.925840,0.926150,0.925780,0.926100
1644846360,0.926090,0.926130,0.925970,0.926000
1644846420,0.926000,0.926140,0.925980,0.926090
1644846480,0.926070,0.926070,0.925870,0.925940
1644846540,0.925930,0.926000,0.925730,0.925760
1644846600,0.925760,0.925920,0.925720,0.925790
1644846660,0.925790,0.925930,0.925740,0.925840
1644846720,0.925840,0.926150,0.925840,0.926040
1644846780,0.926040,0.926040,0.925850,0.926030
1644846840,0.926030,0.926080,0.925920,0.925930
1644846900,0.925920,0.925930,0.925680,0.925720
1644846960,0.925710,0.925710,0.925540,0.925590
1644847020,0.925600,0.925750,0.925580,0.925630
1644847080,0.925630,0.925860,0.925610,0.925780
1644847140,0.925790,0.925850,0.925490,0.925580
1644847200,0.925590,0.925650,0.925500,0.925630
1644847260,0.925630,0.925830,0.925550,0.925830
1644847320,0.925820,0.925840,0.925600,0.925610
1644847380,0.925600,0.925740,0.925540,0.925630
1644847440,0.925630,0.925680,0.925440,0.925520
1644847500,0.925510,0.925580,0.925190,0.925220
1644847560,0.925230,0.925230,0.925000,0.925150
1644847620,0.925150,0.925210,0.925080,0.925140
1644847680,0.925140,0.925270,0.925130,0.925140
1644847740,0.925160,0.925520,0.925160,0.925520
1644847800,0.925520,0.925540,0.925230,0.925240
1644847860,0.925220,0.925240,0.925070,0.925070
1644847920,0.925080,0.925190,0.924980,0.925000
1644847980,0.925000,0.925110,0.924980,0.925050
1644848040,0.925060,0.925110,0.924910,0.924960
1644848100,0.924960,0.925260,0.924950,0.925100
1644848160,0.925100,0.925100,0.924660,0.924660
1644848220,0.924660,0.924810,0.924620,0.924650
1644848280,0.924660,0.924860,0.924660,0.924740
1644848340,0.924730,0.924910,0.924720,0.924890
1644848400,0.924900,0.924960,0.924840,0.924850
1644848460,0.924860,0.924950,0.924780,0.924910
1644848520,0.924910,0.924910,0.924780,0.924780
1644848580,0.924810,0.924850,0.924770,0.924810
1644848640,0.924810,0.925010,0.924800,0.925000
1644848700,0.925000,0.925250,0.924980,0.925180
1644848760,0.925190,0.925270,0.925010,0.925080
1644848820,0.925080,0.925220,0.924990,0.925150
1644848880,0.925150,0.925190,0.924990,0.925190
1644848940,0.925190,0.925300,0.925190,0.925230
1644849000,0.925260,0.925470,0.925140,0.925410
1644849060,0.925390,0.925590,0.925290,0.925390
1644849120,0.925380,0.925400,0.925170,0.925200
1644849180,0.925180,0.925440,0.925130,0.925410
1644849240,0.925410,0.925590,0.925400,0.925420
1644849300,0.925420,0.925820,0.925380,0.925810
1644849360,0.925810,0.925880,0.925530,0.925680
1644849420,0.925700,0.925830,0.925670,0.925770
1644849480,0.925770,0.925870,0.925710,0.925860
1644849540,0.925870,0.926070,0.925860,0.925890
1644849600,0.925910,0.925920,0.925660,0.925790
1644849660,0.925790,0.925870,0.925700,0.925840
1644849720,0.925840,0.925890,0.925690,0.925690
1644849780,0.925670,0.925700,0.925490,0.925700
1644849840,0.925700,0.925900,0.925650,0.925860
1644849900,0.925870,0.925900,0.925830,0.925870
1644849960,0.925850,0.925900,0.925770,0.925880
1644850020,0.925880,0.926070,0.925860,0.925980
1644850080,0.925970,0.926120,0.925970,0.926080
1644850140,0.926090,0.926270,0.926070,0.926170
1644850200,0.926160,0.926170,0.925990,0.926120
1644850260,0.926130,0.926180,0.925990,0.926000
1644850320,0.926000,0.926000,0.925870,0.925920
1644850380,0.925920,0.926060,0.925910,0.926010
1644850440,0.925990,0.926110,0.925920,0.925920
1644850500,0.925930,0.925980,0.925800,0.925980
1644850560,0.925970,0.926070,0.925830,0.926030
1644850620,0.926020,0.926080,0.925950,0.925980
1644850680,0.925990,0.926080,0.925950,0.925990
1644850740,0.926000,0.926090,0.925870,0.926080
1644850800,0.926090,0.926210,0.926060,0.926130
1644850860,0.926110,0.926140,0.926000,0.926010
1644850920,0.926010,0.926260,0.926010,0.926050
1644850980,0.926050,0.926110,0.925980,0.926090
1644851040,0.926090,0.926140,0.925810,0.925830
1644851100,0.925830,0.926060,0.925750,0.926040
1644851160,0.926040,0.926200,0.925880,0.925880
1644851220,0.925880,0.925980,0.925840,0.925930
1644851280,0.925920,0.925960,0.925870,0.925950
1644851340,0.925960,0.926180,0.925960,0.926170
1644851400,0.926180,0.926180,0.925940,0.926030
1644851460,0.926050,0.926130,0.925970,0.926000
1644851520,0.926010,0.926310,0.926010,0.926310
1644851580,0.926290,0.926450,0.926280,0.926440
1644851640,0.926440,0.926440,0.926210,0.926260
1644851700,0.926270,0.926480,0.926230,0.926460
1644851760,0.926450,0.926460,0.926320,0.926360
1644851820,0.926350,0.926520,0.926320,0.926450
1644851880,0.926440,0.926530,0.926360,0.926400
1644851940,0.926410,0.926680,0.926380,0.926560
1644852000,0.926560,0.926710,0.926560,0.926620
1644852060,0.926610,0.926780,0.926550,0.926620
1644852120,0.926620,0.926930,0.926620,0.926790
1644852180,0.926790,0.926790,0.926620,0.926650
1644852240,0.926650,0.926650,0.926520,0.926540
1644852300,0.926550,0.926660,0.926550,0.926620
1644852360,0.926640,0.926740,0.926610,0.926650
1644852420,0.926660,0.926710,0.926600,0.926610
1644852480,0.926600,0.926600,0.926530,0.926550
1644852540,0.926560,0.926600,0.926380,0.926380
1644852600,0.926380,0.926530,0.926370,0.926510
1644852660,0.926520,0.926640,0.926520,0.926610
1644852720,0.926640,0.926670,0.926550,0.926670
1644852780,0.926660,0.926730,0.926490,0.926520
1644852840,0.926510,0.926540,0.926420,0.926420
1644852900,0.926430,0.926440,0.926300,0.926300
1644852960,0.926270,0.926290,0.926220,0.926260
1644853020,0.926260,0.926280,0.926210,0.926260
1644853080,0.926250,0.926440,0.926250,0.926360
1644853140,0.926360,0.926440,0.926350,0.926370
1644853200,0.926370,0.926480,0.926280,0.926280
1644853260,0.926280,0.926400,0.926270,0.926400
1644853320,0.926410,0.926560,0.926410,0.926470
1644853380,0.926470,0.926800,0.926470,0.926800
1644853440,0.926790,0.926970,0.926760,0.926950
1644853500,0.926960,0.927110,0.926950,0.926970
1644853560,0.927020,0.927110,0.926950,0.927100
1644853620,0.927090,0.927190,0.926930,0.926960
1644853680,0.926960,0.926960,0.926780,0.926870
1644853740,0.926880,0.927040,0.926780,0.926780
1644853800,0.926780,0.926780,0.926450,0.926470
1644853860,0.926460,0.926540,0.926380,0.926520
1644853920,0.926520,0.926620,0.926460,0.926610
1644853980,0.926620,0.926660,0.926450,0.926600
1644854040,0.926600,0.926770,0.926500,0.926610
1644854100,0.926600,0.926600,0.926320,0.926320
1644854160,0.926320,0.926330,0.926150,0.926260
1644854220,0.926250,0.926270,0.926050,0.926170
1644854280,0.926140,0.926170,0.926030,0.926080
1644854340,0.926090,0.926260,0.926010,0.926130
1644854400,0.926130,0.926140,0.925990,0.926030
1644854460,0.926010,0.926040,0.925830,0.925900
1644854520,0.925900,0.926070,0.925850,0.925850
1644854580,0.925880,0.926140,0.925850,0.926110
1644854640,0.926090,0.926270,0.926020,0.926020
1644854700,0.926020,0.926110,0.925890,0.926110
1644854760,0.926110,0.926230,0.926020,0.926190
1644854820,0.926190,0.926290,0.926170,0.926290
1644854880,0.926290,0.926520,0.926290,0.926420
1644854940,0.926420,0.926470,0.926390,0.926430
1644855000,0.926430,0.926710,0.926420,0.926690
1644855060,0.926690,0.926710,0.926530,0.926600
1644855120,0.926590,0.926680,0.926550,0.926650
1644855180,0.926640,0.926640,0.926380,0.926470
1644855240,0.926480,0.926640,0.926480,0.926560
1644855300,0.926550,0.926690,0.926480,0.926630
1644855360,0.926640,0.926690,0.926580,0.926650
1644855420,0.926650,0.926800,0.926620,0.926750
1644855480,0.926750,0.926750,0.926660,0.926690
1644855540,0.926690,0.926720,0.926650,0.926680
1644855600,0.926670,0.926730,0.926660,0.926710
1644855660,0.926710,0.926710,0.926510,0.926510
1644855720,0.926510,0.926560,0.926420,0.926500
1644855780,0.926530,0.926590,0.926330,0.926340
1644855840,0.926330,0.926410,0.926280,0.926330
1644855900,0.926330,0.926410,0.926290,0.926340
1644855960,0.926340,0.926340,0.926150,0.926150
1644856020,0.926150,0.926160,0.926060,0.926150
1644856080,0.926150,0.926150,0.926050,0.926070
1644856140,0.926130,0.926130,0.925990,0.926000
1644856200,0.926020,0.926170,0.925990,0.926160
1644856260,0.926160,0.926160,0.926060,0.926110
1644856320,0.926120,0.926330,0.926120,0.926260
1644856380,0.926260,0.926510,0.926260,0.926480
1644856440,0.926480,0.926700,0.926230,0.926300
1644856500,0.926260,0.926350,0.926190,0.926220
1644856560,0.926220,0.926250,0.926040,0.926180
1644856620,0.926180,0.926320,0.926150,0.926150
1644856680,0.926150,0.926350,0.926150,0.926300
1644856740,0.926300,0.926490,0.926280,0.926490
1644856800,0.926490,0.926580,0.926420,0.926450
1644856860,0.926440,0.926520,0.926400,0.926500
1644856920,0.926500,0.926580,0.926430,0.926540
1644856980,0.926560,0.926620,0.926530,0.926560
1644857040,0.926550,0.926580,0.926400,0.926430
1644857100,0.926430,0.926480,0.926360,0.926480
1644857160,0.926470,0.926570,0.926400,0.926400
1644857220,0.926400,0.926450,0.926370,0.926410
1644857280,0.926420,0.926520,0.926350,0.926500
1644857340,0.926510,0.926550,0.926460,0.926470
1644857400,0.926470,0.926590,0.926440,0.926590
1644857460,0.926590,0.926660,0.926570,0.926640
1644857520,0.926620,0.926680,0.926530,0.926560
1644857580,0.926570,0.926610,0.926570,0.926600
1644857640,0.926590,0.926730,0.926560,0.926680
1644857700,0.926700,0.926700,0.926590,0.926590
1644857760,0.926590,0.926640,0.926580,0.926620
1644857820,0.926640,0.926660,0.926590,0.926640
1644857880,0.926640,0.926650,0.926510,0.926550
1644857940,0.926570,0.926620,0.926540,0.926550
1644858000,0.926550,0.926700,0.926550,0.926690
1644858060,0.926700,0.926760,0.926600,0.926600
1644858120,0.926590,0.926690,0.926590,0.926690
1644858180,0.926690,0.926720,0.926620,0.926650
1644858240,0.926660,0.926750,0.926630,0.926750
1644858300,0.926750,0.926790,0.926710,0.926750
1644858360,0.926760,0.926760,0.926640,0.926670
1644858420,0.926670,0.926700,0.926590,0.926600
1644858480,0.926600,0.926600,0.926490,0.926490
1644858540,0.926490,0.926490,0.926430,0.926450
1644858600,0.926460,0.926510,0.926430,0.926500
1644858660,0.926500,0.926600,0.926500,0.926600
1644858720,0.926600,0.926620,0.926580,0.926600
1644858780,0.926600,0.926680,0.926600,0.926640
1644858840,0.926630,0.926630,0.926350,0.926360
1644858900,0.926350,0.926360,0.926200,0.926230
1644858960,0.926230,0.926250,0.926190,0.926210
1644859020,0.926210,0.926310,0.926170,0.926240
1644859080,0.926230,0.926240,0.926190,0.926240
1644859140,0.926230,0.926260,0.926230,0.926260
1644859200,0.926290,0.926340,0.926270,0.926340
1644859260,0.926330,0.926430,0.926330,0.926360
1644859320,0.926360,0.926400,0.926260,0.926270
1644859380,0.926270,0.926270,0.926140,0.926160
1644859440,0.926170,0.926240,0.926160,0.926240
1644859500,0.926240,0.926310,0.926110,0.926120
1644859560,0.926130,0.926170,0.926100,0.926110
1644859620,0.926090,0.926110,0.926020,0.926110
1644859680,0.926080,0.926130,0.926050,0.926100
1644859740,0.926110,0.926140,0.926090,0.926110
1644859800,0.926110,0.926180,0.926040,0.926040
1644859860,0.926030,0.926090,0.925950,0.926020
1644859920,0.926020,0.926020,0.925980,0.926020
1644859980,0.926020,0.926080,0.925910,0.926010
1644860040,0.926000,0.926040,0.925970,0.925980
1644860100,0.925970,0.925970,0.925910,0.925910
1644860160,0.925920,0.925930,0.925900,0.925900
1644860220,0.925930,0.925950,0.925900,0.925910
1644860280,0.925910,0.925920,0.925870,0.925910
1644860340,0.925910,0.925930,0.925880,0.925910
1644860400,0.925910,0.925960,0.925900,0.925940
1644860460,0.925930,0.926000,0.925910,0.926000
1644860520,0.926000,0.926040,0.925990,0.926000
1644860580,0.926000,0.926070,0.925990,0.926000
1644860640,0.925990,0.925990,0.925860,0.925910
1644860700,0.925890,0.925980,0.925880,0.925970
1644860760,0.925990,0.926030,0.925960,0.926010
1644860820,0.926030,0.926040,0.925970,0.925970
1644860880,0.925990,0.925990,0.925920,0.925920
1644860940,0.925960,0.925960,0.925930,0.925930
1644861000,0.925930,0.925930,0.925890,0.925900
1644861060,0.925880,0.925890,0.925760,0.925760
1644861120,0.925790,0.925850,0.925720,0.925720
1644861180,0.925730,0.925730,0.925580,0.925590
1644861240,0.925600,0.925600,0.925310,0.925310
1644861300,0.925300,0.925310,0.925280,0.925290
1644861360,0.925270,0.925300,0.925250,0.925290
1644861420,0.925300,0.925330,0.925250,0.925310
1644861480,0.925310,0.925490,0.925310,0.925480
1644861540,0.925480,0.925520,0.925460,0.925470
1644861600,0.925470,0.925520,0.925410,0.925500
1644861660,0.925500,0.925550,0.925490,0.925550
1644861720,0.925560,0.925580,0.925480,0.925480
1644861780,0.925470,0.925490,0.925460,0.925480
1644861840,0.925480,0.925490,0.925430,0.925460
1644861900,0.925460,0.925570,0.925450,0.925450
1644861960,0.925450,0.925480,0.925420,0.925470
1644862020,0.925460,0.925460,0.925240,0.925240
1644862080,0.925260,0.925280,0.925210,0.925220
1644862140,0.925210,0.925290,0.925210,0.925280
1644862200,0.925270,0.925380,0.925240,0.925380
1644862260,0.925360,0.925360,0.925280,0.925290
1644862320,0.925300,0.925310,0.925290,0.925290
1644862380,0.925280,0.925280,0.925230,0.925240
1644862440,0.925280,0.925300,0.925280,0.925300
1644862500,0.925300,0.925420,0.925300,0.925420
1644862560,0.925420,0.925420,0.925370,0.925380
1644862620,0.925380,0.925500,0.925380,0.925410
1644862680,0.925450,0.925490,0.925420,0.925460
1644862740,0.925480,0.925540,0.925480,0.925540
1644862800,0.925550,0.925580,0.925510,0.925580
1644862860,0.925590,0.925600,0.925460,0.925480
1644862920,0.925480,0.925510,0.925390,0.925480
1644862980,0.925490,0.925540,0.925450,0.925460
1644863040,0.925460,0.925490,0.925360,0.925370
1644863100,0.925370,0.925400,0.925360,0.925370
1644863160,0.925370,0.925370,0.925300,0.925310
1644863220,0.925310,0.925510,0.925300,0.925510
1644863280,0.925520,0.925520,0.925380,0.925400
1644863340,0.925410,0.925410,0.925370,0.925380
1644863400,0.925380,0.925430,0.925370,0.925380
1644863460,0.925390,0.925390,0.925300,0.925300
1644863520,0.925310,0.925310,0.925220,0.925300
1644863580,0.925300,0.925380,0.925300,0.925370
1644863640,0.925390,0.925390,0.925360,0.925360
1644863700,0.925370,0.925390,0.925370,0.925370
1644863760,0.925360,0.925360,0.925300,0.925320
1644863820,0.925320,0.925510,0.925320,0.925500
1644863880,0.925500,0.925540,0.925400,0.925420
1644863940,0.925420,0.925420,0.925340,0.925370
1644864000,0.925360,0.925400,0.925330,0.925360
1644864060,0.925360,0.925360,0.925280,0.925300
1644864120,0.925310,0.925340,0.925220,0.925220
1644864180,0.925220,0.925310,0.925220,0.925220
1644864240,0.925230,0.925310,0.925190,0.925290
1644864300,0.925320,0.925340,0.925240,0.925250
1644864360,0.925240,0.925240,0.925180,0.925190
1644864420,0.925190,0.925240,0.925170,0.925190
1644864480,0.925180,0.925470,0.925180,0.925470
1644864540,0.925470,0.925560,0.925470,0.925530
1644864600,0.925530,0.925550,0.925310,0.925520
1644864660,0.925510,0.925510,0.925260,0.925280
1644864720,0.925290,0.925420,0.925170,0.925340
1644864780,0.925350,0.925500,0.925280,0.925280
1644864840,0.925250,0.925350,0.925190,0.925190
1644864900,0.925190,0.925260,0.925140,0.925220
1644864960,0.925210,0.925350,0.925170,0.925200
1644865020,0.925200,0.925210,0.925110,0.925170
1644865080,0.925160,0.925370,0.925160,0.925210
1644865140,0.925210,0.925320,0.925210,0.925300
1644865200,0.925300,0.925300,0.925130,0.925190
1644865260,0.925180,0.925210,0.925110,0.925150
1644865320,0.925150,0.925160,0.924950,0.924960
1644865380,0.924970,0.925070,0.924940,0.924940
1644865440,0.924950,0.925030,0.924800,0.925030
1644865500,0.925040,0.925070,0.924980,0.925020
1644865560,0.925020,0.925200,0.925010,0.925120
1644865620,0.925110,0.925230,0.925080,0.925120
1644865680,0.925130,0.925190,0.925090,0.925100
1644865740,0.925100,0.925120,0.924950,0.925030
1644865800,0.925040,0.925120,0.925020,0.925040
1644865860,0.925040,0.925180,0.925010,0.925130
1644865920,0.925130,0.925130,0.924780,0.924800
1644865980,0.924860,0.925020,0.924840,0.924950
1644866040,0.924960,0.925100,0.924960,0.925100
1644866100,0.925110,0.925220,0.925110,0.925150
1644866160,0.925160,0.925180,0.925050,0.925070
1644866220,0.925080,0.925080,0.924970,0.925040
1644866280,0.925050,0.925070,0.925030,0.925030
1644866340,0.925030,0.925030,0.924950,0.924960
1644866400,0.924950,0.925030,0.924930,0.925030
1644866460,0.925030,0.925510,0.924990,0.925490
1644866520,0.925520,0.925590,0.925130,0.925180
1644866580,0.925190,0.925240,0.925040,0.925190
1644866640,0.925200,0.925260,0.925010,0.925020
1644866700,0.925030,0.925120,0.924950,0.925030
1644866760,0.925010,0.925190,0.925010,0.925130
1644866820,0.925130,0.925180,0.925110,0.925170
1644866880,0.925170,0.925250,0.925100,0.925210
1644866940,0.925220,0.925440,0.924840,0.925300
1644867000,0.925280,0.925380,0.925200,0.925310
1644867060,0.925300,0.925430,0.925250,0.925370
1644867120,0.925360,0.925380,0.925290,0.925300
1644867180,0.925300,0.925460,0.925300,0.925380
1644867240,0.925380,0.925490,0.925290,0.925410
1644867300,0.925410,0.925650,0.925370,0.925480
1644867360,0.925510,0.925570,0.925400,0.925530
1644867420,0.925550,0.925600,0.925430,0.925530
1644867480,0.925530,0.925580,0.925310,0.925330
1644867540,0.925300,0.925330,0.925200,0.925260
1644867600,0.925270,0.925380,0.925210,0.925370
1644867660,0.925360,0.925470,0.925350,0.925470
1644867720,0.925480,0.925550,0.925350,0.925410
1644867780,0.925420,0.925470,0.925370,0.925430
1644867840,0.925420,0.925490,0.925410,0.925460
1644867900,0.925420,0.925490,0.925380,0.925480
1644867960,0.925470,0.925470,0.925330,0.925330
1644868020,0.925370,0.925380,0.925310,0.925360
1644868080,0.925360,0.925510,0.925350,0.925470
1644868140,0.925470,0.925540,0.925470,0.925530
1644868200,0.925510,0.925600,0.925510,0.925560
1644868260,0.925560,0.925620,0.925480,0.925610
1644868320,0.925600,0.925630,0.925550,0.925610
1644868380,0.925610,0.925640,0.925600,0.925620
1644868440,0.925620,0.925650,0.925530,0.925590
1644868500,0.925610,0.925620,0.925480,0.925480
1644868560,0.925520,0.925580,0.925420,0.925580
1644868620,0.925580,0.925620,0.925550,0.925600
1644868680,0.925600,0.925620,0.925400,0.925540
1644868740,0.925540,0.925710,0.925480,0.925710
1644868800,0.925690,0.925690,0.925380,0.925380
1644868860,0.925390,0.925410,0.925350,0.925390
1644868920,0.925380,0.925420,0.925330,0.925380
1644868980,0.925390,0.925480,0.925380,0.925440
1644869040,0.925440,0.925620,0.925430,0.925620
1644869100,0.925620,0.925720,0.925580,0.925580
1644869160,0.925610,0.925650,0.925550,0.925560
1644869220,0.925570,0.925600,0.925530,0.925560
1644869280,0.925560,0.925600,0.925520,0.925560
1644869340,0.925560,0.925600,0.925540,0.925560
1644869400,0.925580,0.925670,0.925570,0.925640
1644869460,0.925640,0.925640,0.925420,0.925430
1644869520,0.925440,0.925480,0.925410,0.925480
1644869580,0.925470,0.925480,0.925400,0.925430
1644869640,0.925430,0.925480,0.925410,0.925480
1644869700,0.925480,0.925570,0.925430,0.925560
1644869760,0.925550,0.925650,0.925530,0.925640
1644869820,0.925640,0.925680,0.925590,0.925660
1644869880,0.925650,0.925690,0.925620,0.925630
1644869940,0.925630,0.925630,0.925470,0.925470
1644870000,0.925460,0.925550,0.925460,0.925500
1644870060,0.925490,0.925530,0.925450,0.925460
1644870120,0.925460,0.925510,0.925420,0.925490
1644870180,0.925490,0.925570,0.925490,0.925560
1644870240,0.925570,0.925630,0.925570,0.925610
1644870300,0.925610,0.925640,0.925580,0.925640
1644870360,0.925640,0.925760,0.925600,0.925660
1644870420,0.925650,0.925690,0.925630,0.925670
1644870480,0.925680,0.925690,0.925550,0.925580
1644870540,0.925580,0.925580,0.925530,0.925560
1644870600,0.925550,0.925660,0.925550,0.925570
1644870660,0.925570,0.925590,0.925500,0.925550
1644870720,0.925540,0.925570,0.925490,0.925570
1644870780,0.925570,0.925600,0.925490,0.925500
1644870840,0.925510,0.925560,0.925500,0.925530
1644870900,0.925560,0.925580,0.925450,0.925470
1644870960,0.925450,0.925490,0.925410,0.925440
1644871020,0.925430,0.925460,0.925400,0.925450
1644871080,0.925400,0.925410,0.925380,0.925400
1644871140,0.925400,0.925480,0.925400,0.925460
1644871200,0.925450,0.925530,0.925440,0.925500
1644871260,0.925510,0.925650,0.925510,0.925590
1644871320,0.925590,0.925650,0.925530,0.925650
1644871380,0.925650,0.925720,0.925640,0.925710
1644871440,0.925700,0.925710,0.925600,0.925650
1644871500,0.925650,0.925650,0.925620,0.925620
1644871560,0.925630,0.925710,0.925630,0.925670
1644871620,0.925650,0.925650,0.925630,0.925640
1644871680,0.925660,0.925680,0.925660,0.925660
1644871740,0.925680,0.925730,0.925660,0.925730
1644871800,0.925720,0.925830,0.925720,0.925830
1644871860,0.925830,0.925890,0.925790,0.925890
1644871920,0.925910,0.925960,0.925890,0.925920
1644871980,0.925900,0.925910,0.925820,0.925840
1644872040,0.925840,0.925920,0.925840,0.925890
1644872100,0.925890,0.925910,0.925810,0.925840
1644872160,0.925830,0.925830,0.925780,0.925790
1644872220,0.925790,0.925810,0.925730,0.925800
1644872280,0.925790,0.925820,0.925770,0.925800
1644872340,0.925840,0.925850,0.925740,0.925740
1644872400,0.925760,0.925760,0.925660,0.925680
1644872460,0.925700,0.925740,0.925540,0.925560
1644872520,0.925550,0.925730,0.925550,0.925730
1644872580,0.925730,0.925750,0.925710,0.925720
1644872640,0.925720,0.925760,0.925720,0.925740
1644872700,0.925730,0.925730,0.925700,0.925710
1644872760,0.925720,0.925720,0.925710,0.925710
1644872820,0.925690,0.925710,0.925690,0.925700
1644872880,0.925690,0.925690,0.925680,0.925690
1644872940,0.925690,0.925690,0.925650,0.925650
1644873000,0.925630,0.925630,0.925620,0.925620
1644873060,0.925630,0.925630,0.925620,0.925620
1644873120,0.925630,0.925630,0.925480,0.925490
1644873180,0.925490,0.925490,0.925480,0.925480
1644873240,0.925490,0.925510,0.925410,0.925410
1644873300,0.925410,0.925430,0.925400,0.925430
1644873360,0.925440,0.925470,0.925440,0.925470
1644873420,0.925470,0.925480,0.925470,0.925480
1644873480,0.925480,0.925480,0.925370,0.925390
1644873540,0.925390,0.925390,0.925390,0.925390
1644873600,0.925390,0.925430,0.925390,0.925430
1644873660,0.925430,0.925430,0.925420,0.925430
1644873720,0.925420,0.925440,0.925160,0.925230
1644873780,0.925220,0.925310,0.925160,0.925190
1644873840,0.925200,0.925200,0.925140,0.925150
1644873900,0.925160,0.925220,0.925160,0.925220
1644873960,0.925220,0.925280,0.925210,0.925280
1644874020,0.925270,0.925280,0.925200,0.925200
1644874080,0.925210,0.925240,0.925200,0.925220
1644874140,0.925220,0.925220,0.924980,0.925000
1644874200,0.925010,0.925020,0.925010,0.925020
1644874260,0.924980,0.925000,0.924980,0.925000
1644874320,0.924990,0.925000,0.924990,0.925000
1644874380,0.925000,0.925060,0.924990,0.925040
1644874500,0.925040,0.925050,0.925010,0.925040
1644874560,0.925030,0.925030,0.925030,0.925030
1644874620,0.925040,0.925050,0.925040,0.925050
1644874680,0.925040,0.925040,0.925000,0.925030
1644874740,0.925010,0.925050,0.925010,0.925030
1644874800,0.925040,0.925040,0.925020,0.925020
1644874860,0.925020,0.925020,0.924840,0.924850
1644874920,0.924850,0.924880,0.924850,0.924880
1644874980,0.924830,0.924840,0.924800,0.924810
1644875040,0.924820,0.924820,0.924740,0.924740
1644875100,0.924750,0.924780,0.924740,0.924770
1644875160,0.924760,0.924870,0.924760,0.924850
1644875220,0.924830,0.924850,0.924820,0.924850
1644875280,0.924850,0.924850,0.924790,0.924810
1644875340,0.924810,0.924840,0.924500,0.924650
1644875400,0.924630,0.924660,0.924600,0.924640
1644875460,0.924640,0.924640,0.924640,0.924640
1644875520,0.924630,0.924670,0.924620,0.924640
1644875580,0.924620,0.924620,0.924360,0.924370
1644875640,0.924360,0.924420,0.924350,0.924350
1644875700,0.924340,0.924500,0.924340,0.924440
1644875760,0.924490,0.924490,0.924420,0.924460
1644875820,0.924470,0.924680,0.924460,0.924560
1644875880,0.924530,0.924530,0.924430,0.924480
1644875940,0.924480,0.924480,0.924120,0.924120
1644876000,0.924080,0.924310,0.924080,0.924310
1644876060,0.924060,0.924070,0.924060,0.924070
1644876120,0.924080,0.924080,0.924080,0.924080
1644876180,0.924070,0.924080,0.924070,0.924080
1644876240,0.924070,0.924070,0.924070,0.924070
1644876300,0.924070,0.924080,0.924070,0.924080
1644876360,0.924080,0.924080,0.924060,0.924060
1644876600,0.924060,0.924070,0.924060,0.924070
1644876660,0.924070,0.924070,0.924070,0.924070
1644876720,0.924180,0.924180,0.924180,0.924180
1644876780,0.924180,0.924180,0.924180,0.924180
1644876960,0.924160,0.924160,0.924160,0.924160
1644877020,0.924160,0.924160,0.924140,0.924140
1644877080,0.924140,0.924140,0.924140,0.924140
1644877140,0.924140,0.924140,0.924140,0.924140
1644877260,0.924140,0.924140,0.924140,0.924140
1644877320,0.924230,0.924230,0.924230,0.924230
1644877380,0.924140,0.924140,0.924140,0.924140
1644877500,0.924140,0.924140,0.924140,0.924140
1644877560,0.924140,0.924140,0.924140,0.924140
1644877620,0.924140,0.924140,0.924140,0.924140
1644877680,0.924140,0.924140,0.924140,0.924140
1644877740,0.924140,0.924140,0.924130,0.924140
1644877800,0.924140,0.924740,0.924130,0.924460
1644877860,0.924470,0.924470,0.924150,0.924450
1644877920,0.924230,0.924230,0.924230,0.924230
1644877980,0.924230,0.924450,0.924230,0.924450
1644878040,0.924230,0.924450,0.924210,0.924450
1644878100,0.924270,0.924450,0.924270,0.924270
1644878160,0.924440,0.924450,0.924230,0.924240
1644878220,0.924230,0.924270,0.924230,0.924250
1644878280,0.924270,0.924300,0.924260,0.924270
1644878340,0.924260,0.924270,0.924260,0.924270
1644878400,0.924260,0.924300,0.924220,0.924260
1644878460,0.924260,0.924450,0.924220,0.924450
1644878520,0.924440,0.924450,0.924200,0.924200
1644878580,0.924210,0.924220,0.924190,0.924210
1644878640,0.924210,0.924230,0.924200,0.924200
1644878700,0.924210,0.924270,0.924170,0.924170
1644878760,0.924200,0.924210,0.924170,0.924210
1644878820,0.924200,0.924210,0.924170,0.924210
1644878880,0.924210,0.924210,0.924160,0.924170
1644878940,0.924200,0.924210,0.924150,0.924210
1644879000,0.924210,0.924210,0.924110,0.924190
1644879060,0.924190,0.924190,0.924180,0.924190
1644879120,0.924190,0.924190,0.924150,0.924160
1644879180,0.924150,0.924160,0.924150,0.924150
1644879240,0.924160,0.924160,0.924160,0.924160
1644879300,0.924160,0.924160,0.924150,0.924150
1644879360,0.924150,0.924150,0.924140,0.924150
1644879420,0.924150,0.924210,0.924090,0.924180
1644879480,0.924180,0.924180,0.924140,0.924150
1644879540,0.924200,0.924200,0.924150,0.924160
1644879600,0.924160,0.924410,0.924160,0.924390
1644879660,0.924400,0.924480,0.924390,0.924430
1644879720,0.924430,0.924490,0.924410,0.924490
1644879780,0.924490,0.924490,0.924480,0.924490
1644879840,0.924490,0.924490,0.924470,0.924490
1644879900,0.924480,0.924560,0.924480,0.924560
1644879960,0.924570,0.924620,0.924570,0.924590
1644880020,0.924570,0.924590,0.924560,0.924570
1644880080,0.924570,0.924580,0.924560,0.924580
1644880140,0.924580,0.924580,0.924560,0.924570
1644880200,0.924590,0.924590,0.924560,0.924570
1644880260,0.924580,0.924580,0.924560,0.924570
1644880320,0.924560,0.924560,0.924560,0.924560
1644880380,0.924560,0.924580,0.924560,0.924570
1644880440,0.924560,0.924580,0.924560,0.924580
1644880500,0.924580,0.924580,0.924570,0.924570
1644880560,0.924570,0.924570,0.924570,0.924570
1644880620,0.924600,0.924600,0.924600,0.924600
1644880740,0.924600,0.924600,0.924600,0.924600
1644880800,0.924590,0.924590,0.924580,0.924590
1644880860,0.924590,0.924610,0.924590,0.924610
1644880920,0.924610,0.924610,0.924590,0.924590
1644881040,0.924600,0.924600,0.924590,0.924590
1644881100,0.924590,0.924590,0.924540,0.924560
1644881160,0.924570,0.924600,0.924560,0.924600
1644881220,0.924600,0.924600,0.924540,0.924540
1644881280,0.924560,0.924560,0.924560,0.924560
1644881340,0.924570,0.924580,0.924570,0.924580
1644881400,0.924580,0.924600,0.924580,0.924600
1644881460,0.924590,0.924590,0.924570,0.924570
1644881520,0.924570,0.924610,0.924570,0.924590
1644881580,0.924590,0.924590,0.924520,0.924530
1644881640,0.924520,0.924520,0.924520,0.924520
1644881700,0.924520,0.924530,0.924520,0.924530
1644881760,0.924560,0.924560,0.924560,0.924560
1644881820,0.924560,0.924560,0.924520,0.924520
1644881880,0.924520,0.924520,0.924510,0.924510
1644881940,0.924520,0.924520,0.924510,0.924520
1644882000,0.924510,0.924510,0.924510,0.924510
1644882060,0.924510,0.924510,0.924510,0.924510
1644882240,0.924510,0.924510,0.924510,0.924510
1644882360,0.924510,0.924520,0.924510,0.924510
1644882420,0.924510,0.924510,0.924510,0.924510
1644882480,0.924510,0.924520,0.924510,0.924520
1644882540,0.924510,0.924510,0.924500,0.924510
1644882600,0.924510,0.924530,0.924510,0.924520
1644882660,0.924500,0.924500,0.924490,0.924500
1644882720,0.924500,0.924500,0.924500,0.924500
1644882780,0.924490,0.924500,0.924490,0.924500
1644882840,0.924500,0.924510,0.924480,0.924480
1644882900,0.924490,0.924500,0.924480,0.924490
1644882960,0.924490,0.924500,0.924490,0.924500
1644883020,0.924480,0.924530,0.924480,0.924510
1644883080,0.924500,0.924510,0.924500,0.924510
1644883140,0.924500,0.924500,0.924500,0.924500
1644883200,0.924500,0.924520,0.924480,0.924490
1644883260,0.924470,0.924520,0.924410,0.924420
1644883320,0.924420,0.924430,0.924390,0.924400
1644883380,0.924390,0.924390,0.924130,0.924170
1644883440,0.924170,0.924190,0.924160,0.924190
1644883500,0.924190,0.924250,0.924190,0.924250
1644883560,0.924250,0.924250,0.924150,0.924160
1644883620,0.924170,0.924170,0.924070,0.924080
1644883680,0.924070,0.924200,0.924070,0.924170
1644883740,0.924180,0.924240,0.924160,0.924190
1644883800,0.924190,0.924240,0.924150,0.924210
1644883860,0.924210,0.924250,0.924170,0.924250
1644883920,0.924250,0.924270,0.924240,0.924260
1644883980,0.924270,0.924280,0.924140,0.924140
1644884040,0.924150,0.924190,0.924150,0.924180
1644884100,0.924160,0.924190,0.924100,0.924110
1644884160,0.924120,0.924150,0.924110,0.924130
1644884220,0.924130,0.924130,0.923900,0.923910
1644884280,0.923900,0.923910,0.923880,0.923910
1644884340,0.923890,0.923930,0.923890,0.923930
1644884400,0.923920,0.924000,0.923910,0.924000
1644884460,0.923980,0.924000,0.923970,0.923990
1644884520,0.923970,0.923980,0.923830,0.923870
1644884580,0.923860,0.923920,0.923830,0.923830
1644884640,0.923850,0.923890,0.923820,0.923890
1644884700,0.923890,0.923910,0.923860,0.923890
1644884760,0.923890,0.923910,0.923890,0.923900
1644884820,0.923890,0.923890,0.923830,0.923830
1644884880,0.923830,0.923830,0.923830,0.923830
1644884940,0.923820,0.923890,0.923820,0.923890
1644885000,0.923890,0.923890,0.923820,0.923820
1644885060,0.923830,0.923870,0.923810,0.923830
1644885120,0.923830,0.923840,0.923690,0.923750
1644885180,0.923730,0.923770,0.923670,0.923720
1644885240,0.923730,0.923730,0.923630,0.923640
1644885300,0.923650,0.923650,0.923620,0.923650
1644885360,0.923640,0.923660,0.923570,0.923650
1644885420,0.923650,0.923710,0.923630,0.923700
1644885480,0.923700,0.923700,0.923680,0.923680
1644885540,0.923680,0.923700,0.923680,0.923700
1644885600,0.923710,0.923750,0.923710,0.923730
1644885660,0.923720,0.923730,0.923720,0.923730
1644885720,0.923730,0.923740,0.923730,0.923740
1644885780,0.923730,0.923790,0.923730,0.923790
1644885840,0.923810,0.923820,0.923810,0.923820
1644885900,0.923810,0.923820,0.923810,0.923820
1644885960,0.923830,0.923920,0.923830,0.923830
1644886020,0.923830,0.923830,0.923820,0.923820
1644886140,0.923790,0.923790,0.923740,0.923750
1644886200,0.923750,0.923750,0.923700,0.923740
1644886260,0.923740,0.923740,0.923710,0.923740
1644886320,0.923740,0.923780,0.923740,0.923780
1644886380,0.923770,0.923910,0.923770,0.923900
1644886440,0.923910,0.923910,0.923750,0.923750
1644886500,0.923730,0.923850,0.923730,0.923770
1644886560,0.923800,0.923820,0.923730,0.923730
1644886620,0.923730,0.923770,0.923730,0.923760
1644886680,0.923760,0.923760,0.923710,0.923720
1644886740,0.923730,0.923740,0.923640,0.923650
1644886800,0.923660,0.923830,0.923660,0.923740
1644886860,0.923740,0.923760,0.923630,0.923650
1644886920,0.923650,0.923730,0.923630,0.923730
1644886980,0.923730,0.923730,0.923680,0.923700
1644887040,0.923710,0.923710,0.923570,0.923640
1644887100,0.923650,0.923650,0.923590,0.923600
1644887160,0.923600,0.923640,0.923570,0.923610
1644887220,0.923610,0.923640,0.923590,0.923640
1644887280,0.923620,0.923620,0.923560,0.923610
1644887340,0.923600,0.923630,0.923570,0.923570
1644887400,0.923580,0.923650,0.923560,0.923570
1644887460,0.923570,0.923620,0.923570,0.923590
1644887520,0.923610,0.923630,0.923610,0.923630
1644887580,0.923620,0.923630,0.923590,0.923630
1644887640,0.923650,0.923650,0.923590,0.923620
1644887700,0.923620,0.923630,0.923580,0.923600
1644887760,0.923600,0.923650,0.923590,0.923590
1644887820,0.923610,0.923630,0.923550,0.923580
1644887880,0.923580,0.923600,0.923580,0.923590
1644887940,0.923600,0.923610,0.923550,0.923560
1644888000,0.923550,0.923560,0.923540,0.923560
1644888060,0.923570,0.923580,0.923540,0.923560
1644888120,0.923540,0.923560,0.923500,0.923530
1644888180,0.923500,0.923550,0.923490,0.923530
1644888240,0.923490,0.923540,0.923490,0.923530
1644888300,0.923530,0.923550,0.923500,0.923530
1644888360,0.923530,0.923570,0.923530,0.923550
1644888420,0.923550,0.923600,0.923550,0.923570
1644888480,0.923570,0.923570,0.923550,0.923560
1644888540,0.923560,0.923570,0.923560,0.923560
1644888600,0.923560,0.923560,0.923540,0.923550
1644888660,0.923560,0.923570,0.923550,0.923550
1644888720,0.923560,0.923590,0.923510,0.923570
1644888780,0.923580,0.923590,0.923490,0.923540
1644888840,0.923540,0.923560,0.923480,0.923520
1644888900,0.923530,0.923570,0.923520,0.923560
1644888960,0.923550,0.923570,0.923480,0.923500
1644889020,0.923510,0.923520,0.923500,0.923520
1644889080,0.923520,0.923530,0.923480,0.923520
1644889140,0.923510,0.923530,0.923500,0.923520
1644889200,0.923520,0.923520,0.923480,0.923520
1644889260,0.923520,0.923540,0.923510,0.923540
1644889320,0.923540,0.923550,0.923490,0.923540
1644889380,0.923550,0.923550,0.923530,0.923530
1644889440,0.923540,0.923560,0.923520,0.923540
1644889500,0.923550,0.923560,0.923530,0.923560
1644889560,0.923570,0.923570,0.923540,0.923570
1644889620,0.923550,0.923630,0.923550,0.923620
1644889680,0.923610,0.923620,0.923570,0.923570
1644889740,0.923570,0.923570,0.923530,0.923530
1644889800,0.923530,0.923540,0.923530,0.923540
1644889860,0.923530,0.923540,0.923520,0.923540
1644889920,0.923560,0.923630,0.923540,0.923630
1644889980,0.923630,0.923640,0.923620,0.923640
1644890040,0.923650,0.923750,0.923650,0.923710
1644890100,0.923710,0.923730,0.923680,0.923730
1644890160,0.923710,0.923730,0.923690,0.923710
1644890220,0.923690,0.923730,0.923670,0.923710
1644890280,0.923710,0.923710,0.923660,0.923690
1644890340,0.923690,0.923710,0.923660,0.923660
1644890400,0.923670,0.923730,0.923670,0.923710
1644890460,0.923700,0.923740,0.923700,0.923700
1644890520,0.923700,0.923700,0.923670,0.923680
1644890580,0.923690,0.923710,0.923690,0.923700
1644890640,0.923700,0.923720,0.923700,0.923720
1644890700,0.923720,0.923770,0.923670,0.923680
1644890760,0.923700,0.923730,0.923680,0.923720
1644890820,0.923720,0.923750,0.923680,0.923750
1644890880,0.923760,0.923810,0.923730,0.923790
1644890940,0.923790,0.923820,0.923750,0.923820
1644891000,0.923820,0.923820,0.923790,0.923800
1644891060,0.923810,0.923810,0.923790,0.923800
1644891120,0.923800,0.923800,0.923740,0.923750
1644891180,0.923750,0.923750,0.923690,0.923720
1644891240,0.923730,0.923750,0.923730,0.923740
1644891300,0.923750,0.923750,0.923740,0.923740
1644891360,0.923750,0.923770,0.923750,0.923760
1644891420,0.923760,0.923780,0.923760,0.923780
1644891480,0.923780,0.923780,0.923750,0.923750
1644891540,0.923760,0.923810,0.923760,0.923810
1644891600,0.923810,0.923810,0.923800,0.923800
1644891660,0.923810,0.923890,0.923810,0.923880
1644891720,0.923890,0.923900,0.923890,0.923890
1644891780,0.923890,0.923920,0.923890,0.923910
1644891840,0.923910,0.923930,0.923900,0.923900
1644891900,0.923900,0.923900,0.923880,0.923890
1644891960,0.923880,0.923900,0.923810,0.923810
1644892020,0.923810,0.923830,0.923790,0.923820
1644892080,0.923820,0.923830,0.923810,0.923820
1644892140,0.923810,0.923840,0.923810,0.923830
1644892200,0.923840,0.923840,0.923740,0.923750
1644892260,0.923750,0.923820,0.923730,0.923770
1644892320,0.923790,0.923790,0.923750,0.923760
1644892380,0.923760,0.923800,0.923720,0.923720
1644892440,0.923730,0.923740,0.923720,0.923730
1644892500,0.923720,0.923760,0.923700,0.923700
1644892560,0.923700,0.923750,0.923680,0.923710
1644892620,0.923710,0.923720,0.923590,0.923630
1644892680,0.923630,0.923640,0.923540,0.923580
1644892740,0.923610,0.923630,0.923570,0.923580
1644892800,0.923570,0.923570,0.923540,0.923550
1644892860,0.923550,0.923560,0.923540,0.923540
1644892920,0.923560,0.923560,0.923550,0.923550
1644892980,0.923560,0.923560,0.923550,0.923550
1644893040,0.923550,0.923560,0.923550,0.923560
1644893100,0.923550,0.923640,0.923550,0.923630
1644893160,0.923630,0.923660,0.923610,0.923650
1644893220,0.923650,0.923650,0.923650,0.923650
1644893280,0.923650,0.923650,0.923630,0.923640
1644893340,0.923630,0.923630,0.923580,0.923580
1644893400,0.923580,0.923660,0.923580,0.923650
1644893460,0.923660,0.923660,0.923640,0.923650
1644893520,0.923640,0.923640,0.923620,0.923640
1644893580,0.923650,0.923720,0.923650,0.923710
1644893640,0.923690,0.923730,0.923690,0.923730
1644893700,0.923760,0.923830,0.923740,0.923830
1644893760,0.923820,0.923840,0.923820,0.923840
1644893820,0.923850,0.923900,0.923850,0.923880
1644893880,0.923860,0.923910,0.923860,0.923860
1644893940,0.923860,0.923930,0.923860,0.923900
1644894000,0.923900,0.923930,0.923890,0.923930
1644894060,0.923950,0.924170,0.923930,0.924160
1644894120,0.924150,0.924160,0.924150,0.924160
1644894180,0.924150,0.924150,0.924010,0.924020
1644894240,0.924040,0.924040,0.923990,0.924000
1644894300,0.923980,0.924020,0.923980,0.923990
1644894360,0.923990,0.924030,0.923970,0.924020
1644894420,0.924010,0.924010,0.924000,0.924000
1644894480,0.924000,0.924000,0.923990,0.923990
1644894540,0.924000,0.924030,0.923980,0.923980
1644894600,0.923980,0.923990,0.923950,0.923960
1644894660,0.923950,0.923960,0.923950,0.923960
1644894720,0.923950,0.923970,0.923950,0.923970
1644894780,0.923980,0.923980,0.923950,0.923960
1644894840,0.923950,0.923950,0.923900,0.923900
1644894900,0.923900,0.923930,0.923900,0.923930
1644894960,0.923930,0.923930,0.923910,0.923920
1644895020,0.923910,0.923920,0.923910,0.923920
1644895080,0.923930,0.923940,0.923920,0.923920
1644895140,0.923910,0.923920,0.923910,0.923910
1644895200,0.923920,0.923920,0.923910,0.923920
1644895260,0.923910,0.923940,0.923910,0.923940
1644895320,0.923940,0.923940,0.923930,0.923940
1644895380,0.923940,0.923940,0.923910,0.923920
1644895440,0.923910,0.923910,0.923820,0.923860
1644895500,0.923870,0.923870,0.923820,0.923830
1644895560,0.923840,0.923860,0.923830,0.923840
1644895620,0.923860,0.923950,0.923860,0.923920
1644895680,0.923910,0.923930,0.923900,0.923920
1644895740,0.923910,0.923930,0.923890,0.923890
1644895800,0.923900,0.923920,0.923870,0.923870
1644895860,0.923860,0.923860,0.923740,0.923750
1644895920,0.923760,0.923840,0.923730,0.923820
1644895980,0.923810,0.923830,0.923800,0.923810
1644896040,0.923820,0.923870,0.923800,0.923870
1644896100,0.923870,0.923900,0.923850,0.923890
1644896160,0.923880,0.923890,0.923880,0.923890
1644896220,0.923890,0.923900,0.923890,0.923900
1644896280,0.923910,0.924030,0.923910,0.924030
1644896340,0.924030,0.924030,0.923990,0.924010
1644896400,0.924000,0.924080,0.923990,0.924070
1644896460,0.924080,0.924100,0.924070,0.924080
1644896520,0.924070,0.924080,0.923990,0.924000
1644896580,0.924010,0.924090,0.924000,0.924090
1644896640,0.924070,0.924090,0.924070,0.924080
1644896700,0.924080,0.924090,0.923990,0.924010
1644896760,0.924020,0.924090,0.924010,0.924080
1644896820,0.924070,0.924080,0.924050,0.924070
1644896880,0.924070,0.924070,0.924000,0.924000
1644896940,0.923990,0.924020,0.923980,0.924000
1644897000,0.923990,0.924120,0.923990,0.924120
1644897060,0.924130,0.924170,0.924130,0.924160
1644897120,0.924170,0.924180,0.924160,0.924170
1644897180,0.924180,0.924180,0.924090,0.924100
1644897240,0.924100,0.924140,0.924100,0.924120
1644897300,0.924100,0.924140,0.924100,0.924130
1644897360,0.924130,0.924150,0.924100,0.924130
1644897420,0.924130,0.924230,0.924130,0.924210
1644897480,0.924190,0.924240,0.924190,0.924230
1644897540,0.924230,0.924240,0.924200,0.924210
1644897600,0.924210,0.924230,0.924180,0.924230
1644897660,0.924230,0.924230,0.924170,0.924180
1644897720,0.924170,0.924240,0.924170,0.924210
1644897780,0.924200,0.924220,0.924200,0.924220
1644897840,0.924220,0.924220,0.924200,0.924210
1644897900,0.924210,0.924220,0.924210,0.924220
1644897960,0.924250,0.924250,0.924180,0.924180
1644898020,0.924180,0.924180,0.924100,0.924100
1644898080,0.924110,0.924110,0.924110,0.924110
1644898140,0.924110,0.924110,0.924060,0.924060
1644898200,0.924060,0.924060,0.923970,0.923980
1644898260,0.923980,0.923990,0.923980,0.923980
1644898320,0.923980,0.924010,0.923980,0.923990
1644898380,0.924000,0.924030,0.924000,0.924010
1644898440,0.924000,0.924000,0.923980,0.923980
1644898500,0.923990,0.923990,0.923990,0.923990
1644898560,0.923950,0.923950,0.923940,0.923940
1644898620,0.923950,0.924020,0.923950,0.924020
1644898680,0.924020,0.924020,0.923940,0.923940
1644898740,0.923930,0.923930,0.923880,0.923920
1644898800,0.923940,0.923940,0.923900,0.923900
1644898860,0.923910,0.923920,0.923910,0.923910
1644898920,0.923920,0.923930,0.923900,0.923910
1644898980,0.923910,0.923930,0.923890,0.923900
1644899040,0.923900,0.923900,0.923870,0.923890
1644899100,0.923900,0.923980,0.923890,0.923970
1644899160,0.923960,0.923980,0.923920,0.923930
1644899220,0.923930,0.923950,0.923900,0.923950
1644899280,0.923940,0.923980,0.923940,0.923940
1644899340,0.923960,0.923980,0.923940,0.923980
1644899400,0.923980,0.924010,0.923980,0.923990
1644899460,0.923990,0.924000,0.923960,0.923960
1644899520,0.923970,0.923970,0.923930,0.923940
1644899580,0.923930,0.923930,0.923880,0.923900
1644899640,0.923900,0.923930,0.923890,0.923930
1644899700,0.923950,0.923960,0.923890,0.923890
1644899760,0.923890,0.923900,0.923870,0.923890
1644899820,0.923890,0.923890,0.923890,0.923890
1644899880,0.923900,0.923900,0.923870,0.923880
1644899940,0.923900,0.923910,0.923900,0.923900
1644900000,0.923890,0.923920,0.923890,0.923920
1644900060,0.923930,0.923980,0.923930,0.923980
1644900120,0.923990,0.924000,0.923970,0.923970
1644900180,0.923970,0.923990,0.923950,0.923980
1644900240,0.924000,0.924000,0.923980,0.923980
1644900300,0.923980,0.923980,0.923940,0.923980
1644900360,0.923970,0.923970,0.923890,0.923900
1644900420,0.923900,0.923910,0.923900,0.923900
1644900600,0.923910,0.923930,0.923890,0.923910
1644900660,0.923910,0.923920,0.923910,0.923910
1644900720,0.923890,0.923890,0.923890,0.923890
1644900780,0.923900,0.923910,0.923890,0.923890
1644900840,0.923870,0.923920,0.923870,0.923890
1644900900,0.923880,0.923880,0.923860,0.923860
1644900960,0.923860,0.923870,0.923850,0.923860
1644901020,0.923860,0.923860,0.923830,0.923830
1644901080,0.923840,0.923890,0.923840,0.923860
1644901140,0.923880,0.923900,0.923880,0.923880
