time,open,high,low,close
1460001600,0.759670,0.759870,0.759670,0.759840
1460001660,0.759810,0.759890,0.759810,0.759870
1460001720,0.759870,0.760010,0.759870,0.759870
1460001780,0.759880,0.759880,0.759770,0.759800
1460001840,0.759800,0.759900,0.759750,0.759890
1460001900,0.759900,0.760070,0.759900,0.760070
1460001960,0.760060,0.760060,0.759970,0.759980
1460002020,0.759970,0.760040,0.759900,0.759900
1460002080,0.759890,0.759970,0.759840,0.759910
1460002140,0.759900,0.759930,0.759790,0.759840
1460002200,0.759850,0.759850,0.759680,0.759690
1460002260,0.759660,0.759810,0.759550,0.759810
1460002320,0.759810,0.759820,0.759690,0.759780
1460002380,0.759790,0.760000,0.759790,0.759990
1460002440,0.759980,0.759980,0.759780,0.759780
1460002500,0.759770,0.759770,0.759610,0.759660
1460002560,0.759660,0.759730,0.759520,0.759520
1460002620,0.759520,0.759550,0.759370,0.759430
1460002680,0.759430,0.759510,0.759350,0.759360
1460002740,0.759370,0.759460,0.759310,0.759320
1460002800,0.759320,0.759430,0.759320,0.759400
1460002860,0.759400,0.759490,0.759400,0.759490
1460002920,0.759490,0.759620,0.759490,0.759620
1460002980,0.759590,0.759660,0.759580,0.759630
1460003040,0.759630,0.759630,0.759580,0.759600
1460003100,0.759590,0.759860,0.759580,0.759850
1460003160,0.759850,0.759960,0.759840,0.759960
1460003220,0.759960,0.760030,0.759920,0.759920
1460003280,0.759900,0.759900,0.759860,0.759860
1460003340,0.759860,0.759950,0.759860,0.759940
1460003400,0.759950,0.760040,0.759930,0.760040
1460003460,0.760050,0.760050,0.759930,0.759950
1460003520,0.759970,0.760140,0.759970,0.760130
1460003580,0.760130,0.760370,0.760130,0.760350
1460003640,0.760350,0.760430,0.760240,0.760240
1460003700,0.760250,0.760320,0.760240,0.760250
1460003760,0.760250,0.760280,0.760190,0.760210
1460003820,0.760210,0.760210,0.760130,0.760130
1460003880,0.760130,0.760130,0.759980,0.760010
1460003940,0.760020,0.760050,0.760000,0.760050
1460004000,0.760100,0.760220,0.760100,0.760220
1460004060,0.760220,0.760220,0.760130,0.760130
1460004120,0.760130,0.760140,0.760120,0.760130
1460004180,0.760130,0.760360,0.760130,0.760330
1460004240,0.760330,0.760330,0.760210,0.760220
1460004300,0.760220,0.760220,0.760150,0.760180
1460004360,0.760140,0.760250,0.760100,0.760250
1460004420,0.760270,0.760350,0.760220,0.760340
1460004480,0.760340,0.760440,0.760240,0.760350
1460004540,0.760340,0.760430,0.760260,0.760350
1460004600,0.760340,0.760460,0.760140,0.760140
1460004660,0.760190,0.760430,0.760190,0.760210
1460004720,0.760230,0.760750,0.760230,0.760750
1460004780,0.760770,0.761050,0.760700,0.760960
1460004840,0.760950,0.761040,0.760940,0.761040
1460004900,0.761050,0.761120,0.761010,0.761120
1460004960,0.761130,0.761190,0.760950,0.761020
1460005020,0.761040,0.761140,0.761000,0.761000
1460005080,0.761030,0.761320,0.761030,0.761160
1460005140,0.761150,0.761170,0.761060,0.761080
1460005200,0.761070,0.761190,0.761020,0.761170
1460005260,0.761210,0.761280,0.761170,0.761190
1460005320,0.761230,0.761300,0.761180,0.761300
1460005380,0.761300,0.761740,0.761180,0.761740
1460005440,0.761770,0.761950,0.761690,0.761940
1460005500,0.761910,0.762260,0.761890,0.762100
1460005560,0.762140,0.762300,0.761830,0.761900
1460005620,0.761900,0.761900,0.761510,0.761710
1460005680,0.761710,0.761780,0.761710,0.761760
1460005740,0.761750,0.761790,0.761660,0.761780
1460005800,0.761760,0.761850,0.761670,0.761770
1460005860,0.761780,0.761930,0.761740,0.761900
1460005920,0.761890,0.762020,0.761870,0.761950
1460005980,0.761960,0.761960,0.761820,0.761830
1460006040,0.761830,0.761840,0.761630,0.761640
1460006100,0.761640,0.761810,0.761530,0.761740
1460006160,0.761730,0.761880,0.761680,0.761870
1460006220,0.761900,0.761980,0.761870,0.761980
1460006280,0.761980,0.762410,0.761980,0.762040
1460006340,0.762040,0.762350,0.762040,0.762260
1460006400,0.762270,0.762290,0.762030,0.762250
1460006460,0.762260,0.762340,0.762020,0.762020
1460006520,0.762020,0.762020,0.761830,0.761920
1460006580,0.761930,0.762040,0.761880,0.762020
1460006640,0.762010,0.762150,0.761990,0.762130
1460006700,0.762170,0.762430,0.762070,0.762420
1460006760,0.762430,0.762620,0.762430,0.762490
1460006820,0.762500,0.762550,0.762280,0.762290
1460006880,0.762280,0.762820,0.762280,0.762820
1460006940,0.762820,0.762900,0.762670,0.762700
1460007000,0.762730,0.762870,0.762690,0.762840
1460007060,0.762860,0.763030,0.762720,0.762730
1460007120,0.762730,0.763000,0.762720,0.762830
1460007180,0.762840,0.763180,0.762710,0.763150
1460007240,0.763160,0.763210,0.763050,0.763070
1460007300,0.763050,0.763340,0.763040,0.763280
1460007360,0.763290,0.763340,0.763050,0.763200
1460007420,0.763190,0.763200,0.763000,0.763080
1460007480,0.763090,0.763330,0.763040,0.763320
1460007540,0.763310,0.763450,0.763230,0.763350
1460007600,0.763360,0.763380,0.763080,0.763110
1460007660,0.763120,0.763140,0.763030,0.763100
1460007720,0.763090,0.763160,0.763080,0.763100
1460007780,0.763090,0.763090,0.762890,0.762920
1460007840,0.762930,0.762940,0.762840,0.762880
1460007900,0.762880,0.762950,0.762710,0.762710
1460007960,0.762700,0.762760,0.762640,0.762650
1460008020,0.762650,0.762650,0.762560,0.762620
1460008080,0.762640,0.762640,0.762560,0.762630
1460008140,0.762620,0.762640,0.762530,0.762640
1460008200,0.762620,0.762650,0.762550,0.762630
1460008260,0.762650,0.762650,0.762560,0.762640
1460008320,0.762630,0.762650,0.762620,0.762620
1460008380,0.762550,0.762550,0.762430,0.762430
1460008440,0.762460,0.762460,0.762420,0.762430
1460008500,0.762430,0.762430,0.762330,0.762360
1460008560,0.762360,0.762360,0.762130,0.762210
1460008620,0.762220,0.762260,0.762110,0.762120
1460008680,0.762130,0.762140,0.762010,0.762020
1460008740,0.762030,0.762110,0.761920,0.761950
1460008800,0.761920,0.761940,0.761800,0.761920
1460008860,0.761930,0.762450,0.761930,0.762440
1460008920,0.762410,0.762510,0.762230,0.762350
1460008980,0.762350,0.762410,0.762240,0.762260
1460009040,0.762260,0.762690,0.762260,0.762620
1460009100,0.762610,0.762740,0.762540,0.762540
1460009160,0.762530,0.762540,0.762280,0.762280
1460009220,0.762290,0.762360,0.762150,0.762150
1460009280,0.762160,0.762710,0.762160,0.762540
1460009340,0.762570,0.762570,0.762310,0.762420
1460009400,0.762420,0.762440,0.762010,0.762160
1460009460,0.762210,0.762540,0.762210,0.762380
1460009520,0.762410,0.762410,0.762230,0.762320
1460009580,0.762320,0.762460,0.762180,0.762450
1460009640,0.762450,0.762670,0.762420,0.762650
1460009700,0.762660,0.762790,0.762470,0.762660
1460009760,0.762640,0.762820,0.762630,0.762760
1460009820,0.762740,0.762930,0.762730,0.762930
1460009880,0.762900,0.762900,0.762430,0.762430
1460009940,0.762410,0.762640,0.762230,0.762450
1460010000,0.762440,0.762620,0.762350,0.762450
1460010060,0.762450,0.762450,0.762260,0.762260
1460010120,0.762230,0.762270,0.762060,0.762270
1460010180,0.762290,0.762680,0.762290,0.762630
1460010240,0.762650,0.762670,0.762420,0.762430
1460010300,0.762440,0.762580,0.762440,0.762540
1460010360,0.762530,0.762780,0.762530,0.762750
1460010420,0.762750,0.762970,0.762700,0.762730
1460010480,0.762720,0.762770,0.762630,0.762660
1460010540,0.762680,0.762750,0.762530,0.762650
1460010600,0.762640,0.762670,0.762480,0.762550
1460010660,0.762560,0.762720,0.762510,0.762660
1460010720,0.762650,0.762680,0.762550,0.762650
1460010780,0.762660,0.763100,0.762650,0.763060
1460010840,0.763060,0.763260,0.762990,0.763170
1460010900,0.763210,0.763250,0.762990,0.763080
1460010960,0.763100,0.763170,0.763000,0.763140
1460011020,0.763120,0.763320,0.763090,0.763280
1460011080,0.763270,0.763660,0.763270,0.763660
1460011140,0.763660,0.763710,0.763320,0.763490
1460011200,0.763500,0.763590,0.763370,0.763370
1460011260,0.763370,0.763450,0.763290,0.763390
1460011320,0.763380,0.763450,0.763270,0.763370
1460011380,0.763360,0.763410,0.762800,0.762980
1460011440,0.762990,0.763280,0.762950,0.763170
1460011500,0.763160,0.763160,0.762790,0.762880
1460011560,0.762890,0.762890,0.762460,0.762510
1460011620,0.762480,0.762590,0.762030,0.762040
1460011680,0.762050,0.762160,0.761940,0.761940
1460011740,0.761880,0.761950,0.761850,0.761870
1460011800,0.761880,0.761910,0.761840,0.761850
1460011860,0.761870,0.761900,0.761640,0.761700
1460011920,0.761710,0.761930,0.761680,0.761910
1460011980,0.761910,0.762470,0.761880,0.762350
1460012040,0.762360,0.762660,0.762090,0.762590
1460012100,0.762560,0.762560,0.762150,0.762160
1460012160,0.762140,0.762140,0.761830,0.761940
1460012220,0.761950,0.761960,0.761310,0.761310
1460012280,0.761310,0.761560,0.761270,0.761560
1460012340,0.761570,0.761750,0.761500,0.761510
1460012400,0.761510,0.761570,0.761170,0.761320
1460012460,0.761340,0.761500,0.761010,0.761020
1460012520,0.761010,0.761010,0.760450,0.760930
1460012580,0.760960,0.761040,0.760690,0.760930
1460012640,0.760930,0.761060,0.760930,0.760970
1460012700,0.760970,0.761030,0.760850,0.760850
1460012760,0.760860,0.760900,0.760000,0.760040
1460012820,0.759990,0.760120,0.759970,0.760110
1460012880,0.760080,0.760260,0.760020,0.760170
1460012940,0.760160,0.760160,0.759620,0.760070
1460013000,0.760060,0.760270,0.760060,0.760270
1460013060,0.760260,0.760410,0.760260,0.760300
1460013120,0.760310,0.760470,0.760190,0.760350
1460013180,0.760330,0.760330,0.760090,0.760110
1460013240,0.760110,0.760170,0.759160,0.759170
1460013300,0.759160,0.759270,0.758800,0.759140
1460013360,0.759150,0.759290,0.758860,0.758860
1460013420,0.758850,0.759180,0.758520,0.759150
1460013480,0.759160,0.759350,0.759150,0.759300
1460013540,0.759300,0.759370,0.759210,0.759310
1460013600,0.759300,0.759300,0.759070,0.759120
1460013660,0.759090,0.759220,0.758740,0.758740
1460013720,0.758740,0.758850,0.758640,0.758780
1460013780,0.758780,0.759060,0.758630,0.759060
1460013840,0.759070,0.759110,0.758840,0.758970
1460013900,0.758960,0.758970,0.758670,0.758780
1460013960,0.758770,0.758770,0.758260,0.758360
1460014020,0.758360,0.758540,0.758360,0.758530
1460014080,0.758520,0.758720,0.758470,0.758660
1460014140,0.758670,0.758740,0.758350,0.758360
1460014200,0.758340,0.758560,0.758240,0.758550
1460014260,0.758560,0.759020,0.758560,0.758960
1460014320,0.759000,0.759050,0.758960,0.759020
1460014380,0.759020,0.759060,0.758940,0.758940
1460014440,0.758960,0.759070,0.758960,0.758990
1460014500,0.759040,0.759050,0.757960,0.757960
1460014560,0.757970,0.758230,0.757840,0.758120
1460014620,0.758130,0.758130,0.757770,0.757800
1460014680,0.757800,0.757960,0.757800,0.757960
1460014740,0.757940,0.758010,0.756630,0.756640
1460014800,0.756620,0.757160,0.756480,0.757070
1460014860,0.757130,0.757370,0.756720,0.756720
1460014920,0.756740,0.757010,0.756610,0.756970
1460014980,0.756970,0.757340,0.756950,0.757280
1460015040,0.757300,0.757460,0.757180,0.757260
1460015100,0.757290,0.757580,0.757260,0.757570
1460015160,0.757580,0.757680,0.757430,0.757680
1460015220,0.757670,0.757760,0.757560,0.757560
1460015280,0.757540,0.757860,0.757390,0.757780
1460015340,0.757800,0.757990,0.757780,0.757980
1460015400,0.757990,0.758050,0.757680,0.757760
1460015460,0.757750,0.758290,0.757750,0.758240
1460015520,0.758240,0.758560,0.758230,0.758470
1460015580,0.758450,0.758470,0.758120,0.758130
1460015640,0.758120,0.758670,0.757970,0.758670
1460015700,0.758680,0.758690,0.758430,0.758630
1460015760,0.758640,0.758650,0.758430,0.758440
1460015820,0.758470,0.758470,0.758120,0.758330
1460015880,0.758310,0.758460,0.758290,0.758460
1460015940,0.758510,0.758860,0.758510,0.758800
1460016000,0.758820,0.758850,0.758690,0.758690
1460016060,0.758680,0.758860,0.758670,0.758680
1460016120,0.758690,0.758760,0.758420,0.758460
1460016180,0.758450,0.758450,0.758050,0.758240
1460016240,0.758260,0.758570,0.758260,0.758570
1460016300,0.758560,0.758640,0.758220,0.758220
1460016360,0.758230,0.758480,0.758230,0.758360
1460016420,0.758350,0.758350,0.757920,0.758100
1460016480,0.758130,0.758130,0.757350,0.757430
1460016540,0.757410,0.757640,0.757280,0.757340
1460016600,0.757350,0.757650,0.757300,0.757530
1460016660,0.757550,0.757610,0.757260,0.757400
1460016720,0.757430,0.757550,0.757340,0.757450
1460016780,0.757470,0.757840,0.757470,0.757840
1460016840,0.757830,0.758130,0.757830,0.758130
1460016900,0.758140,0.758180,0.757810,0.757830
1460016960,0.757850,0.758090,0.757520,0.758070
1460017020,0.758080,0.758280,0.758060,0.758260
1460017080,0.758260,0.758370,0.758130,0.758170
1460017140,0.758150,0.758230,0.758020,0.758020
1460017200,0.757990,0.758140,0.757730,0.757940
1460017260,0.757940,0.758160,0.757930,0.758160
1460017320,0.758170,0.758360,0.758130,0.758360
1460017380,0.758400,0.758440,0.758120,0.758150
1460017440,0.758130,0.758130,0.758030,0.758040
1460017500,0.758060,0.758460,0.758030,0.758360
1460017560,0.758350,0.758380,0.758090,0.758250
1460017620,0.758270,0.758370,0.758130,0.758130
1460017680,0.758120,0.758250,0.758060,0.758240
1460017740,0.758230,0.758270,0.758110,0.758160
1460017800,0.758160,0.758480,0.758140,0.758450
1460017860,0.758450,0.758470,0.758410,0.758440
1460017920,0.758440,0.758510,0.758330,0.758450
1460017980,0.758450,0.758570,0.758440,0.758560
1460018040,0.758580,0.758630,0.758410,0.758420
1460018100,0.758410,0.758440,0.758310,0.758310
1460018160,0.758300,0.758300,0.757930,0.758140
1460018220,0.758150,0.758240,0.757900,0.758030
1460018280,0.758040,0.758130,0.758030,0.758120
1460018340,0.758120,0.758130,0.757950,0.758030
1460018400,0.758020,0.758050,0.758010,0.758050
1460018460,0.758050,0.758150,0.758050,0.758150
1460018520,0.758160,0.758160,0.758040,0.758140
1460018580,0.758150,0.758260,0.758130,0.758230
1460018640,0.758220,0.758410,0.758110,0.758370
1460018700,0.758380,0.758460,0.758150,0.758420
1460018760,0.758480,0.758620,0.758410,0.758500
1460018820,0.758480,0.758630,0.758340,0.758530
1460018880,0.758520,0.758560,0.758110,0.758170
1460018940,0.758160,0.758360,0.758080,0.758290
1460019000,0.758310,0.758310,0.758120,0.758130
1460019060,0.758140,0.758220,0.757740,0.757740
1460019120,0.757730,0.757930,0.757670,0.757900
1460019180,0.757920,0.758120,0.757660,0.757850
1460019240,0.757830,0.757850,0.757460,0.757610
1460019300,0.757620,0.757930,0.757620,0.757790
1460019360,0.757780,0.757800,0.757580,0.757600
1460019420,0.757610,0.757640,0.757540,0.757640
1460019480,0.757640,0.758050,0.757640,0.758030
1460019540,0.758030,0.758230,0.758000,0.758000
1460019600,0.758000,0.758000,0.757740,0.757740
1460019660,0.757730,0.757740,0.757460,0.757570
1460019720,0.757580,0.757640,0.757350,0.757540
1460019780,0.757540,0.757570,0.757340,0.757350
1460019840,0.757340,0.757340,0.756930,0.757040
1460019900,0.757050,0.757220,0.757000,0.757110
1460019960,0.757120,0.757120,0.756910,0.756940
1460020020,0.756930,0.757000,0.756800,0.756900
1460020080,0.756890,0.756890,0.756790,0.756800
1460020140,0.756800,0.757030,0.756800,0.757030
1460020200,0.757020,0.757420,0.756890,0.757210
1460020260,0.757210,0.757250,0.757030,0.757240
1460020320,0.757240,0.757430,0.757230,0.757260
1460020380,0.757250,0.757270,0.756920,0.757100
1460020440,0.757110,0.757130,0.756930,0.756930
1460020500,0.756910,0.756930,0.756610,0.756720
1460020560,0.756720,0.756780,0.756540,0.756570
1460020620,0.756570,0.756650,0.756360,0.756430
1460020680,0.756440,0.756660,0.756440,0.756450
1460020740,0.756440,0.756470,0.756340,0.756460
1460020800,0.756460,0.756950,0.756440,0.756940
1460020860,0.756950,0.757090,0.756290,0.756520
1460020920,0.756520,0.756640,0.756330,0.756340
1460020980,0.756380,0.756640,0.756350,0.756510
1460021040,0.756520,0.756710,0.756510,0.756530
1460021100,0.756540,0.756730,0.756440,0.756730
1460021160,0.756710,0.756710,0.756500,0.756620
1460021220,0.756570,0.756570,0.756330,0.756510
1460021280,0.756480,0.756750,0.756420,0.756460
1460021340,0.756480,0.756560,0.756460,0.756540
1460021400,0.756550,0.756550,0.756340,0.756440
1460021460,0.756440,0.756440,0.756340,0.756420
1460021520,0.756420,0.756530,0.756420,0.756530
1460021580,0.756530,0.756760,0.756530,0.756720
1460021640,0.756730,0.756850,0.756390,0.756400
1460021700,0.756390,0.756420,0.755420,0.755520
1460021760,0.755520,0.755760,0.755300,0.755620
1460021820,0.755630,0.755730,0.755340,0.755640
1460021880,0.755700,0.755720,0.755330,0.755370
1460021940,0.755360,0.755360,0.754570,0.754810
1460022000,0.754820,0.755050,0.754820,0.754960
1460022060,0.754970,0.755230,0.754970,0.755230
1460022120,0.755240,0.755270,0.754920,0.754920
1460022180,0.754930,0.754960,0.754740,0.754740
1460022240,0.754750,0.754820,0.754540,0.754550
1460022300,0.754560,0.755040,0.754510,0.754910
1460022360,0.754990,0.755430,0.754990,0.755370
1460022420,0.755420,0.755660,0.755380,0.755650
1460022480,0.755640,0.755750,0.755540,0.755540
1460022540,0.755530,0.755750,0.755450,0.755630
1460022600,0.755620,0.755710,0.755290,0.755350
1460022660,0.755360,0.755560,0.755360,0.755530
1460022720,0.755520,0.755650,0.755370,0.755640
1460022780,0.755650,0.755920,0.755650,0.755850
1460022840,0.755860,0.756020,0.755750,0.755750
1460022900,0.755760,0.755760,0.755630,0.755630
1460022960,0.755620,0.755960,0.755620,0.755960
1460023020,0.755950,0.755970,0.755740,0.755750
1460023080,0.755740,0.755740,0.755370,0.755440
1460023140,0.755430,0.755540,0.755220,0.755330
1460023200,0.755300,0.755440,0.755220,0.755310
1460023260,0.755290,0.755300,0.755060,0.755090
1460023320,0.755100,0.755460,0.754570,0.754590
1460023380,0.754590,0.754760,0.754500,0.754540
1460023440,0.754540,0.754740,0.754540,0.754570
1460023500,0.754550,0.754550,0.754170,0.754330
1460023560,0.754350,0.754520,0.753910,0.754050
1460023620,0.754030,0.754250,0.753960,0.754240
1460023680,0.754230,0.754290,0.754050,0.754210
1460023740,0.754220,0.754420,0.754150,0.754330
1460023800,0.754310,0.754460,0.754150,0.754440
1460023860,0.754440,0.754850,0.754340,0.754850
1460023920,0.754880,0.755230,0.754740,0.754910
1460023980,0.754910,0.755310,0.754730,0.755300
1460024040,0.755300,0.755440,0.755240,0.755440
1460024100,0.755410,0.755410,0.755160,0.755230
1460024160,0.755240,0.755360,0.754890,0.755000
1460024220,0.754990,0.755240,0.754970,0.755120
1460024280,0.755130,0.755370,0.754840,0.755240
1460024340,0.755230,0.755400,0.755110,0.755370
1460024400,0.755360,0.755470,0.755330,0.755440
1460024460,0.755450,0.755470,0.755430,0.755440
1460024520,0.755430,0.755440,0.755130,0.755130
1460024580,0.755140,0.755280,0.755130,0.755240
1460024640,0.755230,0.755440,0.755220,0.755420
1460024700,0.755430,0.755450,0.755270,0.755430
1460024760,0.755420,0.755480,0.755360,0.755440
1460024820,0.755450,0.755450,0.755390,0.755440
1460024880,0.755430,0.755430,0.755110,0.755120
1460024940,0.755100,0.755210,0.755100,0.755210
1460025000,0.755200,0.755200,0.755030,0.755150
1460025060,0.755140,0.755230,0.755130,0.755160
1460025120,0.755150,0.755440,0.755140,0.755340
1460025180,0.755340,0.755400,0.755170,0.755170
1460025240,0.755180,0.755230,0.754900,0.754900
1460025300,0.754880,0.755120,0.754820,0.755120
1460025360,0.755140,0.755140,0.754920,0.755030
1460025420,0.755020,0.755230,0.755020,0.755210
1460025480,0.755190,0.755340,0.755180,0.755290
1460025540,0.755280,0.755320,0.755270,0.755290
1460025600,0.755270,0.755420,0.755270,0.755410
1460025660,0.755420,0.755580,0.755390,0.755550
1460025720,0.755570,0.755840,0.755540,0.755720
1460025780,0.755710,0.755880,0.755710,0.755820
1460025840,0.755820,0.756090,0.755720,0.756060
1460025900,0.756050,0.756050,0.755670,0.755760
1460025960,0.755770,0.755870,0.755760,0.755830
1460026020,0.755820,0.756000,0.755820,0.755950
1460026080,0.755940,0.755940,0.755760,0.755780
1460026140,0.755770,0.755850,0.755770,0.755850
1460026200,0.755830,0.756070,0.755830,0.756030
1460026260,0.756020,0.756040,0.755860,0.755960
1460026320,0.755950,0.756070,0.755940,0.756060
1460026380,0.756050,0.756130,0.755920,0.755930
1460026440,0.755960,0.755980,0.755820,0.755820
1460026500,0.755820,0.756070,0.755810,0.756050
1460026560,0.756050,0.756070,0.755770,0.755770
1460026620,0.755770,0.755770,0.755450,0.755540
1460026680,0.755540,0.755620,0.755220,0.755220
1460026740,0.755210,0.755340,0.755110,0.755290
1460026800,0.755290,0.755640,0.755290,0.755480
1460026860,0.755530,0.755710,0.755350,0.755670
1460026920,0.755660,0.755740,0.755540,0.755540
1460026980,0.755550,0.755670,0.754940,0.755000
1460027040,0.755000,0.755130,0.754820,0.754940
1460027100,0.754970,0.755150,0.754970,0.755130
1460027160,0.755130,0.755240,0.755130,0.755210
1460027220,0.755200,0.755540,0.755200,0.755530
1460027280,0.755520,0.755550,0.755410,0.755540
1460027340,0.755530,0.755730,0.755490,0.755730
1460027400,0.755720,0.755720,0.755380,0.755440
1460027460,0.755500,0.755650,0.755500,0.755630
1460027520,0.755630,0.755670,0.755570,0.755620
1460027580,0.755640,0.756050,0.755590,0.755840
1460027640,0.755830,0.756040,0.755800,0.756040
1460027700,0.756030,0.756130,0.755920,0.756130
1460027760,0.756120,0.756140,0.755960,0.755970
1460027820,0.755990,0.756000,0.755720,0.755770
1460027880,0.755760,0.755850,0.755740,0.755840
1460027940,0.755830,0.755840,0.755740,0.755800
1460028000,0.755810,0.755910,0.755700,0.755720
1460028060,0.755710,0.755930,0.755710,0.755850
1460028120,0.755860,0.755920,0.755710,0.755910
1460028180,0.755920,0.755920,0.755700,0.755700
1460028240,0.755700,0.755700,0.755520,0.755540
1460028300,0.755530,0.755540,0.755400,0.755500
1460028360,0.755480,0.755480,0.755120,0.755120
1460028420,0.755130,0.755340,0.755130,0.755250
1460028480,0.755230,0.755300,0.755200,0.755230
1460028540,0.755250,0.755250,0.755150,0.755210
1460028600,0.755190,0.755230,0.755130,0.755150
1460028660,0.755170,0.755260,0.755130,0.755140
1460028720,0.755040,0.755170,0.754730,0.754850
1460028780,0.754840,0.754860,0.754700,0.754740
1460028840,0.754750,0.754930,0.754730,0.754820
1460028900,0.754820,0.754920,0.754410,0.754750
1460028960,0.754740,0.754740,0.754520,0.754520
1460029020,0.754530,0.754590,0.754310,0.754360
1460029080,0.754350,0.754510,0.754310,0.754340
1460029140,0.754340,0.754490,0.754330,0.754330
1460029200,0.754320,0.754430,0.754250,0.754420
1460029260,0.754400,0.754500,0.754360,0.754410
1460029320,0.754420,0.754490,0.754340,0.754440
1460029380,0.754420,0.754450,0.753930,0.753950
1460029440,0.753940,0.754010,0.753870,0.753940
1460029500,0.753930,0.753930,0.753810,0.753810
1460029560,0.753820,0.753830,0.753700,0.753770
1460029620,0.753780,0.753950,0.753710,0.753950
1460029680,0.753950,0.754010,0.753910,0.753960
1460029740,0.753960,0.753960,0.753820,0.753870
1460029800,0.753860,0.753950,0.753840,0.753920
1460029860,0.753920,0.754160,0.753830,0.754090
1460029920,0.754120,0.754130,0.753800,0.753820
1460029980,0.753820,0.754020,0.753800,0.753810
1460030040,0.753820,0.753860,0.753730,0.753730
1460030100,0.753740,0.753810,0.753530,0.753620
1460030160,0.753630,0.753660,0.753580,0.753630
1460030220,0.753610,0.753610,0.752520,0.752520
1460030280,0.752530,0.753030,0.752530,0.752920
1460030340,0.752930,0.752950,0.752840,0.752940
1460030400,0.752930,0.752970,0.752740,0.752850
1460030460,0.752840,0.752840,0.752290,0.752400
1460030520,0.752400,0.752510,0.752190,0.752420
1460030580,0.752450,0.752650,0.752440,0.752570
1460030640,0.752570,0.752610,0.752220,0.752250
1460030700,0.752270,0.752510,0.752230,0.752510
1460030760,0.752520,0.752650,0.752450,0.752630
1460030820,0.752640,0.752970,0.752630,0.752760
1460030880,0.752770,0.752850,0.752600,0.752840
1460030940,0.752840,0.752930,0.752790,0.752920
1460031000,0.752930,0.753260,0.752860,0.753230
1460031060,0.753240,0.753260,0.753030,0.753180
1460031120,0.753200,0.753310,0.753110,0.753120
1460031180,0.753110,0.753130,0.753040,0.753040
1460031240,0.753030,0.753040,0.752890,0.753020
1460031300,0.752970,0.753120,0.752870,0.752970
1460031360,0.752980,0.753040,0.752940,0.753020
1460031420,0.753030,0.753150,0.753020,0.753120
1460031480,0.753100,0.753420,0.753010,0.753250
1460031540,0.753280,0.753300,0.753010,0.753020
1460031600,0.753010,0.753040,0.752800,0.753020
1460031660,0.753030,0.753380,0.753030,0.753360
1460031720,0.753360,0.753550,0.753360,0.753520
1460031780,0.753510,0.753540,0.753260,0.753480
1460031840,0.753490,0.753540,0.753350,0.753540
1460031900,0.753550,0.753930,0.753530,0.753930
1460031960,0.753930,0.753990,0.753730,0.753730
1460032020,0.753720,0.753750,0.753530,0.753650
1460032080,0.753610,0.753720,0.753560,0.753630
1460032140,0.753630,0.754000,0.753600,0.753940
1460032200,0.753900,0.754090,0.753840,0.754080
1460032260,0.754070,0.754070,0.753790,0.753800
1460032320,0.753810,0.754040,0.753740,0.753920
1460032380,0.753870,0.754040,0.753820,0.754040
1460032440,0.754040,0.754060,0.753990,0.754020
1460032500,0.754010,0.754030,0.753770,0.753780
1460032560,0.753790,0.754080,0.753790,0.754060
1460032620,0.754070,0.754070,0.753940,0.754010
1460032680,0.754020,0.754030,0.753930,0.753940
1460032740,0.753920,0.754170,0.753730,0.754140
1460032800,0.754140,0.754180,0.754130,0.754130
1460032860,0.754130,0.754240,0.754100,0.754140
1460032920,0.754130,0.754130,0.753960,0.754040
1460032980,0.754030,0.754050,0.753960,0.753980
1460033040,0.753970,0.754030,0.753730,0.753810
1460033100,0.753800,0.753850,0.753420,0.753810
1460033160,0.753810,0.754320,0.753810,0.754320
1460033220,0.754540,0.754720,0.754410,0.754560
1460033280,0.754580,0.754590,0.754440,0.754500
1460033340,0.754490,0.754490,0.754170,0.754210
1460033400,0.754220,0.754530,0.754200,0.754530
1460033460,0.754540,0.754660,0.754540,0.754650
1460033520,0.754650,0.754680,0.754420,0.754500
1460033580,0.754510,0.754720,0.754440,0.754710
1460033640,0.754720,0.754830,0.754520,0.754610
1460033700,0.754590,0.754590,0.754410,0.754460
1460033760,0.754510,0.754630,0.754450,0.754610
1460033820,0.754620,0.754730,0.754540,0.754550
1460033880,0.754550,0.754720,0.754550,0.754710
1460033940,0.754700,0.754820,0.754600,0.754600
1460034000,0.754580,0.754600,0.754220,0.754600
1460034060,0.754610,0.754610,0.754220,0.754380
1460034120,0.754390,0.754430,0.754290,0.754290
1460034180,0.754300,0.754310,0.754000,0.754100
1460034240,0.754100,0.754220,0.753890,0.753940
1460034300,0.753990,0.754230,0.753820,0.754150
1460034360,0.754140,0.754250,0.754120,0.754210
1460034420,0.754220,0.754570,0.754210,0.754480
1460034480,0.754460,0.754560,0.754430,0.754520
1460034540,0.754530,0.754630,0.754480,0.754510
1460034600,0.754500,0.754530,0.754330,0.754380
1460034660,0.754370,0.754550,0.754100,0.754100
1460034720,0.754110,0.754210,0.753910,0.754020
1460034780,0.754020,0.754120,0.753920,0.754020
1460034840,0.754020,0.754020,0.753910,0.754010
1460034900,0.754020,0.754120,0.753820,0.753820
1460034960,0.753830,0.753900,0.753620,0.753800
1460035020,0.753800,0.754110,0.753690,0.753920
1460035080,0.753900,0.753920,0.753420,0.753430
1460035140,0.753430,0.753480,0.753260,0.753290
1460035200,0.753300,0.753600,0.753300,0.753580
1460035260,0.753600,0.753840,0.753600,0.753800
1460035320,0.753820,0.753820,0.753200,0.753210
1460035380,0.753210,0.753290,0.752690,0.752690
1460035440,0.752690,0.752810,0.752500,0.752590
1460035500,0.752590,0.752620,0.752500,0.752530
1460035560,0.752530,0.752620,0.752170,0.752290
1460035620,0.752300,0.752520,0.752200,0.752200
1460035680,0.752190,0.752230,0.751920,0.752010
1460035740,0.751990,0.751990,0.751380,0.751410
1460035800,0.751420,0.751540,0.750670,0.750820
1460035860,0.750880,0.751210,0.750880,0.751170
1460035920,0.751150,0.751760,0.751140,0.751640
1460035980,0.751620,0.751770,0.751550,0.751650
1460036040,0.751660,0.751860,0.751600,0.751860
1460036100,0.751850,0.751850,0.751550,0.751850
1460036160,0.751840,0.752690,0.751840,0.752550
1460036220,0.752580,0.752960,0.752270,0.752870
1460036280,0.752830,0.753000,0.752620,0.752740
1460036340,0.752750,0.752820,0.752520,0.752780
1460036400,0.752760,0.752920,0.752380,0.752500
1460036460,0.752500,0.752640,0.752320,0.752510
1460036520,0.752520,0.752920,0.752520,0.752820
1460036580,0.752820,0.752920,0.752610,0.752920
1460036640,0.752900,0.753270,0.752810,0.752880
1460036700,0.752840,0.753020,0.752660,0.752690
1460036760,0.752720,0.752880,0.752540,0.752540
1460036820,0.752540,0.752880,0.752510,0.752520
1460036880,0.752520,0.752650,0.752430,0.752520
1460036940,0.752530,0.752550,0.752400,0.752510
1460037000,0.752520,0.752910,0.752300,0.752320
1460037060,0.752340,0.752520,0.752280,0.752330
1460037120,0.752380,0.752630,0.752380,0.752410
1460037180,0.752400,0.753010,0.752400,0.752920
1460037240,0.752900,0.752930,0.752700,0.752790
1460037300,0.752780,0.752920,0.752690,0.752810
1460037360,0.752810,0.752810,0.752580,0.752710
1460037420,0.752710,0.752930,0.752690,0.752690
1460037480,0.752700,0.752940,0.752690,0.752710
1460037540,0.752710,0.752770,0.752630,0.752720
1460037600,0.752720,0.752790,0.752310,0.752430
1460037660,0.752440,0.753020,0.752440,0.753000
1460037720,0.753010,0.753010,0.752340,0.752610
1460037780,0.752620,0.752680,0.752380,0.752590
1460037840,0.752590,0.752590,0.752090,0.752200
1460037900,0.752200,0.752300,0.752120,0.752290
1460037960,0.752300,0.752600,0.752280,0.752530
1460038020,0.752500,0.752820,0.752430,0.752720
1460038080,0.752720,0.752760,0.752620,0.752750
1460038140,0.752730,0.752810,0.752520,0.752530
1460038200,0.752540,0.752630,0.752190,0.752230
1460038260,0.752210,0.752530,0.752030,0.752460
1460038320,0.752440,0.752520,0.752270,0.752420
1460038380,0.752400,0.752620,0.752400,0.752420
1460038440,0.752420,0.752420,0.751920,0.751920
1460038500,0.751900,0.751920,0.751470,0.751630
1460038560,0.751500,0.751610,0.750840,0.751280
1460038620,0.751290,0.751420,0.751220,0.751350
1460038680,0.751340,0.751480,0.751130,0.751250
1460038740,0.751280,0.751620,0.751280,0.751520
1460038800,0.751510,0.751560,0.751310,0.751550
1460038860,0.751540,0.751850,0.751450,0.751690
1460038920,0.751740,0.751910,0.751600,0.751720
1460038980,0.751730,0.751830,0.751420,0.751530
1460039040,0.751520,0.751710,0.751500,0.751620
1460039100,0.751630,0.751880,0.751610,0.751700
1460039160,0.751710,0.751760,0.751520,0.751730
1460039220,0.751740,0.751740,0.751400,0.751440
1460039280,0.751460,0.751570,0.751410,0.751510
1460039340,0.751520,0.751630,0.751230,0.751230
1460039400,0.751220,0.751220,0.750480,0.750610
1460039460,0.750690,0.751180,0.750680,0.751160
1460039520,0.751160,0.751280,0.750930,0.751180
1460039580,0.751160,0.751250,0.750930,0.750940
1460039640,0.750930,0.750960,0.750750,0.750770
1460039700,0.750780,0.750930,0.750760,0.750830
1460039760,0.750840,0.751120,0.750830,0.751030
1460039820,0.751030,0.751030,0.750510,0.750830
1460039880,0.750850,0.750980,0.750590,0.750920
1460039940,0.750920,0.751300,0.750920,0.751220
1460040000,0.751240,0.751270,0.750800,0.750800
1460040060,0.750770,0.750930,0.750510,0.750920
1460040120,0.750920,0.750920,0.750610,0.750700
1460040180,0.750630,0.750820,0.750610,0.750620
1460040240,0.750620,0.750740,0.750590,0.750710
1460040300,0.750710,0.750720,0.750400,0.750510
1460040360,0.750510,0.751110,0.750510,0.751000
1460040420,0.750990,0.751160,0.750890,0.751010
1460040480,0.751020,0.751210,0.750970,0.751020
1460040540,0.751000,0.751130,0.751000,0.751120
1460040600,0.751110,0.751520,0.751110,0.751430
1460040660,0.751440,0.751520,0.751110,0.751200
1460040720,0.751200,0.751410,0.751200,0.751340
1460040780,0.751350,0.751520,0.751350,0.751390
1460040840,0.751380,0.751830,0.751300,0.751820
1460040900,0.751820,0.751950,0.751570,0.751890
1460040960,0.751860,0.752030,0.751800,0.751920
1460041020,0.751910,0.752110,0.751640,0.751910
1460041080,0.751900,0.751900,0.751490,0.751790
1460041140,0.751760,0.751800,0.751570,0.751610
1460041200,0.751620,0.751920,0.751610,0.751620
1460041260,0.751620,0.751630,0.751320,0.751320
1460041320,0.751320,0.751320,0.750980,0.751100
1460041380,0.751100,0.751200,0.750960,0.750990
1460041440,0.750970,0.751020,0.750550,0.750580
1460041500,0.750530,0.750630,0.750380,0.750630
1460041560,0.750610,0.750730,0.750410,0.750420
1460041620,0.750420,0.750450,0.750200,0.750210
1460041680,0.750200,0.750210,0.749310,0.749480
1460041740,0.749500,0.749640,0.749150,0.749530
1460041800,0.749510,0.749830,0.749280,0.749710
1460041860,0.749720,0.749790,0.749590,0.749790
1460041920,0.749800,0.750050,0.749680,0.750030
1460041980,0.750050,0.750240,0.750030,0.750160
1460042040,0.750180,0.750220,0.750070,0.750140
1460042100,0.750130,0.750130,0.750010,0.750010
1460042160,0.749990,0.750410,0.749800,0.750410
1460042220,0.750410,0.750430,0.750150,0.750380
1460042280,0.750370,0.750440,0.750230,0.750340
1460042340,0.750330,0.750350,0.750120,0.750140
1460042400,0.750130,0.750130,0.749800,0.749960
1460042460,0.749950,0.750040,0.749700,0.749840
1460042520,0.749840,0.750020,0.749600,0.749820
1460042580,0.749830,0.750060,0.749630,0.749970
1460042640,0.749980,0.750220,0.749950,0.750030
1460042700,0.750020,0.750040,0.749840,0.749860
1460042760,0.749900,0.749940,0.749750,0.749810
1460042820,0.749820,0.750250,0.749800,0.750240
1460042880,0.750240,0.750370,0.750120,0.750220
1460042940,0.750250,0.750510,0.750180,0.750510
1460043000,0.750470,0.750560,0.750390,0.750520
1460043060,0.750510,0.750660,0.750440,0.750660
1460043120,0.750670,0.750750,0.750610,0.750680
1460043180,0.750690,0.750780,0.750640,0.750750
1460043240,0.750740,0.750860,0.750690,0.750740
1460043300,0.750740,0.750980,0.750730,0.750970
1460043360,0.750960,0.751080,0.750870,0.751050
1460043420,0.751040,0.751350,0.751040,0.751250
1460043480,0.751260,0.751270,0.751030,0.751060
1460043540,0.751070,0.751070,0.750940,0.751040
1460043600,0.751030,0.751060,0.750950,0.751030
1460043660,0.751040,0.751050,0.750910,0.750910
1460043720,0.750900,0.750900,0.750480,0.750630
1460043780,0.750650,0.750990,0.750630,0.750890
1460043840,0.750890,0.751000,0.750880,0.750900
1460043900,0.750900,0.751240,0.750880,0.750880
1460043960,0.750850,0.751010,0.750730,0.750730
1460044020,0.750730,0.750860,0.750720,0.750800
1460044080,0.750800,0.750930,0.750720,0.750730
1460044140,0.750720,0.750770,0.750580,0.750700
1460044200,0.750710,0.750860,0.750690,0.750800
1460044260,0.750810,0.750920,0.750810,0.750840
1460044320,0.750830,0.750920,0.750790,0.750910
1460044380,0.750930,0.750940,0.750800,0.750940
1460044440,0.750960,0.751020,0.750830,0.751020
1460044500,0.751030,0.751050,0.750710,0.750710
1460044560,0.750690,0.750700,0.750490,0.750610
1460044620,0.750620,0.750820,0.750560,0.750600
1460044680,0.750600,0.750690,0.750500,0.750500
1460044740,0.750480,0.750490,0.750380,0.750390
1460044800,0.750390,0.750390,0.750180,0.750210
1460044860,0.750200,0.750270,0.750180,0.750200
1460044920,0.750210,0.750530,0.750210,0.750520
1460044980,0.750510,0.750510,0.750230,0.750320
1460045040,0.750310,0.750440,0.750310,0.750430
1460045100,0.750430,0.750500,0.750370,0.750490
1460045160,0.750500,0.750520,0.750140,0.750160
1460045220,0.750150,0.750410,0.750120,0.750330
1460045280,0.750360,0.750550,0.750360,0.750520
1460045340,0.750530,0.750740,0.750420,0.750630
1460045400,0.750620,0.750630,0.750400,0.750530
1460045460,0.750520,0.750820,0.750520,0.750700
1460045520,0.750710,0.750840,0.750670,0.750820
1460045580,0.750830,0.750880,0.750760,0.750840
1460045640,0.750880,0.750930,0.750820,0.750830
1460045700,0.750830,0.750830,0.750730,0.750740
1460045760,0.750730,0.750730,0.750520,0.750530
1460045820,0.750520,0.750730,0.750520,0.750690
1460045880,0.750680,0.750730,0.750420,0.750420
1460045940,0.750390,0.750390,0.750110,0.750340
1460046000,0.750330,0.750330,0.750000,0.750020
1460046060,0.750000,0.750210,0.749990,0.750120
1460046120,0.750100,0.750230,0.750040,0.750230
1460046180,0.750210,0.750220,0.750120,0.750120
1460046240,0.750130,0.750140,0.749830,0.749830
1460046300,0.749830,0.749830,0.749700,0.749730
1460046360,0.749740,0.749900,0.749740,0.749900
1460046420,0.749920,0.750030,0.749880,0.750020
1460046480,0.750010,0.750130,0.749920,0.749930
1460046540,0.749920,0.750130,0.749900,0.750120
1460046600,0.750130,0.750230,0.750130,0.750230
1460046660,0.750250,0.750420,0.750220,0.750220
1460046720,0.750240,0.750320,0.750140,0.750230
1460046780,0.750250,0.750470,0.750250,0.750340
1460046840,0.750330,0.750330,0.750060,0.750130
1460046900,0.750120,0.750130,0.749800,0.749800
1460046960,0.749810,0.749820,0.749510,0.749510
1460047020,0.749500,0.749620,0.749400,0.749620
1460047080,0.749600,0.749820,0.749600,0.749820
1460047140,0.749810,0.749920,0.749790,0.749870
1460047200,0.749880,0.750130,0.749880,0.750120
1460047260,0.750130,0.750180,0.749930,0.749930
1460047320,0.749920,0.750050,0.749810,0.749840
1460047380,0.749850,0.749930,0.749830,0.749910
1460047440,0.749920,0.749950,0.749510,0.749720
1460047500,0.749710,0.749820,0.749630,0.749820
1460047560,0.749820,0.749900,0.749650,0.749900
1460047620,0.749900,0.750020,0.749850,0.750020
1460047680,0.750020,0.750120,0.750020,0.750120
1460047740,0.750110,0.750250,0.749970,0.750250
1460047800,0.750260,0.750440,0.750230,0.750430
1460047860,0.750440,0.750500,0.750310,0.750460
1460047920,0.750450,0.750550,0.750380,0.750520
1460047980,0.750500,0.750530,0.750400,0.750400
1460048040,0.750420,0.750420,0.750390,0.750400
1460048100,0.750380,0.750380,0.750180,0.750180
1460048160,0.750200,0.750580,0.750190,0.750490
1460048220,0.750500,0.750610,0.750480,0.750610
1460048280,0.750620,0.750850,0.750620,0.750730
1460048340,0.750720,0.750720,0.750490,0.750500
1460048400,0.750490,0.750620,0.750460,0.750530
1460048460,0.750520,0.750530,0.750310,0.750340
1460048520,0.750320,0.750330,0.750160,0.750170
1460048580,0.750170,0.750330,0.750080,0.750220
1460048640,0.750210,0.750240,0.750060,0.750240
1460048700,0.750260,0.750640,0.750260,0.750610
1460048760,0.750620,0.750730,0.750540,0.750730
1460048820,0.750740,0.750820,0.750680,0.750720
1460048880,0.750730,0.750740,0.750490,0.750620
1460048940,0.750630,0.750800,0.750630,0.750680
1460049000,0.750680,0.750680,0.750540,0.750570
1460049060,0.750550,0.750930,0.750540,0.750930
1460049120,0.750930,0.751120,0.750860,0.751030
1460049180,0.751040,0.751220,0.751030,0.751140
1460049240,0.751160,0.751210,0.751090,0.751090
1460049300,0.751020,0.751100,0.751010,0.751010
1460049360,0.751030,0.751120,0.751030,0.751120
1460049420,0.751130,0.751220,0.751120,0.751220
1460049480,0.751200,0.751230,0.751010,0.751020
1460049540,0.751040,0.751050,0.750950,0.751020
1460049600,0.751010,0.751010,0.750900,0.750970
1460049660,0.750960,0.751110,0.750930,0.751040
1460049720,0.751050,0.751060,0.750930,0.750930
1460049780,0.750930,0.750940,0.750810,0.750810
1460049840,0.750810,0.750930,0.750700,0.750930
1460049900,0.750930,0.750930,0.750710,0.750810
1460049960,0.750810,0.750890,0.750810,0.750820
1460050020,0.750830,0.750870,0.750770,0.750830
1460050080,0.750840,0.750940,0.750720,0.750940
1460050140,0.750940,0.750940,0.750780,0.750830
1460050200,0.750800,0.750910,0.750800,0.750810
1460050260,0.750830,0.751120,0.750830,0.751040
1460050320,0.751030,0.751030,0.750710,0.750790
1460050380,0.750800,0.750910,0.750800,0.750810
1460050440,0.750800,0.750810,0.750630,0.750630
1460050500,0.750640,0.750820,0.750640,0.750820
1460050560,0.750830,0.751010,0.750820,0.751000
1460050620,0.750930,0.750940,0.750830,0.750940
1460050680,0.750950,0.751130,0.750820,0.751120
1460050740,0.751110,0.751170,0.750940,0.751140
1460050800,0.751150,0.751240,0.751110,0.751240
1460050860,0.751250,0.751250,0.751110,0.751230
1460050920,0.751220,0.751230,0.751140,0.751220
1460050980,0.751230,0.751240,0.751180,0.751240
1460051040,0.751250,0.751250,0.751080,0.751140
1460051100,0.751130,0.751220,0.751110,0.751140
1460051160,0.751130,0.751130,0.750910,0.750930
1460051220,0.750920,0.751030,0.750790,0.750810
1460051280,0.750800,0.750850,0.750720,0.750790
1460051340,0.750840,0.750980,0.750730,0.750820
1460051400,0.750820,0.750820,0.750650,0.750700
1460051460,0.750710,0.750780,0.750610,0.750690
1460051520,0.750690,0.750840,0.750610,0.750730
1460051580,0.750750,0.750750,0.750490,0.750490
1460051640,0.750400,0.750520,0.750320,0.750420
1460051700,0.750430,0.750570,0.750430,0.750550
1460051760,0.750560,0.750840,0.750550,0.750820
1460051820,0.750830,0.750830,0.750500,0.750520
1460051880,0.750520,0.750620,0.750340,0.750340
1460051940,0.750340,0.750430,0.750340,0.750410
1460052000,0.750400,0.750440,0.750330,0.750360
1460052060,0.750360,0.750580,0.750360,0.750550
1460052120,0.750550,0.750860,0.750550,0.750860
1460052180,0.750850,0.750860,0.750740,0.750790
1460052240,0.750790,0.750790,0.750530,0.750650
1460052300,0.750670,0.750860,0.750670,0.750740
1460052360,0.750760,0.750770,0.750630,0.750750
1460052420,0.750760,0.750870,0.750730,0.750730
1460052480,0.750740,0.750920,0.750630,0.750650
1460052540,0.750640,0.750750,0.750420,0.750480
1460052600,0.750470,0.750670,0.750460,0.750660
1460052660,0.750670,0.750710,0.750530,0.750640
1460052720,0.750650,0.750740,0.750540,0.750610
1460052780,0.750620,0.750730,0.750590,0.750640
1460052840,0.750650,0.750660,0.750530,0.750550
1460052900,0.750560,0.750640,0.750430,0.750640
1460052960,0.750620,0.750620,0.750330,0.750330
1460053020,0.750340,0.750520,0.750330,0.750450
1460053080,0.750450,0.750550,0.750330,0.750540
1460053140,0.750550,0.750610,0.750520,0.750540
1460053200,0.750560,0.750720,0.750560,0.750720
1460053260,0.750700,0.750780,0.750650,0.750730
1460053320,0.750720,0.750720,0.750600,0.750630
1460053380,0.750640,0.750750,0.750630,0.750720
1460053440,0.750730,0.750750,0.750660,0.750720
1460053500,0.750730,0.750730,0.750630,0.750640
1460053560,0.750650,0.750730,0.750620,0.750620
1460053620,0.750630,0.750710,0.750510,0.750690
1460053680,0.750710,0.751020,0.750710,0.750970
1460053740,0.750980,0.751040,0.750940,0.750980
1460053800,0.750970,0.751050,0.750950,0.751000
1460053860,0.751010,0.751030,0.750910,0.750910
1460053920,0.750910,0.750920,0.750900,0.750900
1460053980,0.750900,0.750910,0.750890,0.750910
1460054040,0.750910,0.751020,0.750810,0.751010
1460054100,0.751010,0.751010,0.750910,0.750910
1460054160,0.750910,0.750920,0.750900,0.750900
1460054220,0.750900,0.750910,0.750840,0.750910
1460054280,0.750910,0.751080,0.750900,0.751010
1460054340,0.751020,0.751080,0.751000,0.751080
1460054400,0.751070,0.751090,0.751010,0.751010
1460054460,0.751010,0.751010,0.750810,0.750820
1460054520,0.750830,0.750910,0.750780,0.750840
1460054580,0.750850,0.751010,0.750840,0.750910
1460054640,0.750910,0.750930,0.750900,0.750920
1460054700,0.750920,0.751020,0.750920,0.751000
1460054760,0.751000,0.751020,0.750820,0.750910
1460054820,0.750900,0.750910,0.750630,0.750710
1460054880,0.750710,0.750710,0.750510,0.750530
1460054940,0.750530,0.750710,0.750520,0.750710
1460055000,0.750710,0.750800,0.750630,0.750710
1460055060,0.750710,0.750710,0.750680,0.750680
1460055120,0.750680,0.750680,0.750480,0.750480
1460055180,0.750490,0.750710,0.750480,0.750700
1460055240,0.750690,0.750700,0.750590,0.750600
1460055300,0.750600,0.750600,0.750600,0.750600
1460055360,0.750600,0.750600,0.750580,0.750580
1460055420,0.750580,0.750610,0.750380,0.750380
1460055480,0.750390,0.750420,0.750290,0.750410
1460055540,0.750420,0.750770,0.750420,0.750720
1460055600,0.750700,0.750700,0.750480,0.750480
1460055660,0.750490,0.750520,0.750490,0.750500
1460055720,0.750510,0.750520,0.750410,0.750410
1460055780,0.750420,0.750430,0.750370,0.750410
1460055840,0.750400,0.750420,0.750210,0.750220
1460055900,0.750210,0.750320,0.750090,0.750320
1460055960,0.750330,0.750650,0.750330,0.750640
1460056020,0.750640,0.750640,0.750370,0.750370
1460056080,0.750370,0.750370,0.750170,0.750290
1460056140,0.750250,0.750470,0.750190,0.750370
1460056200,0.750370,0.750600,0.750290,0.750600
1460056260,0.750600,0.750610,0.750500,0.750610
1460056320,0.750610,0.750630,0.750470,0.750490
1460056380,0.750480,0.750500,0.750420,0.750500
1460056440,0.750510,0.750520,0.750500,0.750500
1460056500,0.750490,0.750640,0.750420,0.750640
1460056560,0.750660,0.750730,0.750600,0.750610
1460056620,0.750600,0.750600,0.750510,0.750510
1460056680,0.750520,0.750520,0.750420,0.750440
1460056740,0.750420,0.750440,0.750420,0.750440
1460056800,0.750430,0.750430,0.750410,0.750410
1460056860,0.750420,0.750720,0.750420,0.750660
1460056920,0.750670,0.750780,0.750660,0.750780
1460056980,0.750760,0.750870,0.750760,0.750870
1460057040,0.750880,0.750970,0.750870,0.750960
1460057100,0.750970,0.751060,0.750960,0.750960
1460057160,0.750950,0.750980,0.750860,0.750970
1460057220,0.750960,0.751060,0.750860,0.751060
1460057280,0.751070,0.751090,0.751060,0.751060
1460057340,0.751040,0.751040,0.750810,0.750840
1460057400,0.750830,0.750850,0.750820,0.750840
1460057460,0.750820,0.750850,0.750710,0.750740
1460057520,0.750720,0.750950,0.750670,0.750950
1460057580,0.750940,0.751050,0.750920,0.751050
1460057640,0.751050,0.751050,0.750910,0.750980
1460057700,0.750970,0.751020,0.750910,0.750910
1460057760,0.750900,0.750920,0.750850,0.750900
1460057820,0.750900,0.750920,0.750780,0.750790
1460057880,0.750780,0.750780,0.750390,0.750480
1460057940,0.750470,0.750600,0.750380,0.750600
1460058000,0.750600,0.750600,0.750300,0.750420
1460058060,0.750440,0.750530,0.750380,0.750390
1460058120,0.750390,0.750440,0.750380,0.750430
1460058180,0.750420,0.750510,0.750420,0.750510
1460058240,0.750500,0.750820,0.750420,0.750690
1460058300,0.750700,0.750820,0.750680,0.750710
1460058360,0.750690,0.750820,0.750690,0.750810
1460058420,0.750800,0.750800,0.750700,0.750720
1460058480,0.750710,0.750740,0.750610,0.750620
1460058540,0.750630,0.750630,0.750510,0.750510
1460058600,0.750520,0.750610,0.750510,0.750600
1460058660,0.750590,0.750630,0.750490,0.750610
1460058720,0.750620,0.750730,0.750560,0.750700
1460058780,0.750710,0.750730,0.750630,0.750640
1460058840,0.750700,0.750720,0.750690,0.750710
1460058900,0.750750,0.750810,0.750590,0.750670
1460058960,0.750700,0.750720,0.750590,0.750700
1460059020,0.750700,0.750700,0.750590,0.750700
1460059080,0.750710,0.750810,0.750710,0.750770
1460059140,0.750760,0.750760,0.750570,0.750700
1460059200,0.750690,0.750700,0.750580,0.750630
1460059260,0.750620,0.750700,0.750560,0.750670
1460059320,0.750660,0.750670,0.750490,0.750500
1460059380,0.750490,0.750560,0.750480,0.750490
1460059440,0.750490,0.750510,0.750470,0.750490
1460059500,0.750500,0.750600,0.750490,0.750570
1460059560,0.750560,0.750560,0.750500,0.750500
1460059620,0.750520,0.750520,0.750500,0.750520
1460059680,0.750530,0.750620,0.750480,0.750490
1460059740,0.750480,0.750510,0.750480,0.750500
1460059800,0.750510,0.750580,0.750490,0.750510
1460059860,0.750500,0.750500,0.750480,0.750480
1460059920,0.750470,0.750470,0.750390,0.750390
1460059980,0.750380,0.750390,0.750370,0.750370
1460060040,0.750390,0.750400,0.750390,0.750400
1460060100,0.750400,0.750400,0.750400,0.750400
1460060160,0.750400,0.750400,0.750310,0.750310
1460060220,0.750330,0.750330,0.750300,0.750310
1460060280,0.750320,0.750420,0.750310,0.750420
1460060340,0.750430,0.750430,0.750430,0.750430
1460060400,0.750450,0.750450,0.750400,0.750400
1460060460,0.750410,0.750410,0.750340,0.750340
1460060520,0.750350,0.750420,0.750350,0.750420
1460060580,0.750430,0.750430,0.750420,0.750420
1460060700,0.750430,0.750450,0.750430,0.750430
1460060760,0.750430,0.750510,0.750420,0.750510
1460060820,0.750520,0.750610,0.750510,0.750600
1460060880,0.750590,0.750590,0.750500,0.750550
1460060940,0.750550,0.750600,0.750500,0.750500
1460061000,0.750470,0.750500,0.750470,0.750480
1460061060,0.750480,0.750570,0.750480,0.750540
1460061120,0.750550,0.750560,0.750520,0.750520
1460061180,0.750520,0.750530,0.750520,0.750530
1460061240,0.750540,0.750560,0.750530,0.750560
1460061300,0.750550,0.750590,0.750480,0.750490
1460061360,0.750480,0.750490,0.750480,0.750480
1460061420,0.750490,0.750600,0.750470,0.750480
1460061480,0.750470,0.750470,0.750470,0.750470
1460061540,0.750490,0.750490,0.750450,0.750450
1460061600,0.750460,0.750470,0.750430,0.750470
1460061660,0.750470,0.750470,0.750460,0.750460
1460061720,0.750450,0.750460,0.750450,0.750460
1460061780,0.750450,0.750460,0.750420,0.750450
1460061840,0.750460,0.750500,0.750440,0.750500
1460061900,0.750500,0.750500,0.750470,0.750480
1460061960,0.750480,0.750520,0.750480,0.750490
1460062020,0.750490,0.750490,0.750440,0.750460
1460062080,0.750450,0.750470,0.750400,0.750420
1460062140,0.750420,0.750460,0.750420,0.750460
1460062200,0.750450,0.750460,0.750450,0.750460
1460062260,0.750460,0.750490,0.750460,0.750490
1460062320,0.750490,0.750490,0.750470,0.750480
1460062380,0.750480,0.750500,0.750480,0.750500
1460062440,0.750500,0.750510,0.750490,0.750510
1460062500,0.750510,0.750600,0.750490,0.750540
1460062560,0.750540,0.750540,0.750490,0.750490
1460062620,0.750490,0.750490,0.750490,0.750490
1460062680,0.750520,0.750570,0.750500,0.750570
1460062740,0.750550,0.750550,0.750350,0.750350
1460062800,0.750350,0.750350,0.750350,0.750350
1460062860,0.750430,0.750460,0.750430,0.750460
1460062920,0.750460,0.750460,0.750460,0.750460
1460063040,0.750450,0.750500,0.750420,0.750500
1460063100,0.750430,0.750500,0.750290,0.750290
1460063160,0.750300,0.750330,0.750130,0.750130
1460063220,0.750240,0.750290,0.750190,0.750240
1460063340,0.750220,0.750240,0.750220,0.750240
1460063400,0.750340,0.750360,0.750340,0.750360
1460063460,0.750410,0.750470,0.750410,0.750440
1460063520,0.750470,0.750470,0.750470,0.750470
1460063640,0.750510,0.750510,0.750390,0.750390
1460063700,0.750420,0.750490,0.750420,0.750450
1460063820,0.750450,0.750530,0.750450,0.750460
1460063880,0.750470,0.750590,0.750460,0.750590
1460063940,0.750590,0.750630,0.750580,0.750630
1460064000,0.750630,0.750630,0.750630,0.750630
1460064060,0.750630,0.750630,0.750630,0.750630
1460064120,0.750630,0.750780,0.750630,0.750710
1460064180,0.750680,0.750680,0.750560,0.750580
1460064240,0.750580,0.750580,0.750580,0.750580
1460064300,0.750580,0.750610,0.750580,0.750580
1460064360,0.750620,0.750620,0.750620,0.750620
1460064420,0.750620,0.750620,0.750620,0.750620
1460064480,0.750570,0.750570,0.750570,0.750570
1460064540,0.750570,0.750690,0.750570,0.750690
1460064600,0.750690,0.750690,0.750350,0.750380
1460064660,0.750380,0.750440,0.750380,0.750430
1460064720,0.750380,0.750390,0.750360,0.750380
1460064780,0.750380,0.750490,0.750380,0.750490
1460064840,0.750490,0.750710,0.750490,0.750540
1460064900,0.750540,0.750580,0.750520,0.750580
1460064960,0.750580,0.750580,0.750580,0.750580
1460065020,0.750580,0.750680,0.750570,0.750630
1460065080,0.750630,0.750630,0.750630,0.750630
1460065140,0.750620,0.750620,0.750580,0.750580
1460065200,0.750580,0.750580,0.750490,0.750570
1460065260,0.750570,0.750730,0.750570,0.750730
1460065320,0.750730,0.750730,0.750680,0.750680
1460065380,0.750670,0.750670,0.750630,0.750630
1460065440,0.750630,0.750630,0.750630,0.750630
1460065500,0.750620,0.750620,0.750620,0.750620
1460065560,0.750620,0.750620,0.750620,0.750620
1460065620,0.750620,0.750730,0.750500,0.750580
1460065680,0.750580,0.750620,0.750540,0.750620
1460065740,0.750620,0.750630,0.750570,0.750630
1460065800,0.750650,0.750650,0.750650,0.750650
1460065860,0.750650,0.750650,0.750630,0.750630
1460065920,0.750630,0.750630,0.750580,0.750580
1460065980,0.750610,0.750740,0.750610,0.750720
1460066040,0.750720,0.750750,0.750700,0.750720
1460066100,0.750700,0.750700,0.750650,0.750650
1460066160,0.750650,0.750690,0.750550,0.750600
1460066220,0.750600,0.750610,0.750530,0.750530
1460066280,0.750610,0.750610,0.750450,0.750550
1460066400,0.750540,0.750580,0.750390,0.750490
1460066460,0.750500,0.750500,0.750440,0.750460
1460066520,0.750450,0.750480,0.750450,0.750480
1460066580,0.750470,0.750510,0.750470,0.750510
1460066640,0.750500,0.750510,0.750490,0.750500
1460066700,0.750480,0.750500,0.750470,0.750490
1460066760,0.750500,0.750680,0.750460,0.750680
1460066820,0.750680,0.750710,0.750670,0.750700
1460066880,0.750730,0.750740,0.750590,0.750660
1460066940,0.750650,0.750800,0.750650,0.750790
1460067000,0.750770,0.750810,0.750720,0.750750
1460067060,0.750730,0.750840,0.750570,0.750600
1460067120,0.750610,0.750640,0.750550,0.750590
1460067180,0.750610,0.750630,0.750360,0.750380
1460067240,0.750380,0.750410,0.750350,0.750390
1460067300,0.750370,0.750370,0.750090,0.750120
1460067360,0.750120,0.750120,0.750050,0.750060
1460067420,0.750070,0.750070,0.749990,0.750000
1460067480,0.750000,0.750150,0.749970,0.750150
1460067540,0.750140,0.750340,0.750120,0.750340
1460067600,0.750280,0.750440,0.750250,0.750430
1460067660,0.750500,0.750540,0.750420,0.750420
1460067720,0.750420,0.750510,0.750420,0.750470
1460067780,0.750470,0.750580,0.750460,0.750580
1460067840,0.750580,0.750880,0.750580,0.750860
1460067900,0.750870,0.750960,0.750860,0.750880
1460067960,0.750890,0.750930,0.750890,0.750930
1460068020,0.750920,0.751110,0.750920,0.751090
1460068080,0.751090,0.751120,0.750920,0.750990
1460068140,0.751000,0.751000,0.750920,0.750920
1460068200,0.750910,0.750930,0.750880,0.750920
1460068260,0.750930,0.751110,0.750880,0.751090
1460068320,0.751070,0.751130,0.751000,0.751050
1460068380,0.751030,0.751040,0.750870,0.750880
1460068440,0.750870,0.750870,0.750660,0.750660
1460068500,0.750650,0.750700,0.750570,0.750580
1460068560,0.750540,0.750620,0.750500,0.750500
1460068620,0.750500,0.750550,0.750500,0.750500
1460068680,0.750500,0.750570,0.750370,0.750570
1460068740,0.750550,0.750670,0.750470,0.750660
1460068800,0.750640,0.750680,0.750640,0.750660
1460068860,0.750660,0.750670,0.750650,0.750670
1460068920,0.750670,0.750670,0.750530,0.750530
1460068980,0.750570,0.750790,0.750570,0.750790
1460069040,0.750770,0.750870,0.750750,0.750760
1460069100,0.750740,0.750740,0.750580,0.750670
1460069160,0.750670,0.750700,0.750640,0.750700
1460069220,0.750750,0.750820,0.750680,0.750700
1460069280,0.750700,0.750710,0.750590,0.750670
1460069340,0.750660,0.750670,0.750660,0.750660
1460069400,0.750670,0.750690,0.750670,0.750690
1460069460,0.750680,0.750730,0.750680,0.750720
1460069520,0.750730,0.750730,0.750720,0.750730
1460069580,0.750710,0.750710,0.750670,0.750680
1460069640,0.750670,0.750670,0.750570,0.750630
1460069700,0.750620,0.750620,0.750580,0.750600
1460069760,0.750610,0.750710,0.750610,0.750640
1460069820,0.750630,0.750660,0.750610,0.750660
1460069880,0.750670,0.750670,0.750600,0.750640
1460069940,0.750650,0.750650,0.750600,0.750600
1460070000,0.750620,0.750800,0.750600,0.750800
1460070060,0.750790,0.750800,0.750770,0.750780
1460070120,0.750780,0.750790,0.750770,0.750790
1460070180,0.750770,0.750890,0.750770,0.750880
1460070240,0.750870,0.751140,0.750870,0.751050
1460070300,0.751080,0.751190,0.751060,0.751130
1460070360,0.751120,0.751140,0.751110,0.751110
1460070420,0.751090,0.751090,0.750920,0.750980
1460070480,0.750970,0.751020,0.750970,0.751010
1460070540,0.751020,0.751020,0.750940,0.750990
1460070600,0.751000,0.751090,0.750990,0.751010
1460070660,0.751000,0.751100,0.750980,0.751010
1460070720,0.751000,0.751110,0.751000,0.751100
1460070780,0.751080,0.751100,0.750990,0.751050
1460070840,0.751040,0.751080,0.751040,0.751080
1460070900,0.751090,0.751110,0.751080,0.751090
1460070960,0.751080,0.751090,0.751050,0.751070
1460071020,0.751060,0.751070,0.751040,0.751060
1460071080,0.751070,0.751110,0.751030,0.751110
1460071140,0.751120,0.751120,0.751100,0.751100
1460071200,0.751110,0.751110,0.751100,0.751100
1460071260,0.751090,0.751090,0.750910,0.750930
1460071320,0.750940,0.750990,0.750870,0.750910
1460071380,0.750980,0.751210,0.750980,0.751200
1460071440,0.751190,0.751320,0.751170,0.751280
1460071500,0.751270,0.751290,0.751150,0.751170
1460071560,0.751180,0.751220,0.751170,0.751180
1460071620,0.751200,0.751300,0.751180,0.751300
1460071680,0.751290,0.751300,0.751280,0.751300
1460071740,0.751310,0.751350,0.751070,0.751110
1460071800,0.751130,0.751300,0.751130,0.751260
1460071860,0.751260,0.751400,0.751260,0.751400
1460071920,0.751410,0.751470,0.751390,0.751420
1460071980,0.751410,0.751420,0.751370,0.751380
1460072040,0.751380,0.751510,0.751380,0.751510
1460072100,0.751500,0.751510,0.751440,0.751510
1460072160,0.751480,0.751480,0.751380,0.751420
1460072220,0.751440,0.751610,0.751440,0.751610
1460072280,0.751610,0.751700,0.751520,0.751520
1460072340,0.751510,0.751510,0.751350,0.751430
1460072400,0.751440,0.751500,0.751420,0.751500
1460072460,0.751500,0.751510,0.751420,0.751500
1460072520,0.751490,0.751560,0.751440,0.751490
1460072580,0.751500,0.751610,0.751490,0.751600
1460072640,0.751610,0.751610,0.751520,0.751530
1460072700,0.751530,0.751590,0.751520,0.751530
1460072760,0.751540,0.751650,0.751520,0.751580
1460072820,0.751590,0.751590,0.751420,0.751470
1460072880,0.751480,0.751600,0.751350,0.751580
1460072940,0.751580,0.751580,0.751400,0.751420
1460073000,0.751420,0.751420,0.751220,0.751280
1460073060,0.751270,0.751300,0.751240,0.751270
1460073120,0.751260,0.751290,0.751200,0.751210
1460073180,0.751220,0.751220,0.750990,0.751010
1460073240,0.751020,0.751040,0.750760,0.750830
1460073300,0.750830,0.751100,0.750830,0.751020
1460073360,0.751020,0.751130,0.751020,0.751120
1460073420,0.751130,0.751240,0.751130,0.751210
1460073480,0.751220,0.751230,0.751130,0.751140
1460073540,0.751120,0.751320,0.751120,0.751310
1460073600,0.751310,0.751370,0.751200,0.751350
1460073660,0.751360,0.751410,0.751300,0.751330
1460073720,0.751320,0.751550,0.751320,0.751430
1460073780,0.751440,0.751560,0.751290,0.751310
1460073840,0.751300,0.751310,0.751170,0.751260
1460073900,0.751260,0.751260,0.750990,0.751000
1460073960,0.751010,0.751320,0.751010,0.751270
1460074020,0.751270,0.751330,0.751250,0.751290
1460074080,0.751300,0.751400,0.751290,0.751380
1460074140,0.751380,0.751380,0.751290,0.751370
1460074200,0.751380,0.751500,0.751300,0.751470
1460074260,0.751480,0.751480,0.751190,0.751320
1460074320,0.751310,0.751620,0.751280,0.751290
1460074380,0.751280,0.751290,0.750970,0.751000
1460074440,0.750990,0.751370,0.750910,0.751370
1460074500,0.751360,0.751630,0.751230,0.751580
1460074560,0.751590,0.751820,0.751530,0.751820
1460074620,0.751840,0.751950,0.751660,0.751700
1460074680,0.751690,0.751760,0.751520,0.751760
1460074740,0.751750,0.751830,0.751580,0.751810
1460074800,0.751790,0.751930,0.751710,0.751800
1460074860,0.751810,0.751810,0.751580,0.751580
1460074920,0.751550,0.751550,0.751360,0.751400
1460074980,0.751450,0.751650,0.751450,0.751650
1460075040,0.751650,0.751890,0.751560,0.751810
1460075100,0.751800,0.751800,0.751420,0.751420
1460075160,0.751450,0.751470,0.751050,0.751310
1460075220,0.751300,0.751300,0.751090,0.751270
1460075280,0.751260,0.751260,0.751110,0.751190
1460075340,0.751180,0.751340,0.751140,0.751200
1460075400,0.751210,0.751260,0.751070,0.751070
1460075460,0.751080,0.751090,0.750870,0.750940
1460075520,0.750940,0.751060,0.750920,0.750960
1460075580,0.750960,0.751070,0.750960,0.751070
1460075640,0.751060,0.751140,0.750980,0.751070
1460075700,0.751070,0.751090,0.751000,0.751070
1460075760,0.751090,0.751090,0.751070,0.751080
1460075820,0.751070,0.751160,0.751070,0.751120
1460075880,0.751130,0.751210,0.751110,0.751210
1460075940,0.751220,0.751420,0.751220,0.751370
1460076000,0.751380,0.751390,0.751310,0.751310
1460076060,0.751320,0.751370,0.751300,0.751300
1460076120,0.751300,0.751370,0.751220,0.751280
1460076180,0.751290,0.751410,0.751280,0.751400
1460076240,0.751410,0.751480,0.751360,0.751390
1460076300,0.751410,0.751410,0.751150,0.751150
1460076360,0.751140,0.751350,0.751100,0.751120
1460076420,0.751110,0.751290,0.751010,0.751260
1460076480,0.751220,0.751300,0.751210,0.751210
1460076540,0.751230,0.751300,0.751180,0.751180
1460076600,0.751200,0.751270,0.751090,0.751260
1460076660,0.751270,0.751280,0.751200,0.751210
1460076720,0.751220,0.751460,0.751220,0.751410
1460076780,0.751400,0.751600,0.751400,0.751590
1460076840,0.751600,0.751710,0.751470,0.751660
1460076900,0.751750,0.751750,0.751370,0.751440
1460076960,0.751440,0.751640,0.751440,0.751620
1460077020,0.751630,0.751730,0.751620,0.751690
1460077080,0.751680,0.751910,0.751650,0.751910
1460077140,0.751910,0.751950,0.751800,0.751890
1460077200,0.751890,0.751990,0.751890,0.751990
1460077260,0.752000,0.752140,0.752000,0.752110
1460077320,0.752150,0.752430,0.752090,0.752340
1460077380,0.752360,0.752540,0.752310,0.752410
1460077440,0.752450,0.752490,0.752350,0.752350
1460077500,0.752340,0.752390,0.752200,0.752370
1460077560,0.752370,0.752420,0.752200,0.752210
1460077620,0.752220,0.752420,0.752200,0.752410
1460077680,0.752420,0.752520,0.752400,0.752470
1460077740,0.752480,0.752790,0.752470,0.752750
1460077800,0.752750,0.752810,0.752620,0.752710
1460077860,0.752720,0.752720,0.752560,0.752610
1460077920,0.752600,0.752740,0.752590,0.752700
1460077980,0.752710,0.753090,0.752710,0.753080
1460078040,0.753070,0.753140,0.752990,0.753120
1460078100,0.753110,0.753110,0.752800,0.752800
1460078160,0.752930,0.752930,0.752800,0.752800
1460078220,0.752850,0.753290,0.752850,0.752950
1460078280,0.752960,0.752990,0.752790,0.752800
1460078340,0.752800,0.752820,0.752770,0.752790
1460078400,0.752800,0.752930,0.752770,0.752870
1460078460,0.752870,0.752920,0.752820,0.752820
1460078520,0.752800,0.752870,0.752780,0.752790
1460078580,0.752780,0.752900,0.752750,0.752790
1460078640,0.752780,0.752790,0.752590,0.752700
1460078700,0.752710,0.752810,0.752690,0.752800
1460078760,0.752810,0.752880,0.752800,0.752800
1460078820,0.752810,0.752880,0.752710,0.752800
1460078880,0.752780,0.752870,0.752750,0.752760
1460078940,0.752750,0.752890,0.752740,0.752870
1460079000,0.752880,0.752960,0.752820,0.752920
1460079060,0.752930,0.752980,0.752810,0.752890
1460079120,0.752880,0.752990,0.752870,0.752880
1460079180,0.752890,0.752900,0.752690,0.752800
1460079240,0.752810,0.752950,0.752780,0.752950
1460079300,0.752960,0.753320,0.752950,0.753250
1460079360,0.753240,0.753380,0.753200,0.753320
1460079420,0.753330,0.753410,0.753110,0.753120
1460079480,0.753120,0.753200,0.752960,0.752990
1460079540,0.752960,0.752960,0.752650,0.752690
1460079600,0.752670,0.752710,0.752550,0.752550
1460079660,0.752490,0.752790,0.752490,0.752620
1460079720,0.752570,0.752690,0.752480,0.752660
1460079780,0.752650,0.752740,0.752580,0.752660
1460079840,0.752660,0.752910,0.752560,0.752890
1460079900,0.752880,0.753060,0.752810,0.753060
1460079960,0.753030,0.753090,0.752890,0.753040
1460080020,0.753060,0.753400,0.753020,0.753400
1460080080,0.753450,0.753590,0.753370,0.753530
1460080140,0.753510,0.753510,0.753250,0.753250
1460080200,0.753250,0.753470,0.753220,0.753450
1460080260,0.753460,0.753630,0.753460,0.753630
1460080320,0.753650,0.753670,0.753380,0.753400
1460080380,0.753410,0.753440,0.753410,0.753410
1460080440,0.753420,0.753600,0.753400,0.753550
1460080500,0.753580,0.753700,0.753520,0.753610
1460080560,0.753600,0.753610,0.753490,0.753580
1460080620,0.753600,0.753700,0.753580,0.753580
1460080680,0.753570,0.753570,0.753290,0.753300
1460080740,0.753300,0.753330,0.753090,0.753120
1460080800,0.753150,0.753160,0.753050,0.753060
1460080860,0.753060,0.753060,0.752980,0.753000
1460080920,0.753030,0.753080,0.752990,0.753000
1460080980,0.753000,0.753020,0.752910,0.752950
1460081040,0.753010,0.753010,0.752750,0.752750
1460081100,0.752760,0.752760,0.752750,0.752750
1460081160,0.752750,0.752780,0.752570,0.752570
1460081220,0.752560,0.752810,0.752490,0.752810
1460081280,0.752800,0.752800,0.752670,0.752740
1460081340,0.752740,0.752740,0.752320,0.752350
1460081400,0.752350,0.752380,0.752250,0.752360
1460081460,0.752360,0.752360,0.752320,0.752360
1460081520,0.752360,0.752430,0.752350,0.752380
1460081580,0.752380,0.752620,0.752380,0.752590
1460081640,0.752590,0.752860,0.752590,0.752840
1460081700,0.752850,0.752890,0.752770,0.752780
1460081760,0.752770,0.752900,0.752750,0.752900
1460081820,0.752880,0.753000,0.752700,0.752700
1460081880,0.752670,0.752790,0.752580,0.752580
1460081940,0.752600,0.752600,0.752370,0.752480
1460082000,0.752460,0.752470,0.752320,0.752360
1460082060,0.752350,0.752450,0.752270,0.752380
1460082120,0.752380,0.752470,0.752300,0.752470
1460082180,0.752510,0.752520,0.752300,0.752310
1460082240,0.752300,0.752550,0.752280,0.752490
1460082300,0.752480,0.752510,0.752450,0.752470
1460082360,0.752470,0.752580,0.752450,0.752550
1460082420,0.752560,0.752650,0.752560,0.752600
1460082480,0.752610,0.752860,0.752590,0.752800
1460082540,0.752780,0.753200,0.752730,0.753120
1460082600,0.753110,0.753200,0.752980,0.753080
1460082660,0.753070,0.753120,0.753010,0.753120
1460082720,0.753110,0.753120,0.752980,0.752980
1460082780,0.753040,0.753070,0.752970,0.753030
1460082840,0.753040,0.753180,0.753030,0.753180
1460082900,0.753170,0.753190,0.753170,0.753190
1460082960,0.753200,0.753210,0.753160,0.753210
1460083020,0.753190,0.753280,0.753160,0.753180
1460083080,0.753170,0.753270,0.753170,0.753270
1460083140,0.753280,0.753400,0.753280,0.753400
1460083200,0.753380,0.753410,0.753330,0.753380
1460083260,0.753380,0.753410,0.753300,0.753370
1460083320,0.753390,0.753690,0.753390,0.753650
1460083380,0.753640,0.753720,0.753600,0.753670
1460083440,0.753670,0.753670,0.753520,0.753520
1460083500,0.753500,0.753510,0.753270,0.753330
1460083560,0.753320,0.753370,0.753280,0.753330
1460083620,0.753340,0.753360,0.753190,0.753190
1460083680,0.753200,0.753290,0.753190,0.753230
1460083740,0.753210,0.753300,0.753120,0.753190
1460083800,0.753180,0.753250,0.752920,0.753000
1460083860,0.752980,0.753000,0.752960,0.752980
1460083920,0.752980,0.753180,0.752910,0.753180
1460083980,0.753180,0.753300,0.753110,0.753300
1460084040,0.753300,0.753470,0.753290,0.753410
1460084100,0.753400,0.753520,0.753400,0.753510
1460084160,0.753490,0.753500,0.753190,0.753290
1460084220,0.753280,0.753300,0.753220,0.753260
1460084280,0.753260,0.753320,0.753250,0.753290
1460084340,0.753290,0.753420,0.753210,0.753350
1460084400,0.753340,0.753380,0.753320,0.753330
1460084460,0.753340,0.753520,0.753340,0.753500
1460084520,0.753510,0.753720,0.753490,0.753690
1460084580,0.753700,0.753740,0.753400,0.753500
1460084640,0.753510,0.753510,0.753400,0.753410
1460084700,0.753420,0.753440,0.753370,0.753420
1460084760,0.753420,0.753610,0.753310,0.753410
1460084820,0.753390,0.753400,0.753200,0.753310
1460084880,0.753300,0.753400,0.753300,0.753400
1460084940,0.753400,0.753430,0.753270,0.753380
1460085000,0.753360,0.753500,0.753290,0.753380
1460085060,0.753390,0.753490,0.753350,0.753370
1460085120,0.753370,0.753440,0.753370,0.753390
1460085180,0.753380,0.753380,0.753200,0.753220
1460085240,0.753230,0.753260,0.753050,0.753150
1460085300,0.753160,0.753320,0.753150,0.753320
1460085360,0.753310,0.753330,0.753220,0.753300
1460085420,0.753310,0.753310,0.753130,0.753210
1460085480,0.753220,0.753260,0.753130,0.753260
1460085540,0.753260,0.753320,0.753220,0.753300
1460085600,0.753310,0.753310,0.753240,0.753250
1460085660,0.753260,0.753300,0.753200,0.753230
1460085720,0.753240,0.753330,0.753230,0.753270
1460085780,0.753270,0.753290,0.753200,0.753260
1460085840,0.753260,0.753270,0.753170,0.753190
1460085900,0.753190,0.753240,0.753170,0.753170
1460085960,0.753180,0.753180,0.753090,0.753120
1460086020,0.753120,0.753140,0.753000,0.753080
1460086080,0.753070,0.753140,0.753000,0.753110
1460086140,0.753100,0.753160,0.753100,0.753140
1460086200,0.753120,0.753270,0.753100,0.753100
1460086260,0.753120,0.753260,0.753100,0.753200
1460086320,0.753200,0.753220,0.753100,0.753120
1460086380,0.753130,0.753190,0.753060,0.753130
1460086440,0.753140,0.753180,0.753060,0.753110
1460086500,0.753120,0.753140,0.753100,0.753110
1460086560,0.753120,0.753180,0.753100,0.753180
1460086620,0.753180,0.753260,0.753180,0.753200
1460086680,0.753190,0.753230,0.753100,0.753120
1460086740,0.753120,0.753240,0.753100,0.753100
1460086800,0.753110,0.753160,0.753110,0.753150
1460086860,0.753120,0.753130,0.753050,0.753070
1460086920,0.753070,0.753070,0.752960,0.752960
1460086980,0.752980,0.753030,0.752910,0.752950
1460087040,0.752960,0.753080,0.752900,0.752920
1460087100,0.752950,0.752970,0.752890,0.752940
1460087160,0.752950,0.753060,0.752910,0.752950
1460087220,0.752950,0.753140,0.752950,0.753040
1460087280,0.753020,0.753210,0.753010,0.753210
1460087340,0.753240,0.753240,0.753020,0.753060
1460087400,0.753060,0.753300,0.753040,0.753280
1460087460,0.753290,0.753310,0.753110,0.753130
1460087520,0.753120,0.753230,0.753110,0.753170
1460087580,0.753180,0.753230,0.753160,0.753210
1460087640,0.753190,0.753310,0.753170,0.753310
1460087700,0.753300,0.753300,0.753180,0.753270
1460087760,0.753270,0.753350,0.753080,0.753110
1460087820,0.753120,0.753220,0.753060,0.753220
1460087880,0.753220,0.753260,0.753180,0.753240
1460087940,0.753250,0.753290,0.753050,0.753130
