time,open,high,low,close
1587009600,1.087360,1.087390,1.087330,1.087380
1587009660,1.087380,1.087410,1.087320,1.087330
1587009720,1.087340,1.087340,1.087230,1.087230
1587009780,1.087240,1.087260,1.087190,1.087200
1587009840,1.087190,1.087200,1.087030,1.087130
1587009900,1.087130,1.087370,1.087130,1.087350
1587009960,1.087360,1.087390,1.087310,1.087310
1587010020,1.087310,1.087320,1.087290,1.087290
1587010080,1.087290,1.087350,1.087290,1.087350
1587010140,1.087360,1.087460,1.087350,1.087460
1587010200,1.087440,1.087440,1.087380,1.087430
1587010260,1.087430,1.087430,1.087360,1.087410
1587010320,1.087410,1.087440,1.087400,1.087440
1587010380,1.087430,1.087430,1.087340,1.087340
1587010440,1.087350,1.087430,1.087340,1.087430
1587010500,1.087450,1.087470,1.087400,1.087410
1587010560,1.087400,1.087410,1.087400,1.087410
1587010620,1.087420,1.087420,1.087290,1.087290
1587010680,1.087300,1.087300,1.087150,1.087200
1587010740,1.087200,1.087270,1.087170,1.087230
1587010800,1.087250,1.087260,1.087190,1.087230
1587010860,1.087250,1.087280,1.087240,1.087240
1587010920,1.087250,1.087270,1.087240,1.087250
1587010980,1.087260,1.087260,1.087210,1.087210
1587011040,1.087210,1.087210,1.086930,1.086980
1587011100,1.086990,1.086990,1.086620,1.086760
1587011160,1.086740,1.086790,1.086590,1.086670
1587011220,1.086660,1.086740,1.086600,1.086600
1587011280,1.086600,1.086620,1.086550,1.086570
1587011340,1.086560,1.086620,1.086450,1.086480
1587011400,1.086490,1.086600,1.086480,1.086580
1587011460,1.086600,1.086700,1.086600,1.086680
1587011520,1.086680,1.086680,1.086590,1.086610
1587011580,1.086630,1.086640,1.086580,1.086600
1587011640,1.086590,1.086930,1.086550,1.086900
1587011700,1.086900,1.087010,1.086880,1.087000
1587011760,1.086980,1.087170,1.086970,1.087080
1587011820,1.087070,1.087110,1.086990,1.087080
1587011880,1.087070,1.087360,1.087050,1.087360
1587011940,1.087370,1.087400,1.087320,1.087330
1587012000,1.087320,1.087410,1.087270,1.087380
1587012060,1.087370,1.087500,1.087360,1.087470
1587012120,1.087480,1.087500,1.087430,1.087500
1587012180,1.087480,1.087500,1.087430,1.087500
1587012240,1.087500,1.087500,1.087410,1.087410
1587012300,1.087400,1.087490,1.087390,1.087480
1587012360,1.087470,1.087560,1.087440,1.087560
1587012420,1.087550,1.087550,1.087460,1.087500
1587012480,1.087490,1.087500,1.087480,1.087480
1587012540,1.087490,1.087560,1.087490,1.087500
1587012600,1.087510,1.087600,1.087500,1.087550
1587012660,1.087560,1.087590,1.087510,1.087550
1587012720,1.087560,1.087570,1.087430,1.087450
1587012780,1.087440,1.087460,1.087410,1.087450
1587012840,1.087450,1.087580,1.087450,1.087550
1587012900,1.087560,1.087610,1.087460,1.087600
1587012960,1.087580,1.087610,1.087570,1.087610
1587013020,1.087600,1.087660,1.087590,1.087650
1587013080,1.087650,1.087800,1.087610,1.087780
1587013140,1.087790,1.087920,1.087790,1.087920
1587013200,1.087910,1.087920,1.087660,1.087680
1587013260,1.087690,1.087690,1.087560,1.087590
1587013320,1.087580,1.087610,1.087450,1.087480
1587013380,1.087500,1.087500,1.087370,1.087390
1587013440,1.087390,1.087570,1.087360,1.087480
1587013500,1.087470,1.087630,1.087460,1.087600
1587013560,1.087610,1.087620,1.087530,1.087540
1587013620,1.087560,1.087620,1.087520,1.087520
1587013680,1.087520,1.087540,1.087470,1.087510
1587013740,1.087520,1.087530,1.087410,1.087430
1587013800,1.087460,1.087530,1.087420,1.087510
1587013860,1.087510,1.087540,1.087510,1.087510
1587013920,1.087510,1.087610,1.087480,1.087580
1587013980,1.087580,1.087610,1.087570,1.087600
1587014040,1.087590,1.087630,1.087590,1.087610
1587014100,1.087610,1.087850,1.087610,1.087830
1587014160,1.087820,1.087930,1.087820,1.087900
1587014220,1.087930,1.088010,1.087860,1.087950
1587014280,1.087970,1.088120,1.087960,1.088080
1587014340,1.088080,1.088110,1.088030,1.088030
1587014400,1.088040,1.088110,1.088040,1.088080
1587014460,1.088070,1.088100,1.087980,1.088000
1587014520,1.087990,1.088070,1.087980,1.088060
1587014580,1.088050,1.088070,1.087990,1.088030
1587014640,1.088030,1.088190,1.088030,1.088190
1587014700,1.088180,1.088210,1.088170,1.088210
1587014760,1.088250,1.088310,1.088110,1.088110
1587014820,1.088110,1.088290,1.088100,1.088290
1587014880,1.088300,1.088360,1.088260,1.088330
1587014940,1.088340,1.088360,1.088250,1.088360
1587015000,1.088360,1.088360,1.088180,1.088180
1587015060,1.088180,1.088360,1.088180,1.088350
1587015120,1.088340,1.088470,1.088340,1.088440
1587015180,1.088430,1.088460,1.088420,1.088440
1587015240,1.088440,1.088460,1.088310,1.088310
1587015300,1.088330,1.088370,1.088310,1.088310
1587015360,1.088290,1.088290,1.088100,1.088240
1587015420,1.088230,1.088230,1.088070,1.088190
1587015480,1.088210,1.088260,1.088170,1.088170
1587015540,1.088180,1.088250,1.088170,1.088200
1587015600,1.088220,1.088240,1.088170,1.088190
1587015660,1.088210,1.088240,1.088170,1.088190
1587015720,1.088200,1.088370,1.088190,1.088320
1587015780,1.088310,1.088490,1.088300,1.088400
1587015840,1.088410,1.088500,1.088410,1.088480
1587015900,1.088490,1.088740,1.088470,1.088730
1587015960,1.088730,1.088780,1.088670,1.088750
1587016020,1.088730,1.088760,1.088710,1.088760
1587016080,1.088770,1.088810,1.088650,1.088710
1587016140,1.088690,1.088690,1.088520,1.088600
1587016200,1.088590,1.088760,1.088590,1.088640
1587016260,1.088630,1.088660,1.088580,1.088580
1587016320,1.088590,1.088600,1.088550,1.088550
1587016380,1.088580,1.088680,1.088580,1.088600
1587016440,1.088610,1.088730,1.088600,1.088710
1587016500,1.088700,1.088730,1.088640,1.088730
1587016560,1.088740,1.088760,1.088680,1.088710
1587016620,1.088700,1.088740,1.088530,1.088580
1587016680,1.088580,1.088580,1.088450,1.088490
1587016740,1.088480,1.088500,1.088400,1.088440
1587016800,1.088430,1.088480,1.088050,1.088050
1587016860,1.088060,1.088220,1.087940,1.088050
1587016920,1.088060,1.088260,1.088060,1.088220
1587016980,1.088250,1.088390,1.088250,1.088380
1587017040,1.088380,1.088500,1.088360,1.088440
1587017100,1.088430,1.088500,1.088330,1.088490
1587017160,1.088490,1.088510,1.088410,1.088410
1587017220,1.088400,1.088410,1.088220,1.088230
1587017280,1.088230,1.088270,1.087990,1.087990
1587017340,1.087990,1.088140,1.087920,1.087960
1587017400,1.087960,1.088370,1.087960,1.088330
1587017460,1.088340,1.088480,1.088330,1.088380
1587017520,1.088370,1.088410,1.088310,1.088320
1587017580,1.088320,1.088450,1.088320,1.088430
1587017640,1.088420,1.088600,1.088360,1.088600
1587017700,1.088600,1.088820,1.088590,1.088780
1587017760,1.088770,1.088790,1.088640,1.088790
1587017820,1.088800,1.088800,1.088620,1.088680
1587017880,1.088680,1.089070,1.088640,1.089070
1587017940,1.089060,1.089210,1.088960,1.088960
1587018000,1.088960,1.088960,1.088660,1.088670
1587018060,1.088660,1.088840,1.088610,1.088780
1587018120,1.088800,1.088920,1.088750,1.088900
1587018180,1.088940,1.089160,1.088880,1.089050
1587018240,1.089040,1.089180,1.089020,1.089140
1587018300,1.089150,1.089390,1.089110,1.089390
1587018360,1.089390,1.089410,1.089030,1.089080
1587018420,1.089070,1.089070,1.088930,1.088950
1587018480,1.088990,1.089210,1.088990,1.089130
1587018540,1.089120,1.089120,1.088840,1.088980
1587018600,1.088960,1.089040,1.088790,1.088890
1587018660,1.088890,1.089100,1.088870,1.088940
1587018720,1.088950,1.089100,1.088940,1.089080
1587018780,1.089080,1.089120,1.088960,1.089100
1587018840,1.089100,1.089210,1.089100,1.089210
1587018900,1.089210,1.089300,1.089190,1.089200
1587018960,1.089190,1.089300,1.089140,1.089290
1587019020,1.089300,1.089640,1.089270,1.089640
1587019080,1.089640,1.089660,1.089490,1.089520
1587019140,1.089530,1.089770,1.089510,1.089750
1587019200,1.089770,1.090200,1.089760,1.090180
1587019260,1.090170,1.090280,1.090070,1.090150
1587019320,1.090160,1.090250,1.089910,1.090190
1587019380,1.090200,1.090390,1.090070,1.090370
1587019440,1.090370,1.090480,1.090350,1.090350
1587019500,1.090380,1.090480,1.090250,1.090360
1587019560,1.090360,1.090370,1.090100,1.090100
1587019620,1.090090,1.090210,1.090030,1.090050
1587019680,1.090050,1.090110,1.089950,1.090080
1587019740,1.090090,1.090190,1.090040,1.090090
1587019800,1.090090,1.090100,1.089930,1.089940
1587019860,1.089920,1.089920,1.089660,1.089750
1587019920,1.089740,1.089810,1.089690,1.089720
1587019980,1.089720,1.089740,1.089590,1.089590
1587020040,1.089580,1.089820,1.089580,1.089770
1587020100,1.089770,1.089830,1.089420,1.089420
1587020160,1.089420,1.089420,1.089060,1.089230
1587020220,1.089220,1.089220,1.088890,1.088970
1587020280,1.088970,1.088970,1.088440,1.088560
1587020340,1.088580,1.088670,1.088330,1.088460
1587020400,1.088440,1.088940,1.088440,1.088790
1587020460,1.088780,1.088820,1.088670,1.088710
1587020520,1.088700,1.089330,1.088700,1.089330
1587020580,1.089330,1.089330,1.088910,1.088920
1587020640,1.088920,1.089030,1.088780,1.089030
1587020700,1.089010,1.089140,1.088770,1.088880
1587020760,1.088870,1.088990,1.088680,1.088720
1587020820,1.088720,1.088720,1.088470,1.088600
1587020880,1.088590,1.088640,1.088470,1.088530
1587020940,1.088540,1.088580,1.088330,1.088330
1587021000,1.088320,1.088330,1.087980,1.087990
1587021060,1.087980,1.088030,1.087670,1.087820
1587021120,1.087820,1.087830,1.087460,1.087580
1587021180,1.087570,1.087580,1.087280,1.087280
1587021240,1.087290,1.087540,1.087160,1.087530
1587021300,1.087530,1.087530,1.087260,1.087330
1587021360,1.087300,1.087300,1.087050,1.087200
1587021420,1.087210,1.087410,1.087190,1.087230
1587021480,1.087220,1.087400,1.087160,1.087400
1587021540,1.087390,1.087680,1.087330,1.087680
1587021600,1.087690,1.087800,1.087650,1.087790
1587021660,1.087780,1.087970,1.087720,1.087950
1587021720,1.087960,1.088090,1.087790,1.087820
1587021780,1.087810,1.088030,1.087590,1.088030
1587021840,1.088030,1.088190,1.088030,1.088130
1587021900,1.088120,1.088300,1.087940,1.088140
1587021960,1.088170,1.088320,1.087970,1.088160
1587022020,1.088150,1.088250,1.088030,1.088170
1587022080,1.088160,1.088170,1.087880,1.087960
1587022140,1.087950,1.088150,1.087870,1.088050
1587022200,1.088040,1.088330,1.087980,1.088260
1587022260,1.088260,1.088270,1.088050,1.088050
1587022320,1.088060,1.088150,1.087870,1.088150
1587022380,1.088170,1.088300,1.088000,1.088290
1587022440,1.088300,1.088530,1.088240,1.088430
1587022500,1.088430,1.088760,1.088390,1.088750
1587022560,1.088740,1.088770,1.088060,1.088260
1587022620,1.088260,1.088350,1.087830,1.088000
1587022680,1.087990,1.088040,1.087530,1.087620
1587022740,1.087630,1.088020,1.087620,1.088000
1587022800,1.088000,1.088070,1.087890,1.088060
1587022860,1.088070,1.088080,1.087550,1.087580
1587022920,1.087580,1.087790,1.087460,1.087750
1587022980,1.087750,1.087750,1.087500,1.087570
1587023040,1.087580,1.087720,1.087300,1.087310
1587023100,1.087300,1.087300,1.087010,1.087040
1587023160,1.087020,1.087020,1.086620,1.086710
1587023220,1.086710,1.086710,1.086440,1.086620
1587023280,1.086610,1.086740,1.086490,1.086710
1587023340,1.086700,1.086740,1.086560,1.086670
1587023400,1.086680,1.086940,1.086680,1.086890
1587023460,1.086890,1.087230,1.086860,1.087160
1587023520,1.087170,1.087270,1.087060,1.087190
1587023580,1.087180,1.087200,1.086970,1.087150
1587023640,1.087150,1.087480,1.087150,1.087300
1587023700,1.087310,1.087600,1.087310,1.087590
1587023760,1.087610,1.087680,1.087390,1.087650
1587023820,1.087650,1.087750,1.087460,1.087520
1587023880,1.087520,1.087520,1.087140,1.087210
1587023940,1.087220,1.087370,1.087220,1.087290
1587024000,1.087290,1.087300,1.086880,1.086930
1587024060,1.086940,1.086990,1.086850,1.086850
1587024120,1.086860,1.087010,1.086810,1.087010
1587024180,1.087010,1.087260,1.087000,1.087190
1587024240,1.087180,1.087230,1.087060,1.087060
1587024300,1.087060,1.087160,1.086830,1.087150
1587024360,1.087140,1.087250,1.087010,1.087240
1587024420,1.087240,1.087420,1.087240,1.087390
1587024480,1.087360,1.087690,1.087260,1.087630
1587024540,1.087620,1.087790,1.087570,1.087580
1587024600,1.087580,1.087580,1.087280,1.087280
1587024660,1.087300,1.087400,1.087200,1.087400
1587024720,1.087390,1.087450,1.087200,1.087210
1587024780,1.087220,1.087390,1.087170,1.087320
1587024840,1.087310,1.087470,1.087280,1.087430
1587024900,1.087420,1.087440,1.087200,1.087210
1587024960,1.087200,1.087430,1.087200,1.087330
1587025020,1.087340,1.087470,1.087310,1.087460
1587025080,1.087470,1.087770,1.087370,1.087770
1587025140,1.087770,1.087780,1.087660,1.087690
1587025200,1.087700,1.087930,1.087700,1.087910
1587025260,1.087910,1.088060,1.087870,1.087990
1587025320,1.087990,1.088070,1.087950,1.087980
1587025380,1.087980,1.088190,1.087940,1.088180
1587025440,1.088180,1.088240,1.087940,1.088110
1587025500,1.088110,1.088200,1.087970,1.088170
1587025560,1.088170,1.088360,1.088080,1.088120
1587025620,1.088130,1.088200,1.088070,1.088140
1587025680,1.088140,1.088280,1.088080,1.088120
1587025740,1.088100,1.088170,1.088070,1.088080
1587025800,1.088080,1.088210,1.088070,1.088170
1587025860,1.088180,1.088430,1.088170,1.088320
1587025920,1.088330,1.088630,1.088330,1.088450
1587025980,1.088440,1.088780,1.088420,1.088720
1587026040,1.088730,1.088860,1.088660,1.088680
1587026100,1.088670,1.088840,1.088510,1.088840
1587026160,1.088830,1.088830,1.088470,1.088590
1587026220,1.088570,1.088730,1.088560,1.088720
1587026280,1.088720,1.088820,1.088680,1.088770
1587026340,1.088770,1.088830,1.088630,1.088690
1587026400,1.088680,1.088680,1.088370,1.088390
1587026460,1.088390,1.088530,1.088380,1.088440
1587026520,1.088440,1.088670,1.088390,1.088650
1587026580,1.088640,1.088720,1.088370,1.088370
1587026640,1.088360,1.088370,1.088150,1.088180
1587026700,1.088190,1.088440,1.088190,1.088390
1587026760,1.088390,1.088490,1.088300,1.088310
1587026820,1.088320,1.088340,1.088070,1.088080
1587026880,1.088070,1.088300,1.088060,1.088220
1587026940,1.088230,1.088540,1.088230,1.088530
1587027000,1.088540,1.088640,1.088490,1.088510
1587027060,1.088510,1.088580,1.088410,1.088420
1587027120,1.088430,1.088600,1.088430,1.088500
1587027180,1.088510,1.088710,1.088410,1.088600
1587027240,1.088590,1.088680,1.088510,1.088630
1587027300,1.088640,1.088800,1.088490,1.088790
1587027360,1.088780,1.088880,1.088420,1.088560
1587027420,1.088560,1.088630,1.088420,1.088600
1587027480,1.088610,1.088800,1.088590,1.088790
1587027540,1.088780,1.088790,1.088710,1.088770
1587027600,1.088780,1.088890,1.088540,1.088560
1587027660,1.088570,1.088800,1.088570,1.088570
1587027720,1.088560,1.088560,1.088240,1.088240
1587027780,1.088230,1.088240,1.087950,1.088050
1587027840,1.088050,1.088120,1.087500,1.087550
1587027900,1.087550,1.087620,1.087380,1.087390
1587027960,1.087390,1.087710,1.087380,1.087690
1587028020,1.087690,1.087750,1.087240,1.087240
1587028080,1.087240,1.087440,1.087230,1.087300
1587028140,1.087290,1.087310,1.087120,1.087290
1587028200,1.087280,1.087340,1.087110,1.087290
1587028260,1.087270,1.087300,1.087090,1.087280
1587028320,1.087280,1.087500,1.087280,1.087470
1587028380,1.087460,1.087590,1.087350,1.087580
1587028440,1.087580,1.087590,1.087470,1.087590
1587028500,1.087600,1.087820,1.087560,1.087790
1587028560,1.087790,1.087790,1.087510,1.087540
1587028620,1.087540,1.087540,1.087250,1.087400
1587028680,1.087400,1.087560,1.087330,1.087470
1587028740,1.087460,1.087530,1.087380,1.087490
1587028800,1.087450,1.087450,1.087320,1.087390
1587028860,1.087390,1.087640,1.087390,1.087440
1587028920,1.087440,1.087520,1.087380,1.087440
1587028980,1.087440,1.087510,1.087440,1.087480
1587029040,1.087480,1.087530,1.087260,1.087270
1587029100,1.087280,1.087400,1.087170,1.087170
1587029160,1.087160,1.087160,1.087010,1.087040
1587029220,1.087030,1.087040,1.086750,1.086800
1587029280,1.086810,1.086930,1.086740,1.086930
1587029340,1.086950,1.086970,1.086560,1.086570
1587029400,1.086580,1.086580,1.085920,1.085920
1587029460,1.085920,1.086150,1.085800,1.086090
1587029520,1.086080,1.086360,1.086040,1.086300
1587029580,1.086300,1.086770,1.086250,1.086740
1587029640,1.086740,1.086810,1.086480,1.086500
1587029700,1.086520,1.086590,1.086430,1.086490
1587029760,1.086480,1.086660,1.086400,1.086630
1587029820,1.086620,1.086900,1.086620,1.086900
1587029880,1.086930,1.087150,1.086870,1.086930
1587029940,1.086950,1.086950,1.086720,1.086840
1587030000,1.086840,1.087010,1.086810,1.086810
1587030060,1.086810,1.086830,1.086410,1.086460
1587030120,1.086450,1.086540,1.086250,1.086460
1587030180,1.086470,1.086740,1.086350,1.086690
1587030240,1.086690,1.086790,1.086670,1.086770
1587030300,1.086810,1.086810,1.086510,1.086720
1587030360,1.086730,1.086750,1.086630,1.086740
1587030420,1.086740,1.086750,1.086440,1.086550
1587030480,1.086560,1.086620,1.086270,1.086300
1587030540,1.086300,1.086560,1.086240,1.086350
1587030600,1.086350,1.086350,1.086080,1.086130
1587030660,1.086130,1.086390,1.086080,1.086190
1587030720,1.086200,1.086260,1.086060,1.086220
1587030780,1.086250,1.086270,1.086060,1.086170
1587030840,1.086170,1.086330,1.086170,1.086250
1587030900,1.086250,1.086490,1.086220,1.086480
1587030960,1.086520,1.086650,1.086420,1.086440
1587031020,1.086430,1.086460,1.086300,1.086400
1587031080,1.086420,1.086720,1.086400,1.086700
1587031140,1.086690,1.086890,1.086620,1.086890
1587031200,1.086890,1.087210,1.086810,1.087170
1587031260,1.087170,1.087170,1.086970,1.086970
1587031320,1.086960,1.087110,1.086670,1.086700
1587031380,1.086670,1.086840,1.086620,1.086780
1587031440,1.086780,1.086910,1.086580,1.086670
1587031500,1.086670,1.086670,1.086430,1.086480
1587031560,1.086480,1.086520,1.086050,1.086120
1587031620,1.086120,1.086160,1.085310,1.085700
1587031680,1.085730,1.085900,1.085730,1.085840
1587031740,1.085840,1.086370,1.085840,1.086360
1587031800,1.086350,1.086550,1.086320,1.086530
1587031860,1.086530,1.086540,1.086340,1.086420
1587031920,1.086430,1.086570,1.086430,1.086560
1587031980,1.086540,1.086630,1.086470,1.086570
1587032040,1.086580,1.086790,1.086510,1.086700
1587032100,1.086700,1.086770,1.086560,1.086700
1587032160,1.086700,1.086860,1.086600,1.086610
1587032220,1.086610,1.086840,1.086600,1.086800
1587032280,1.086800,1.087090,1.086800,1.087090
1587032340,1.087080,1.087220,1.087070,1.087160
1587032400,1.087160,1.087240,1.086940,1.087240
1587032460,1.087250,1.087410,1.087240,1.087370
1587032520,1.087360,1.087880,1.087330,1.087750
1587032580,1.087760,1.087830,1.087660,1.087690
1587032640,1.087690,1.088200,1.087650,1.088180
1587032700,1.088170,1.088620,1.088050,1.088450
1587032760,1.088440,1.088490,1.087800,1.087830
1587032820,1.087820,1.088040,1.087740,1.088040
1587032880,1.088040,1.088310,1.088030,1.088190
1587032940,1.088190,1.088270,1.087970,1.087990
1587033000,1.088000,1.088120,1.087730,1.087770
1587033060,1.087790,1.087920,1.087620,1.087860
1587033120,1.087860,1.087980,1.087820,1.087910
1587033180,1.087950,1.088040,1.087780,1.087870
1587033240,1.087870,1.087950,1.087810,1.087850
1587033300,1.087860,1.087860,1.087590,1.087690
1587033360,1.087690,1.087810,1.087530,1.087540
1587033420,1.087560,1.087560,1.087450,1.087490
1587033480,1.087500,1.087730,1.087480,1.087600
1587033540,1.087620,1.087780,1.087460,1.087520
1587033600,1.087510,1.087710,1.087480,1.087570
1587033660,1.087580,1.088070,1.087480,1.088030
1587033720,1.088030,1.088170,1.087960,1.088020
1587033780,1.088030,1.088080,1.087900,1.087930
1587033840,1.087940,1.087950,1.087760,1.087820
1587033900,1.087820,1.087900,1.087710,1.087820
1587033960,1.087840,1.087850,1.087480,1.087490
1587034020,1.087500,1.087570,1.087210,1.087370
1587034080,1.087370,1.087620,1.087260,1.087610
1587034140,1.087610,1.087760,1.087610,1.087740
1587034200,1.087730,1.087910,1.087670,1.087770
1587034260,1.087780,1.087810,1.087580,1.087730
1587034320,1.087720,1.088070,1.087560,1.088050
1587034380,1.088060,1.088370,1.088030,1.088370
1587034440,1.088360,1.088390,1.088060,1.088220
1587034500,1.088230,1.088410,1.088060,1.088220
1587034560,1.088220,1.088220,1.087890,1.087900
1587034620,1.087900,1.088080,1.087860,1.087950
1587034680,1.087940,1.087940,1.087640,1.087650
1587034740,1.087640,1.087960,1.087540,1.087950
1587034800,1.087980,1.088050,1.087790,1.087810
1587034860,1.087790,1.087970,1.087730,1.087820
1587034920,1.087790,1.087810,1.087640,1.087780
1587034980,1.087780,1.087780,1.087520,1.087520
1587035040,1.087510,1.087670,1.087400,1.087400
1587035100,1.087410,1.087600,1.087400,1.087470
1587035160,1.087490,1.087510,1.087350,1.087500
1587035220,1.087500,1.087840,1.087500,1.087820
1587035280,1.087820,1.088060,1.087650,1.087650
1587035340,1.087660,1.087890,1.087660,1.087870
1587035400,1.087870,1.088030,1.087860,1.087870
1587035460,1.087870,1.087980,1.087760,1.087790
1587035520,1.087790,1.087980,1.087780,1.087980
1587035580,1.087970,1.087970,1.087810,1.087890
1587035640,1.087900,1.088190,1.087870,1.088190
1587035700,1.088180,1.088180,1.087940,1.088000
1587035760,1.088000,1.088140,1.088000,1.088120
1587035820,1.088130,1.088460,1.088090,1.088460
1587035880,1.088470,1.088470,1.088230,1.088240
1587035940,1.088240,1.088240,1.088100,1.088150
1587036000,1.088150,1.088350,1.088140,1.088320
1587036060,1.088320,1.088440,1.088280,1.088400
1587036120,1.088400,1.088550,1.088260,1.088480
1587036180,1.088470,1.088470,1.088240,1.088240
1587036240,1.088240,1.088460,1.088240,1.088460
1587036300,1.088450,1.088560,1.088450,1.088450
1587036360,1.088460,1.088540,1.088460,1.088460
1587036420,1.088490,1.088490,1.088260,1.088270
1587036480,1.088270,1.088360,1.088160,1.088260
1587036540,1.088260,1.088400,1.088200,1.088320
1587036600,1.088330,1.088440,1.088050,1.088050
1587036660,1.088040,1.088060,1.087760,1.087780
1587036720,1.087770,1.087810,1.087440,1.087580
1587036780,1.087590,1.087680,1.087510,1.087510
1587036840,1.087510,1.087540,1.087180,1.087290
1587036900,1.087300,1.087610,1.087300,1.087590
1587036960,1.087610,1.087900,1.087600,1.087740
1587037020,1.087740,1.087800,1.087590,1.087590
1587037080,1.087590,1.087660,1.087460,1.087490
1587037140,1.087480,1.087480,1.087050,1.087050
1587037200,1.087050,1.087200,1.087010,1.087200
1587037260,1.087200,1.087450,1.087190,1.087300
1587037320,1.087300,1.087560,1.087300,1.087510
1587037380,1.087520,1.087530,1.087310,1.087420
1587037440,1.087430,1.087430,1.087140,1.087360
1587037500,1.087370,1.087410,1.087300,1.087360
1587037560,1.087340,1.087340,1.087140,1.087220
1587037620,1.087210,1.087290,1.087150,1.087220
1587037680,1.087220,1.087560,1.087220,1.087560
1587037740,1.087570,1.087680,1.087390,1.087440
1587037800,1.087440,1.087490,1.087310,1.087460
1587037860,1.087460,1.087460,1.087210,1.087390
1587037920,1.087390,1.087590,1.087390,1.087590
1587037980,1.087600,1.087750,1.087590,1.087700
1587038040,1.087720,1.087890,1.087680,1.087870
1587038100,1.087870,1.087900,1.087630,1.087870
1587038160,1.087860,1.087950,1.087760,1.087930
1587038220,1.087920,1.088250,1.087910,1.088160
1587038280,1.088190,1.088430,1.088120,1.088220
1587038340,1.088230,1.088440,1.088190,1.088190
1587038400,1.088190,1.088500,1.088180,1.088320
1587038460,1.088340,1.088390,1.088230,1.088360
1587038520,1.088370,1.088520,1.088330,1.088520
1587038580,1.088520,1.088520,1.088310,1.088330
1587038640,1.088350,1.088480,1.088330,1.088390
1587038700,1.088400,1.088550,1.088380,1.088460
1587038760,1.088460,1.088980,1.088460,1.088640
1587038820,1.088640,1.088640,1.088300,1.088450
1587038880,1.088450,1.088570,1.088370,1.088540
1587038940,1.088540,1.088860,1.088460,1.088850
1587039000,1.088890,1.089000,1.088830,1.088860
1587039060,1.088870,1.088890,1.088470,1.088470
1587039120,1.088460,1.088750,1.088460,1.088750
1587039180,1.088770,1.088790,1.088580,1.088730
1587039240,1.088720,1.088810,1.088670,1.088720
1587039300,1.088720,1.088840,1.088650,1.088700
1587039360,1.088700,1.088800,1.088630,1.088640
1587039420,1.088650,1.088970,1.088620,1.088930
1587039480,1.088930,1.088990,1.088790,1.088800
1587039540,1.088800,1.088920,1.088710,1.088730
1587039600,1.088730,1.088870,1.088690,1.088850
1587039660,1.088860,1.088950,1.088760,1.088860
1587039720,1.088860,1.088980,1.088860,1.088880
1587039780,1.088890,1.089630,1.088890,1.089490
1587039840,1.089510,1.090070,1.089470,1.089700
1587039900,1.089700,1.089710,1.089330,1.089660
1587039960,1.089670,1.089690,1.089410,1.089660
1587040020,1.089660,1.089660,1.089270,1.089270
1587040080,1.089270,1.089350,1.089200,1.089320
1587040140,1.089330,1.089630,1.089270,1.089310
1587040200,1.089300,1.090090,1.089170,1.089690
1587040260,1.089710,1.089840,1.089290,1.089300
1587040320,1.089290,1.089320,1.088940,1.089100
1587040380,1.089100,1.089160,1.088650,1.088720
1587040440,1.088720,1.088920,1.088660,1.088880
1587040500,1.088890,1.089270,1.088880,1.088990
1587040560,1.089000,1.089030,1.088370,1.088470
1587040620,1.088470,1.088750,1.088420,1.088750
1587040680,1.088750,1.089020,1.088730,1.088830
1587040740,1.088830,1.088830,1.088520,1.088750
1587040800,1.088730,1.088730,1.088290,1.088410
1587040860,1.088410,1.088410,1.088070,1.088280
1587040920,1.088280,1.088430,1.088170,1.088370
1587040980,1.088370,1.088680,1.088250,1.088520
1587041040,1.088520,1.088550,1.088260,1.088540
1587041100,1.088550,1.088710,1.088420,1.088620
1587041160,1.088620,1.088780,1.088570,1.088680
1587041220,1.088690,1.089010,1.088620,1.088810
1587041280,1.088810,1.088870,1.088470,1.088610
1587041340,1.088610,1.088660,1.088470,1.088580
1587041400,1.088630,1.088850,1.088550,1.088820
1587041460,1.088830,1.088970,1.088720,1.088720
1587041520,1.088720,1.088930,1.088620,1.088700
1587041580,1.088700,1.088760,1.088560,1.088610
1587041640,1.088620,1.088720,1.088490,1.088550
1587041700,1.088600,1.088930,1.088590,1.088890
1587041760,1.088900,1.088950,1.088790,1.088920
1587041820,1.088910,1.088910,1.088440,1.088460
1587041880,1.088450,1.088910,1.088420,1.088720
1587041940,1.088710,1.088940,1.088700,1.088940
1587042000,1.088940,1.089010,1.088810,1.088870
1587042060,1.088870,1.088980,1.088660,1.088730
1587042120,1.088760,1.088870,1.088730,1.088770
1587042180,1.088770,1.088850,1.088700,1.088780
1587042240,1.088810,1.089480,1.088810,1.089360
1587042300,1.089340,1.089340,1.089070,1.089120
1587042360,1.089130,1.089160,1.089000,1.089060
1587042420,1.089050,1.089100,1.088910,1.089020
1587042480,1.089010,1.089340,1.088940,1.089120
1587042540,1.089140,1.089150,1.088760,1.088830
1587042600,1.088850,1.088920,1.088530,1.088670
1587042660,1.088680,1.088760,1.088650,1.088670
1587042720,1.088660,1.088740,1.088570,1.088590
1587042780,1.088630,1.088810,1.088630,1.088780
1587042840,1.088790,1.088790,1.088220,1.088220
1587042900,1.088220,1.088390,1.088220,1.088380
1587042960,1.088390,1.088390,1.088090,1.088090
1587043020,1.088090,1.088100,1.087610,1.087620
1587043080,1.087610,1.087990,1.087610,1.087990
1587043140,1.087990,1.088010,1.087840,1.087850
1587043200,1.087860,1.087920,1.087620,1.087800
1587043260,1.087800,1.088110,1.087770,1.088060
1587043320,1.088070,1.088160,1.088030,1.088110
1587043380,1.088120,1.088130,1.087990,1.088010
1587043440,1.088020,1.088130,1.087970,1.088070
1587043500,1.088060,1.088120,1.087910,1.088110
1587043560,1.088110,1.088110,1.087920,1.087930
1587043620,1.087910,1.088020,1.087750,1.087760
1587043680,1.087790,1.087830,1.087560,1.087690
1587043740,1.087690,1.087820,1.087690,1.087810
1587043800,1.087810,1.088140,1.087730,1.088140
1587043860,1.088140,1.088290,1.087880,1.087880
1587043920,1.087890,1.088390,1.087750,1.088330
1587043980,1.088340,1.088340,1.088220,1.088230
1587044040,1.088230,1.088240,1.087780,1.087790
1587044100,1.087770,1.087770,1.087180,1.087440
1587044160,1.087450,1.087860,1.087450,1.087710
1587044220,1.087720,1.087900,1.087520,1.087650
1587044280,1.087650,1.087870,1.087640,1.087800
1587044340,1.087800,1.087800,1.087520,1.087520
1587044400,1.087530,1.087730,1.087520,1.087580
1587044460,1.087580,1.087900,1.087550,1.087840
1587044520,1.087830,1.088190,1.087740,1.088110
1587044580,1.088110,1.088330,1.088020,1.088150
1587044640,1.088170,1.088330,1.088090,1.088090
1587044700,1.088100,1.088260,1.087930,1.087940
1587044760,1.087950,1.088330,1.087950,1.088220
1587044820,1.088220,1.088220,1.088040,1.088180
1587044880,1.088170,1.088280,1.087850,1.087890
1587044940,1.087880,1.087920,1.087770,1.087880
1587045000,1.087850,1.087980,1.087600,1.087880
1587045060,1.087890,1.087910,1.087640,1.087660
1587045120,1.087660,1.087760,1.087600,1.087650
1587045180,1.087640,1.087870,1.087620,1.087670
1587045240,1.087690,1.087840,1.087590,1.087810
1587045300,1.087810,1.087960,1.087710,1.087940
1587045360,1.087930,1.087940,1.087470,1.087500
1587045420,1.087490,1.087950,1.087490,1.087910
1587045480,1.087910,1.087910,1.087750,1.087820
1587045540,1.087790,1.087900,1.087450,1.087880
1587045600,1.087880,1.088270,1.087800,1.087940
1587045660,1.087940,1.088270,1.087900,1.088270
1587045720,1.088280,1.088480,1.088280,1.088360
1587045780,1.088350,1.088360,1.088060,1.088080
1587045840,1.088090,1.088160,1.087750,1.087750
1587045900,1.087760,1.087830,1.087420,1.087480
1587045960,1.087510,1.087750,1.087440,1.087680
1587046020,1.087690,1.088350,1.087690,1.088320
1587046080,1.088270,1.088410,1.088020,1.088410
1587046140,1.088400,1.088600,1.088380,1.088500
1587046200,1.088520,1.088770,1.088480,1.088700
1587046260,1.088710,1.088760,1.088520,1.088630
1587046320,1.088630,1.088660,1.088200,1.088230
1587046380,1.088240,1.088300,1.087990,1.088050
1587046440,1.088060,1.088170,1.087800,1.087940
1587046500,1.087950,1.088230,1.087950,1.088220
1587046560,1.088220,1.088220,1.087960,1.088110
1587046620,1.088130,1.088220,1.088040,1.088090
1587046680,1.088100,1.088220,1.088030,1.088100
1587046740,1.088120,1.088210,1.087900,1.088170
1587046800,1.088160,1.088460,1.088060,1.088340
1587046860,1.088330,1.088790,1.088240,1.088760
1587046920,1.088740,1.088860,1.088440,1.088490
1587046980,1.088500,1.088670,1.088360,1.088660
1587047040,1.088660,1.088750,1.088410,1.088710
1587047100,1.088690,1.088730,1.088350,1.088520
1587047160,1.088550,1.088710,1.088450,1.088480
1587047220,1.088470,1.088470,1.088190,1.088400
1587047280,1.088400,1.088420,1.088170,1.088290
1587047340,1.088320,1.088380,1.088210,1.088320
1587047400,1.088330,1.088610,1.088260,1.088380
1587047460,1.088400,1.088630,1.088370,1.088410
1587047520,1.088410,1.088430,1.087850,1.087920
1587047580,1.087920,1.088090,1.087880,1.087990
1587047640,1.087990,1.088080,1.087840,1.087950
1587047700,1.087970,1.088010,1.087460,1.087570
1587047760,1.087560,1.087650,1.087440,1.087470
1587047820,1.087470,1.087730,1.087290,1.087720
1587047880,1.087720,1.087720,1.087510,1.087580
1587047940,1.087570,1.087600,1.087250,1.087290
1587048000,1.087290,1.087290,1.086990,1.087060
1587048060,1.087060,1.087090,1.086640,1.086790
1587048120,1.086810,1.087210,1.086810,1.086990
1587048180,1.086990,1.087010,1.086640,1.086860
1587048240,1.086850,1.087110,1.086640,1.086660
1587048300,1.086660,1.086810,1.086570,1.086810
1587048360,1.086810,1.086890,1.086520,1.086550
1587048420,1.086550,1.086590,1.086360,1.086520
1587048480,1.086520,1.086760,1.086450,1.086700
1587048540,1.086700,1.086910,1.086640,1.086820
1587048600,1.086820,1.086960,1.086670,1.086920
1587048660,1.086920,1.086920,1.086350,1.086360
1587048720,1.086370,1.086510,1.086230,1.086270
1587048780,1.086270,1.086420,1.085760,1.085760
1587048840,1.085760,1.085870,1.085490,1.085550
1587048900,1.085550,1.085730,1.085350,1.085410
1587048960,1.085400,1.085580,1.085130,1.085350
1587049020,1.085380,1.085500,1.084710,1.084860
1587049080,1.084840,1.085100,1.084700,1.084860
1587049140,1.084850,1.085180,1.084800,1.085090
1587049200,1.085090,1.085330,1.084930,1.084970
1587049260,1.084960,1.085090,1.084700,1.084710
1587049320,1.084710,1.084980,1.084630,1.084780
1587049380,1.084780,1.084820,1.083830,1.083840
1587049440,1.083830,1.083890,1.083550,1.083580
1587049500,1.083580,1.083880,1.083490,1.083880
1587049560,1.083880,1.084280,1.083880,1.084250
1587049620,1.084250,1.084290,1.084060,1.084180
1587049680,1.084190,1.084580,1.084190,1.084580
1587049740,1.084570,1.084590,1.084380,1.084480
1587049800,1.084480,1.084580,1.084180,1.084250
1587049860,1.084260,1.084490,1.084260,1.084450
1587049920,1.084460,1.084500,1.084370,1.084370
1587049980,1.084370,1.084440,1.084200,1.084380
1587050040,1.084370,1.084370,1.084160,1.084280
1587050100,1.084280,1.084360,1.083930,1.084040
1587050160,1.084050,1.084110,1.083780,1.083840
1587050220,1.083860,1.084050,1.083860,1.083950
1587050280,1.083960,1.084050,1.083900,1.084050
1587050340,1.084060,1.084250,1.084000,1.084020
1587050400,1.084010,1.084060,1.083680,1.083680
1587050460,1.083680,1.083700,1.082980,1.083120
1587050520,1.083090,1.083170,1.082890,1.082910
1587050580,1.082920,1.083130,1.082880,1.082970
1587050640,1.082960,1.083180,1.082960,1.083130
1587050700,1.083120,1.083170,1.083020,1.083040
1587050760,1.083020,1.083020,1.082860,1.082960
1587050820,1.082960,1.083060,1.082850,1.082880
1587050880,1.082860,1.083250,1.082810,1.083180
1587050940,1.083170,1.083440,1.083170,1.083440
1587051000,1.083440,1.083720,1.083360,1.083630
1587051060,1.083640,1.083850,1.083580,1.083840
1587051120,1.083830,1.083830,1.083460,1.083460
1587051180,1.083480,1.083500,1.083290,1.083380
1587051240,1.083390,1.083400,1.082990,1.083090
1587051300,1.083110,1.083460,1.083080,1.083320
1587051360,1.083310,1.083540,1.083220,1.083520
1587051420,1.083520,1.083710,1.083500,1.083610
1587051480,1.083610,1.083620,1.083450,1.083610
1587051540,1.083610,1.083810,1.083600,1.083780
1587051600,1.083780,1.083850,1.083520,1.083610
1587051660,1.083650,1.083830,1.083630,1.083830
1587051720,1.083850,1.084040,1.083770,1.083930
1587051780,1.083920,1.084030,1.083910,1.083930
1587051840,1.083930,1.084170,1.083910,1.084090
1587051900,1.084100,1.084220,1.083950,1.083950
1587051960,1.083950,1.084080,1.083950,1.084070
1587052020,1.084080,1.084230,1.083860,1.084230
1587052080,1.084240,1.084270,1.084070,1.084140
1587052140,1.084150,1.084150,1.083900,1.084010
1587052200,1.084010,1.084010,1.083720,1.083980
1587052260,1.083990,1.084030,1.083780,1.083810
1587052320,1.083810,1.083910,1.083750,1.083890
1587052380,1.083890,1.084280,1.083890,1.084280
1587052440,1.084280,1.084520,1.084140,1.084510
1587052500,1.084520,1.084520,1.084200,1.084270
1587052560,1.084260,1.084330,1.084200,1.084310
1587052620,1.084300,1.084410,1.084090,1.084120
1587052680,1.084130,1.084130,1.083950,1.083990
1587052740,1.083990,1.084150,1.083980,1.084070
1587052800,1.084060,1.084070,1.083790,1.083850
1587052860,1.083840,1.084030,1.083810,1.084030
1587052920,1.084040,1.084120,1.083780,1.083900
1587052980,1.083920,1.084330,1.083920,1.084300
1587053040,1.084310,1.084970,1.084310,1.084690
1587053100,1.084690,1.084760,1.084440,1.084470
1587053160,1.084470,1.084510,1.084290,1.084320
1587053220,1.084310,1.084340,1.084090,1.084090
1587053280,1.084080,1.084200,1.084050,1.084190
1587053340,1.084190,1.084200,1.083990,1.084080
1587053400,1.084080,1.084080,1.083800,1.083840
1587053460,1.083850,1.083890,1.083690,1.083770
1587053520,1.083800,1.083990,1.083780,1.083790
1587053580,1.083800,1.083940,1.083720,1.083940
1587053640,1.083940,1.083940,1.083690,1.083700
1587053700,1.083690,1.083700,1.083570,1.083620
1587053760,1.083620,1.083680,1.083490,1.083670
1587053820,1.083670,1.083670,1.083290,1.083390
1587053880,1.083380,1.083550,1.083380,1.083490
1587053940,1.083480,1.083500,1.083310,1.083370
1587054000,1.083370,1.083380,1.083220,1.083270
1587054060,1.083270,1.083310,1.083200,1.083300
1587054120,1.083290,1.083390,1.083090,1.083380
1587054180,1.083370,1.083630,1.083370,1.083630
1587054240,1.083640,1.083740,1.083390,1.083410
1587054300,1.083420,1.083500,1.083220,1.083220
1587054360,1.083220,1.083320,1.083090,1.083220
1587054420,1.083220,1.083410,1.083160,1.083360
1587054480,1.083340,1.083340,1.083060,1.083060
1587054540,1.083070,1.083100,1.082980,1.083000
1587054600,1.083000,1.083010,1.082540,1.082570
1587054660,1.082570,1.082700,1.082550,1.082680
1587054720,1.082680,1.082770,1.082520,1.082560
1587054780,1.082550,1.082550,1.082000,1.082050
1587054840,1.082060,1.082440,1.082050,1.082430
1587054900,1.082420,1.082430,1.082150,1.082240
1587054960,1.082230,1.082250,1.082020,1.082020
1587055020,1.082000,1.082100,1.081690,1.081690
1587055080,1.081690,1.082000,1.081660,1.082000
1587055140,1.081990,1.082110,1.081920,1.082080
1587055200,1.082080,1.082520,1.082070,1.082520
1587055260,1.082510,1.082820,1.082500,1.082750
1587055320,1.082760,1.082850,1.082580,1.082780
1587055380,1.082770,1.083130,1.082770,1.083100
1587055440,1.083080,1.083120,1.082980,1.083120
1587055500,1.083120,1.083130,1.082910,1.082910
1587055560,1.082940,1.082990,1.082460,1.082600
1587055620,1.082590,1.082750,1.082480,1.082600
1587055680,1.082580,1.082670,1.082510,1.082630
1587055740,1.082640,1.082910,1.082570,1.082870
1587055800,1.082860,1.083430,1.082770,1.083300
1587055860,1.083300,1.083420,1.083200,1.083390
1587055920,1.083380,1.083700,1.083380,1.083630
1587055980,1.083620,1.083720,1.083490,1.083700
1587056040,1.083700,1.083760,1.083580,1.083700
1587056100,1.083700,1.083700,1.083250,1.083420
1587056160,1.083420,1.083640,1.083280,1.083570
1587056220,1.083570,1.083660,1.083190,1.083420
1587056280,1.083410,1.083510,1.083170,1.083420
1587056340,1.083410,1.083410,1.083150,1.083350
1587056400,1.083340,1.083340,1.083160,1.083240
1587056460,1.083240,1.083370,1.083160,1.083320
1587056520,1.083320,1.083370,1.083160,1.083220
1587056580,1.083220,1.083560,1.083220,1.083480
1587056640,1.083470,1.083550,1.083260,1.083340
1587056700,1.083330,1.083570,1.083330,1.083530
1587056760,1.083520,1.084010,1.083510,1.084010
1587056820,1.084000,1.084260,1.083620,1.083620
1587056880,1.083610,1.083780,1.083430,1.083640
1587056940,1.083640,1.083640,1.083430,1.083510
1587057000,1.083500,1.083630,1.083440,1.083620
1587057060,1.083600,1.083940,1.083600,1.083870
1587057120,1.083860,1.083980,1.083830,1.083980
1587057180,1.083990,1.084280,1.083860,1.084150
1587057240,1.084150,1.084450,1.084100,1.084410
1587057300,1.084410,1.084560,1.084320,1.084490
1587057360,1.084480,1.084490,1.084200,1.084240
1587057420,1.084260,1.084380,1.083910,1.084310
1587057480,1.084330,1.084350,1.084110,1.084110
1587057540,1.084120,1.084660,1.084110,1.084640
1587057600,1.084630,1.084630,1.084390,1.084390
1587057660,1.084390,1.084780,1.084290,1.084690
1587057720,1.084680,1.084690,1.084090,1.084100
1587057780,1.084150,1.084320,1.084070,1.084210
1587057840,1.084200,1.084200,1.083930,1.084030
1587057900,1.084020,1.084040,1.083860,1.083980
1587057960,1.083970,1.084100,1.083950,1.083950
1587058020,1.083960,1.084040,1.083850,1.083990
1587058080,1.083990,1.084210,1.083990,1.084170
1587058140,1.084160,1.084170,1.083930,1.083940
1587058200,1.083910,1.084150,1.083900,1.084120
1587058260,1.084100,1.084350,1.084020,1.084290
1587058320,1.084310,1.084480,1.084270,1.084450
1587058380,1.084450,1.084640,1.084420,1.084530
1587058440,1.084520,1.084570,1.084360,1.084380
1587058500,1.084400,1.084510,1.084390,1.084430
1587058560,1.084420,1.084470,1.084210,1.084370
1587058620,1.084380,1.084640,1.084330,1.084630
1587058680,1.084620,1.084900,1.084570,1.084790
1587058740,1.084780,1.084810,1.084480,1.084480
1587058800,1.084490,1.084740,1.084460,1.084690
1587058860,1.084680,1.084730,1.084400,1.084670
1587058920,1.084680,1.084830,1.084600,1.084680
1587058980,1.084690,1.084930,1.084590,1.084900
1587059040,1.084890,1.084930,1.084780,1.084790
1587059100,1.084780,1.084780,1.084610,1.084630
1587059160,1.084630,1.084710,1.084520,1.084710
1587059220,1.084700,1.084700,1.084380,1.084570
1587059280,1.084560,1.084570,1.084400,1.084400
1587059340,1.084400,1.084520,1.084340,1.084510
1587059400,1.084500,1.084570,1.084410,1.084570
1587059460,1.084580,1.084620,1.084360,1.084360
1587059520,1.084370,1.084540,1.084370,1.084520
1587059580,1.084510,1.084510,1.084280,1.084440
1587059640,1.084450,1.084460,1.084250,1.084260
1587059700,1.084260,1.084360,1.084200,1.084310
1587059760,1.084300,1.084310,1.084200,1.084220
1587059820,1.084210,1.084220,1.084090,1.084200
1587059880,1.084190,1.084190,1.084030,1.084090
1587059940,1.084080,1.084270,1.084070,1.084090
1587060000,1.084100,1.084170,1.084020,1.084100
1587060060,1.084130,1.084130,1.084020,1.084070
1587060120,1.084070,1.084270,1.084070,1.084240
1587060180,1.084230,1.084230,1.084100,1.084200
1587060240,1.084210,1.084320,1.084200,1.084300
1587060300,1.084310,1.084320,1.084150,1.084150
1587060360,1.084160,1.084210,1.084070,1.084110
1587060420,1.084130,1.084810,1.084130,1.084790
1587060480,1.084790,1.084980,1.084630,1.084680
1587060540,1.084670,1.084870,1.084640,1.084800
1587060600,1.084800,1.084910,1.084750,1.084890
1587060660,1.084900,1.084900,1.084680,1.084770
1587060720,1.084770,1.084930,1.084760,1.084910
1587060780,1.084890,1.084960,1.084770,1.084930
1587060840,1.084950,1.085120,1.084780,1.084780
1587060900,1.084800,1.084810,1.084640,1.084800
1587060960,1.084790,1.084790,1.084540,1.084580
1587061020,1.084580,1.084680,1.084580,1.084600
1587061080,1.084600,1.084660,1.084440,1.084510
1587061140,1.084500,1.084530,1.084380,1.084380
1587061200,1.084390,1.084490,1.084340,1.084380
1587061260,1.084390,1.084480,1.084330,1.084410
1587061320,1.084420,1.084430,1.084360,1.084400
1587061380,1.084420,1.084520,1.084410,1.084500
1587061440,1.084500,1.084640,1.084450,1.084500
1587061500,1.084500,1.084550,1.084410,1.084490
1587061560,1.084500,1.084530,1.084350,1.084430
1587061620,1.084430,1.084530,1.084340,1.084400
1587061680,1.084400,1.084440,1.084330,1.084340
1587061740,1.084340,1.084430,1.084320,1.084320
1587061800,1.084320,1.084440,1.084320,1.084440
1587061860,1.084440,1.084520,1.084390,1.084490
1587061920,1.084500,1.084530,1.084310,1.084310
1587061980,1.084280,1.084330,1.084230,1.084260
1587062040,1.084240,1.084390,1.084130,1.084340
1587062100,1.084350,1.084740,1.084340,1.084740
1587062160,1.084740,1.084740,1.084640,1.084700
1587062220,1.084710,1.084890,1.084680,1.084830
1587062280,1.084830,1.084830,1.084640,1.084700
1587062340,1.084710,1.084820,1.084710,1.084790
1587062400,1.084800,1.084830,1.084620,1.084730
1587062460,1.084740,1.084740,1.084510,1.084620
1587062520,1.084650,1.084710,1.084590,1.084610
1587062580,1.084600,1.084640,1.084510,1.084510
1587062640,1.084510,1.084780,1.084510,1.084680
1587062700,1.084700,1.084700,1.084500,1.084590
1587062760,1.084590,1.084670,1.084570,1.084670
1587062820,1.084690,1.084730,1.084580,1.084610
1587062880,1.084610,1.084690,1.084610,1.084690
1587062940,1.084670,1.084670,1.084520,1.084590
1587063000,1.084590,1.084630,1.084470,1.084510
1587063060,1.084510,1.084610,1.084430,1.084600
1587063120,1.084610,1.084680,1.084530,1.084590
1587063180,1.084600,1.084700,1.084530,1.084550
1587063240,1.084560,1.084710,1.084560,1.084690
1587063300,1.084700,1.084760,1.084630,1.084660
1587063360,1.084660,1.084670,1.084510,1.084510
1587063420,1.084500,1.084600,1.084450,1.084570
1587063480,1.084560,1.084660,1.084540,1.084620
1587063540,1.084630,1.084650,1.084450,1.084490
1587063600,1.084490,1.084610,1.084400,1.084540
1587063660,1.084540,1.084540,1.084390,1.084510
1587063720,1.084500,1.084610,1.084450,1.084530
1587063780,1.084540,1.084570,1.084470,1.084550
1587063840,1.084560,1.084610,1.084450,1.084450
1587063900,1.084460,1.084520,1.084380,1.084380
1587063960,1.084380,1.084430,1.084310,1.084400
1587064020,1.084410,1.084460,1.084290,1.084300
1587064080,1.084300,1.084300,1.084070,1.084160
1587064140,1.084160,1.084170,1.084010,1.084010
1587064200,1.084010,1.084180,1.084010,1.084130
1587064260,1.084130,1.084310,1.084120,1.084310
1587064320,1.084310,1.084360,1.084290,1.084340
1587064380,1.084330,1.084490,1.084310,1.084460
1587064440,1.084470,1.084470,1.084280,1.084300
1587064500,1.084310,1.084320,1.084240,1.084320
1587064560,1.084330,1.084350,1.084190,1.084210
1587064620,1.084220,1.084270,1.084090,1.084270
1587064680,1.084260,1.084260,1.084100,1.084170
1587064740,1.084190,1.084220,1.084150,1.084220
1587064800,1.084220,1.084340,1.084200,1.084260
1587064860,1.084250,1.084250,1.084180,1.084180
1587064920,1.084170,1.084360,1.084160,1.084340
1587064980,1.084360,1.084410,1.084280,1.084280
1587065040,1.084280,1.084580,1.084280,1.084520
1587065100,1.084520,1.084560,1.084390,1.084390
1587065160,1.084410,1.084510,1.084350,1.084510
1587065220,1.084500,1.084580,1.084490,1.084500
1587065280,1.084500,1.084680,1.084500,1.084540
1587065340,1.084550,1.084580,1.084500,1.084560
1587065400,1.084570,1.084570,1.084430,1.084450
1587065460,1.084440,1.084470,1.084280,1.084280
1587065520,1.084260,1.084320,1.084190,1.084310
1587065580,1.084310,1.084310,1.084180,1.084220
1587065640,1.084210,1.084220,1.084060,1.084070
1587065700,1.084080,1.084220,1.084080,1.084100
1587065760,1.084100,1.084320,1.084070,1.084300
1587065820,1.084340,1.084510,1.084340,1.084400
1587065880,1.084390,1.084540,1.084340,1.084360
1587065940,1.084320,1.084480,1.084270,1.084400
1587066000,1.084410,1.084490,1.084330,1.084360
1587066060,1.084370,1.084410,1.084260,1.084330
1587066120,1.084330,1.084560,1.084330,1.084480
1587066180,1.084490,1.084530,1.084430,1.084430
1587066240,1.084420,1.084420,1.084250,1.084280
1587066300,1.084280,1.084340,1.084120,1.084120
1587066360,1.084120,1.084290,1.084090,1.084240
1587066420,1.084240,1.084350,1.084240,1.084310
1587066480,1.084310,1.084320,1.084250,1.084270
1587066540,1.084250,1.084260,1.084100,1.084110
1587066600,1.084120,1.084390,1.084110,1.084360
1587066660,1.084360,1.084410,1.084260,1.084280
1587066720,1.084280,1.084510,1.084280,1.084510
1587066780,1.084520,1.084580,1.084440,1.084450
1587066840,1.084440,1.084610,1.084410,1.084570
1587066900,1.084580,1.084860,1.084580,1.084780
1587066960,1.084790,1.084970,1.084740,1.084770
1587067020,1.084760,1.084830,1.084740,1.084800
1587067080,1.084800,1.084800,1.084510,1.084690
1587067140,1.084690,1.084710,1.084500,1.084600
1587067200,1.084590,1.084650,1.084490,1.084620
1587067260,1.084620,1.084650,1.084590,1.084590
1587067320,1.084570,1.084570,1.084430,1.084510
1587067380,1.084510,1.084510,1.084330,1.084420
1587067440,1.084410,1.084430,1.084330,1.084340
1587067500,1.084360,1.084390,1.084270,1.084300
1587067560,1.084290,1.084290,1.084160,1.084230
1587067620,1.084230,1.084280,1.084170,1.084190
1587067680,1.084180,1.084200,1.084080,1.084130
1587067740,1.084120,1.084150,1.084080,1.084150
1587067800,1.084160,1.084160,1.084130,1.084140
1587067860,1.084150,1.084160,1.084140,1.084140
1587067920,1.084120,1.084150,1.083970,1.084000
1587067980,1.083990,1.084010,1.083980,1.083990
1587068040,1.083980,1.083980,1.083740,1.083760
1587068100,1.083760,1.083770,1.083660,1.083740
1587068160,1.083750,1.083800,1.083730,1.083740
1587068220,1.083750,1.083750,1.083700,1.083700
1587068280,1.083710,1.083750,1.083710,1.083720
1587068340,1.083720,1.083750,1.083700,1.083750
1587068400,1.083730,1.083770,1.083710,1.083750
1587068460,1.083760,1.083760,1.083730,1.083740
1587068520,1.083770,1.083770,1.083770,1.083770
1587068580,1.083770,1.083780,1.083730,1.083730
1587068640,1.083760,1.083770,1.083760,1.083760
1587068700,1.083760,1.083760,1.083620,1.083630
1587068760,1.083610,1.083610,1.083490,1.083500
1587068820,1.083490,1.083490,1.083410,1.083410
1587068880,1.083420,1.083440,1.083350,1.083430
1587068940,1.083430,1.083450,1.083400,1.083410
1587069000,1.083420,1.083420,1.083330,1.083360
1587069060,1.083380,1.083390,1.083280,1.083390
1587069120,1.083380,1.083380,1.083260,1.083260
1587069180,1.083270,1.083270,1.083100,1.083120
1587069240,1.083140,1.083220,1.083120,1.083130
1587069300,1.083140,1.083170,1.083090,1.083090
1587069360,1.083100,1.083160,1.083100,1.083150
1587069420,1.083150,1.083150,1.083140,1.083150
1587069480,1.083160,1.083160,1.083060,1.083080
1587069540,1.083080,1.083130,1.083070,1.083100
1587069600,1.083080,1.083290,1.083070,1.083260
1587069660,1.083260,1.083270,1.083180,1.083190
1587069720,1.083190,1.083190,1.083040,1.083060
1587069780,1.083050,1.083060,1.083040,1.083040
1587069840,1.083010,1.083080,1.083010,1.083060
1587069900,1.083050,1.083250,1.083050,1.083250
1587069960,1.083240,1.083400,1.083230,1.083380
1587070020,1.083390,1.083410,1.083370,1.083400
1587070080,1.083400,1.083670,1.083380,1.083670
1587070140,1.083660,1.083660,1.083490,1.083590
1587070200,1.083600,1.083650,1.083530,1.083650
1587070260,1.083650,1.083890,1.083650,1.083830
1587070320,1.083830,1.083920,1.083720,1.083760
1587070380,1.083760,1.083790,1.083730,1.083790
1587070440,1.083810,1.083900,1.083790,1.083870
1587070500,1.083870,1.083980,1.083860,1.083930
1587070560,1.083940,1.083980,1.083830,1.083890
1587070620,1.083890,1.083980,1.083850,1.083980
1587070680,1.083980,1.084030,1.083860,1.083870
1587070740,1.083870,1.083960,1.083850,1.083860
1587070800,1.083860,1.083860,1.083290,1.083610
1587070860,1.083740,1.083840,1.083510,1.083790
1587070920,1.083790,1.083790,1.083790,1.083790
1587070980,1.083790,1.083790,1.083790,1.083790
1587071040,1.083830,1.083830,1.083790,1.083790
1587071100,1.083740,1.083780,1.083720,1.083780
1587071160,1.083780,1.083780,1.083690,1.083690
1587071220,1.083690,1.083690,1.083660,1.083660
1587071280,1.083660,1.083710,1.083660,1.083660
1587071340,1.083660,1.083700,1.083650,1.083670
1587071400,1.083670,1.083690,1.083610,1.083610
1587071460,1.083600,1.083810,1.083600,1.083700
1587071520,1.083730,1.083850,1.083710,1.083820
1587071580,1.083790,1.083810,1.083760,1.083810
1587071640,1.083830,1.083830,1.083820,1.083820
1587071700,1.083830,1.083830,1.083800,1.083800
1587071760,1.083810,1.083850,1.083810,1.083830
1587071820,1.083830,1.083840,1.083810,1.083820
1587071880,1.083830,1.083830,1.083830,1.083830
1587071940,1.083830,1.083880,1.083770,1.083800
1587072000,1.083800,1.083980,1.083780,1.083960
1587072060,1.083990,1.083990,1.083960,1.083970
1587072120,1.083990,1.083990,1.083960,1.083960
1587072180,1.083880,1.084010,1.083880,1.084010
1587072240,1.084040,1.084040,1.084000,1.084000
1587072300,1.083990,1.083990,1.083990,1.083990
1587072360,1.083990,1.084020,1.083980,1.083990
1587072420,1.083990,1.084030,1.083970,1.083970
1587072480,1.084010,1.084030,1.083970,1.083970
1587072540,1.083940,1.084140,1.083920,1.084140
1587072600,1.084100,1.084570,1.084100,1.084340
1587072660,1.084320,1.084580,1.084130,1.084360
1587072720,1.084360,1.084690,1.084280,1.084590
1587072780,1.084560,1.084760,1.084520,1.084590
1587072840,1.084550,1.084720,1.084360,1.084720
1587072900,1.084660,1.085060,1.084650,1.085040
1587072960,1.085040,1.085140,1.084960,1.084960
1587073020,1.084950,1.084970,1.084800,1.084910
1587073080,1.084880,1.085080,1.084800,1.085080
1587073140,1.085060,1.085130,1.085060,1.085090
1587073200,1.085100,1.085100,1.085060,1.085090
1587073260,1.085090,1.085090,1.084790,1.084790
1587073320,1.084800,1.085100,1.084590,1.084930
1587073380,1.084880,1.085220,1.084870,1.085050
1587073440,1.085050,1.085180,1.084390,1.085130
1587073500,1.085090,1.085370,1.085080,1.085330
1587073560,1.085320,1.085560,1.085320,1.085510
1587073620,1.085530,1.085990,1.085480,1.085990
1587073680,1.085980,1.085990,1.085640,1.085770
1587073740,1.085780,1.085850,1.085160,1.085420
1587073800,1.085420,1.085500,1.085160,1.085160
1587073860,1.085160,1.085340,1.085010,1.085190
1587073920,1.085230,1.085280,1.085200,1.085220
1587073980,1.085200,1.085730,1.085190,1.085720
1587074040,1.085690,1.086400,1.085690,1.086340
1587074100,1.086300,1.086460,1.086290,1.086360
1587074160,1.086360,1.086410,1.086070,1.086100
1587074220,1.086100,1.086130,1.086050,1.086100
1587074280,1.086060,1.086100,1.085980,1.086040
1587074340,1.086060,1.086090,1.086050,1.086050
1587074400,1.086050,1.086050,1.085390,1.085410
1587074460,1.085420,1.085600,1.085330,1.085590
1587074520,1.085580,1.085830,1.085500,1.085500
1587074580,1.085520,1.085700,1.085500,1.085570
1587074640,1.085570,1.085620,1.085440,1.085510
1587074700,1.085530,1.085570,1.085440,1.085550
1587074760,1.085540,1.085580,1.085480,1.085480
1587074820,1.085480,1.085490,1.085310,1.085430
1587074880,1.085440,1.085510,1.085390,1.085400
1587074940,1.085420,1.085490,1.085320,1.085320
1587075000,1.085310,1.085410,1.085270,1.085400
1587075060,1.085400,1.085450,1.085390,1.085390
1587075120,1.085390,1.085450,1.085370,1.085370
1587075180,1.085380,1.085410,1.085250,1.085330
1587075240,1.085340,1.085340,1.085230,1.085230
1587075300,1.085250,1.085270,1.085180,1.085240
1587075360,1.085230,1.085370,1.085190,1.085360
1587075420,1.085350,1.085350,1.085170,1.085230
1587075480,1.085240,1.085290,1.085150,1.085220
1587075540,1.085220,1.085290,1.085190,1.085270
1587075600,1.085320,1.085600,1.085310,1.085560
1587075660,1.085550,1.085850,1.085540,1.085780
1587075720,1.085810,1.085880,1.085720,1.085730
1587075780,1.085710,1.085770,1.085480,1.085480
1587075840,1.085470,1.085620,1.085390,1.085490
1587075900,1.085490,1.085490,1.085290,1.085290
1587075960,1.085280,1.085360,1.085280,1.085330
1587076020,1.085400,1.085520,1.085380,1.085420
1587076080,1.085430,1.085560,1.085410,1.085530
1587076140,1.085510,1.085510,1.085330,1.085330
1587076200,1.085350,1.085470,1.085300,1.085460
1587076260,1.085460,1.085590,1.085450,1.085510
1587076320,1.085500,1.085640,1.085500,1.085600
1587076380,1.085610,1.085610,1.085400,1.085420
1587076440,1.085430,1.085610,1.085400,1.085560
1587076500,1.085560,1.085560,1.085500,1.085510
1587076560,1.085510,1.085560,1.085500,1.085510
1587076620,1.085530,1.085620,1.085490,1.085590
1587076680,1.085590,1.085590,1.085420,1.085510
1587076740,1.085520,1.085680,1.085510,1.085650
1587076800,1.085630,1.085810,1.085630,1.085690
1587076860,1.085700,1.085700,1.085510,1.085520
1587076920,1.085520,1.085700,1.085430,1.085700
1587076980,1.085710,1.085710,1.085590,1.085610
1587077040,1.085600,1.085610,1.085590,1.085590
1587077100,1.085580,1.085610,1.085580,1.085580
1587077160,1.085580,1.085610,1.085580,1.085590
1587077220,1.085570,1.085720,1.085440,1.085690
1587077280,1.085700,1.085750,1.085640,1.085740
1587077340,1.085780,1.085780,1.085660,1.085660
1587077400,1.085670,1.085780,1.085660,1.085750
1587077460,1.085760,1.085780,1.085740,1.085740
1587077520,1.085730,1.085770,1.085630,1.085750
1587077580,1.085760,1.085950,1.085730,1.085910
1587077640,1.085900,1.085900,1.085690,1.085790
1587077700,1.085790,1.086020,1.085770,1.085970
1587077760,1.085960,1.086100,1.085850,1.086070
1587077820,1.086060,1.086140,1.085990,1.086040
1587077880,1.086030,1.086090,1.086010,1.086070
1587077940,1.086090,1.086130,1.086000,1.086060
1587078000,1.086060,1.086140,1.086000,1.086060
1587078060,1.086040,1.086050,1.085880,1.085940
1587078120,1.085910,1.086010,1.085740,1.085740
1587078180,1.085740,1.085890,1.085730,1.085880
1587078240,1.085880,1.086000,1.085830,1.085990
1587078300,1.085980,1.085980,1.085780,1.085840
1587078360,1.085830,1.085980,1.085810,1.085870
1587078420,1.085880,1.085920,1.085880,1.085900
1587078480,1.085910,1.086020,1.085910,1.085960
1587078540,1.085950,1.085960,1.085890,1.085890
1587078600,1.085900,1.086060,1.085830,1.085850
1587078660,1.085860,1.085910,1.085840,1.085890
1587078720,1.085890,1.085920,1.085830,1.085840
1587078780,1.085870,1.085900,1.085850,1.085850
1587078840,1.085860,1.086020,1.085840,1.086000
1587078900,1.085990,1.085990,1.085840,1.085950
1587078960,1.085940,1.086180,1.085940,1.086180
1587079020,1.086170,1.086240,1.086000,1.086080
1587079080,1.086060,1.086250,1.086060,1.086230
1587079140,1.086250,1.086380,1.086160,1.086380
1587079200,1.086380,1.086520,1.086350,1.086470
1587079260,1.086500,1.086550,1.086220,1.086230
1587079320,1.086260,1.086330,1.085810,1.085840
1587079380,1.085840,1.086190,1.085840,1.086190
1587079440,1.086200,1.086440,1.086170,1.086410
1587079500,1.086410,1.086410,1.086180,1.086180
1587079560,1.086190,1.086200,1.086020,1.086050
1587079620,1.086060,1.086100,1.086030,1.086030
1587079680,1.086040,1.086060,1.085930,1.085930
1587079740,1.085930,1.086040,1.085930,1.085960
1587079800,1.085960,1.086100,1.085960,1.086080
1587079860,1.086080,1.086570,1.086080,1.086460
1587079920,1.086470,1.086670,1.086460,1.086570
1587079980,1.086560,1.086650,1.086530,1.086640
1587080040,1.086640,1.086740,1.086550,1.086600
1587080100,1.086600,1.086670,1.086540,1.086550
1587080160,1.086560,1.086600,1.086450,1.086460
1587080220,1.086470,1.086470,1.086340,1.086390
1587080280,1.086400,1.086420,1.086240,1.086250
1587080340,1.086260,1.086410,1.086260,1.086340
1587080400,1.086350,1.086360,1.086240,1.086260
1587080460,1.086250,1.086390,1.086250,1.086270
1587080520,1.086280,1.086400,1.086230,1.086400
1587080580,1.086400,1.086520,1.086360,1.086490
1587080640,1.086490,1.086530,1.086440,1.086440
1587080700,1.086460,1.086510,1.086330,1.086340
1587080760,1.086350,1.086350,1.086090,1.086150
1587080820,1.086160,1.086240,1.086160,1.086180
1587080880,1.086180,1.086200,1.086040,1.086060
1587080940,1.086060,1.086060,1.085820,1.085980
1587081000,1.085990,1.086120,1.085970,1.086020
1587081060,1.086030,1.086110,1.085930,1.085950
1587081120,1.085950,1.085960,1.085880,1.085930
1587081180,1.085940,1.086000,1.085930,1.085980
1587081240,1.085980,1.085990,1.085890,1.085950
1587081300,1.085970,1.085970,1.085680,1.085750
1587081360,1.085740,1.085880,1.085730,1.085750
1587081420,1.085770,1.085820,1.085740,1.085800
1587081480,1.085790,1.085800,1.085730,1.085750
1587081540,1.085730,1.085900,1.085670,1.085840
1587081600,1.085880,1.085990,1.085770,1.085870
1587081660,1.085840,1.085880,1.085620,1.085700
1587081720,1.085690,1.085880,1.085680,1.085680
1587081780,1.085680,1.085780,1.085530,1.085580
1587081840,1.085590,1.085630,1.085440,1.085540
1587081900,1.085540,1.085770,1.085490,1.085690
1587081960,1.085700,1.085820,1.085670,1.085740
1587082020,1.085770,1.085780,1.085610,1.085650
1587082080,1.085650,1.085770,1.085600,1.085770
1587082140,1.085760,1.085830,1.085570,1.085570
1587082200,1.085570,1.085730,1.085540,1.085660
1587082260,1.085650,1.085650,1.085440,1.085610
1587082320,1.085640,1.085750,1.085580,1.085710
1587082380,1.085710,1.085710,1.085560,1.085560
1587082440,1.085550,1.085610,1.085380,1.085610
1587082500,1.085610,1.085620,1.085430,1.085610
1587082560,1.085600,1.085740,1.085590,1.085700
1587082620,1.085690,1.085860,1.085690,1.085830
1587082680,1.085830,1.085910,1.085820,1.085820
1587082740,1.085850,1.085850,1.085750,1.085810
1587082800,1.085820,1.085910,1.085800,1.085840
1587082860,1.085860,1.085900,1.085790,1.085860
1587082920,1.085860,1.085920,1.085750,1.085780
1587082980,1.085780,1.085790,1.085700,1.085710
1587083040,1.085710,1.085770,1.085540,1.085540
1587083100,1.085540,1.085720,1.085530,1.085700
1587083160,1.085700,1.085780,1.085600,1.085600
1587083220,1.085600,1.085600,1.085560,1.085590
1587083280,1.085590,1.085740,1.085590,1.085730
1587083340,1.085790,1.085800,1.085730,1.085770
1587083400,1.085750,1.085840,1.085750,1.085800
1587083460,1.085790,1.086130,1.085790,1.086110
1587083520,1.086120,1.086270,1.086100,1.086190
1587083580,1.086190,1.086410,1.086140,1.086410
1587083640,1.086420,1.086560,1.086340,1.086490
1587083700,1.086520,1.086690,1.086440,1.086590
1587083760,1.086590,1.086590,1.086450,1.086460
1587083820,1.086470,1.086520,1.086430,1.086500
1587083880,1.086480,1.086510,1.086280,1.086330
1587083940,1.086320,1.086440,1.086320,1.086420
1587084000,1.086460,1.086480,1.086340,1.086460
1587084060,1.086450,1.086450,1.086280,1.086280
1587084120,1.086290,1.086390,1.086290,1.086380
1587084180,1.086390,1.086390,1.086280,1.086290
1587084240,1.086300,1.086320,1.086270,1.086280
1587084300,1.086280,1.086370,1.086260,1.086270
1587084360,1.086280,1.086300,1.086150,1.086150
1587084420,1.086130,1.086160,1.086020,1.086020
1587084480,1.086030,1.086090,1.086010,1.086080
1587084540,1.086070,1.086120,1.086060,1.086080
1587084600,1.086080,1.086290,1.086070,1.086100
1587084660,1.086110,1.086230,1.086050,1.086070
1587084720,1.086080,1.086110,1.086050,1.086050
1587084780,1.086030,1.086050,1.085980,1.085990
1587084840,1.086000,1.086380,1.085980,1.086350
1587084900,1.086340,1.086600,1.086320,1.086560
1587084960,1.086560,1.086560,1.086400,1.086400
1587085020,1.086400,1.086420,1.086390,1.086390
1587085080,1.086400,1.086400,1.086220,1.086230
1587085140,1.086220,1.086290,1.086170,1.086270
1587085200,1.086260,1.086280,1.086190,1.086190
1587085260,1.086200,1.086330,1.086170,1.086290
1587085320,1.086300,1.086520,1.086290,1.086510
1587085380,1.086520,1.086570,1.086440,1.086570
1587085440,1.086580,1.086600,1.086460,1.086540
1587085500,1.086520,1.086610,1.086480,1.086480
1587085560,1.086470,1.086680,1.086470,1.086580
1587085620,1.086590,1.086790,1.086580,1.086790
1587085680,1.086780,1.086910,1.086780,1.086850
1587085740,1.086840,1.086890,1.086700,1.086710
1587085800,1.086710,1.086790,1.086670,1.086760
1587085860,1.086760,1.086870,1.086750,1.086870
1587085920,1.086870,1.087090,1.086850,1.087090
1587085980,1.087090,1.087680,1.087070,1.087460
1587086040,1.087460,1.087570,1.087360,1.087540
1587086100,1.087530,1.087620,1.087380,1.087480
1587086160,1.087500,1.087500,1.087230,1.087290
1587086220,1.087290,1.087290,1.087160,1.087230
1587086280,1.087230,1.087290,1.087150,1.087150
1587086340,1.087140,1.087400,1.087140,1.087340
1587086400,1.087350,1.087350,1.087190,1.087220
1587086460,1.087250,1.087550,1.087250,1.087380
1587086520,1.087360,1.087370,1.087130,1.087150
1587086580,1.087160,1.087220,1.087100,1.087110
1587086640,1.087130,1.087310,1.087130,1.087200
1587086700,1.087220,1.087390,1.087220,1.087290
1587086760,1.087310,1.087510,1.087250,1.087480
1587086820,1.087480,1.087480,1.087300,1.087350
1587086880,1.087350,1.087440,1.087310,1.087360
1587086940,1.087360,1.087820,1.087360,1.087680
1587087000,1.087700,1.087710,1.087520,1.087620
1587087060,1.087600,1.087760,1.087570,1.087640
1587087120,1.087640,1.087640,1.087530,1.087540
1587087180,1.087550,1.087630,1.087550,1.087600
1587087240,1.087600,1.087680,1.087570,1.087660
1587087300,1.087650,1.087700,1.087590,1.087640
1587087360,1.087650,1.087670,1.087570,1.087570
1587087420,1.087570,1.087600,1.087460,1.087560
1587087480,1.087550,1.087620,1.087530,1.087620
1587087540,1.087620,1.087770,1.087590,1.087760
1587087600,1.087760,1.087760,1.087470,1.087480
1587087660,1.087490,1.087560,1.087440,1.087560
1587087720,1.087570,1.087760,1.087570,1.087670
1587087780,1.087670,1.087710,1.087560,1.087610
1587087840,1.087610,1.087610,1.087590,1.087590
1587087900,1.087630,1.087720,1.087630,1.087700
1587087960,1.087700,1.087770,1.087690,1.087690
1587088020,1.087690,1.087710,1.087540,1.087680
1587088080,1.087670,1.087790,1.087670,1.087760
1587088140,1.087770,1.087850,1.087700,1.087840
1587088200,1.087840,1.087840,1.087650,1.087690
1587088260,1.087680,1.087730,1.087670,1.087670
1587088320,1.087660,1.087760,1.087610,1.087670
1587088380,1.087660,1.087660,1.087510,1.087620
1587088440,1.087630,1.087630,1.087270,1.087270
1587088500,1.087280,1.087340,1.087210,1.087270
1587088560,1.087280,1.087280,1.087070,1.087080
1587088620,1.087080,1.087190,1.087070,1.087150
1587088680,1.087140,1.087220,1.087080,1.087220
1587088740,1.087230,1.087290,1.087140,1.087290
1587088800,1.087280,1.087280,1.086980,1.086990
1587088860,1.086990,1.087020,1.086970,1.086980
1587088920,1.086970,1.087130,1.086950,1.087080
1587088980,1.087100,1.087100,1.086820,1.086850
1587089040,1.086850,1.086870,1.086620,1.086650
1587089100,1.086650,1.086800,1.086620,1.086770
1587089160,1.086770,1.086770,1.086600,1.086710
1587089220,1.086700,1.086840,1.086650,1.086820
1587089280,1.086830,1.086880,1.086640,1.086660
1587089340,1.086660,1.086680,1.086600,1.086680
1587089400,1.086670,1.086670,1.086550,1.086600
1587089460,1.086590,1.086630,1.086550,1.086580
1587089520,1.086590,1.086600,1.086500,1.086550
1587089580,1.086550,1.086760,1.086540,1.086730
1587089640,1.086720,1.086720,1.086610,1.086610
1587089700,1.086610,1.086620,1.086540,1.086590
1587089760,1.086590,1.086690,1.086580,1.086680
1587089820,1.086660,1.086740,1.086650,1.086690
1587089880,1.086680,1.086710,1.086490,1.086510
1587089940,1.086510,1.086580,1.086490,1.086530
1587090000,1.086550,1.086590,1.086500,1.086520
1587090060,1.086520,1.086670,1.086480,1.086670
1587090120,1.086660,1.086760,1.086660,1.086740
1587090180,1.086750,1.086750,1.086630,1.086660
1587090240,1.086650,1.086760,1.086650,1.086760
1587090300,1.086760,1.086880,1.086720,1.086870
1587090360,1.086870,1.086920,1.086870,1.086920
1587090420,1.086900,1.086910,1.086890,1.086900
1587090480,1.086890,1.086900,1.086850,1.086870
1587090540,1.086860,1.086860,1.086570,1.086570
1587090600,1.086570,1.086570,1.086430,1.086550
1587090660,1.086540,1.086620,1.086500,1.086600
1587090720,1.086580,1.086650,1.086490,1.086640
1587090780,1.086640,1.086710,1.086590,1.086690
1587090840,1.086690,1.086860,1.086620,1.086860
1587090900,1.086860,1.087030,1.086810,1.087020
1587090960,1.087030,1.087170,1.087030,1.087120
1587091020,1.087120,1.087210,1.087070,1.087190
1587091080,1.087200,1.087320,1.087190,1.087300
1587091140,1.087300,1.087490,1.087230,1.087480
1587091200,1.087490,1.087490,1.087360,1.087460
1587091260,1.087460,1.087530,1.087420,1.087460
1587091320,1.087470,1.087540,1.087460,1.087460
1587091380,1.087470,1.087510,1.087420,1.087440
1587091440,1.087450,1.087500,1.087370,1.087390
1587091500,1.087390,1.087460,1.087370,1.087450
1587091560,1.087450,1.087610,1.087430,1.087480
1587091620,1.087490,1.087510,1.087340,1.087450
1587091680,1.087450,1.087600,1.087450,1.087570
1587091740,1.087570,1.087640,1.087560,1.087620
1587091800,1.087610,1.087620,1.087520,1.087520
1587091860,1.087510,1.087510,1.087400,1.087470
1587091920,1.087470,1.087490,1.087360,1.087410
1587091980,1.087410,1.087410,1.087320,1.087410
1587092040,1.087400,1.087410,1.087390,1.087390
1587092100,1.087380,1.087410,1.087360,1.087380
1587092160,1.087400,1.087550,1.087380,1.087530
1587092220,1.087530,1.087580,1.087500,1.087570
1587092280,1.087570,1.087580,1.087270,1.087270
1587092340,1.087270,1.087340,1.087250,1.087270
1587092400,1.087290,1.087300,1.087210,1.087210
1587092460,1.087180,1.087390,1.087160,1.087370
1587092520,1.087380,1.087400,1.087220,1.087270
1587092580,1.087280,1.087290,1.087230,1.087230
1587092640,1.087230,1.087270,1.087230,1.087250
1587092700,1.087260,1.087260,1.087050,1.087080
1587092760,1.087090,1.087100,1.086960,1.087070
1587092820,1.087060,1.087180,1.087060,1.087120
1587092880,1.087120,1.087210,1.087120,1.087190
1587092940,1.087190,1.087260,1.087140,1.087260
1587093000,1.087290,1.087310,1.087270,1.087270
1587093060,1.087260,1.087260,1.087210,1.087250
1587093120,1.087260,1.087290,1.087190,1.087200
1587093180,1.087200,1.087210,1.087170,1.087190
1587093240,1.087180,1.087180,1.087140,1.087140
1587093300,1.087130,1.087170,1.087100,1.087170
1587093360,1.087160,1.087180,1.087130,1.087180
1587093420,1.087180,1.087190,1.087050,1.087060
1587093480,1.087060,1.087080,1.087020,1.087040
1587093540,1.087030,1.087060,1.087020,1.087040
1587093600,1.087040,1.087080,1.087040,1.087070
1587093660,1.087060,1.087270,1.087060,1.087230
1587093720,1.087230,1.087270,1.087180,1.087260
1587093780,1.087260,1.087270,1.087180,1.087190
1587093840,1.087200,1.087230,1.087130,1.087220
1587093900,1.087220,1.087280,1.087190,1.087210
1587093960,1.087230,1.087290,1.087210,1.087280
1587094020,1.087270,1.087270,1.087100,1.087100
1587094080,1.087110,1.087200,1.087100,1.087180
1587094140,1.087180,1.087220,1.087110,1.087180
1587094200,1.087190,1.087280,1.087190,1.087230
1587094260,1.087240,1.087240,1.087180,1.087210
1587094320,1.087220,1.087220,1.087120,1.087120
1587094380,1.087120,1.087120,1.087070,1.087070
1587094440,1.087080,1.087100,1.087020,1.087020
1587094500,1.087020,1.087030,1.087000,1.087020
1587094560,1.087020,1.087030,1.086990,1.087020
1587094620,1.087010,1.087010,1.086860,1.086870
1587094680,1.086850,1.087000,1.086790,1.086980
1587094740,1.086970,1.087030,1.086970,1.087000
1587094800,1.087000,1.087000,1.086880,1.086970
1587094860,1.086970,1.086970,1.086910,1.086960
1587094920,1.086940,1.086940,1.086850,1.086870
1587094980,1.086880,1.086880,1.086680,1.086750
1587095040,1.086750,1.086780,1.086730,1.086760
1587095100,1.086780,1.086830,1.086750,1.086800
1587095160,1.086800,1.086900,1.086760,1.086870
1587095220,1.086860,1.086880,1.086830,1.086880
1587095280,1.086870,1.086960,1.086850,1.086880
1587095340,1.086880,1.086960,1.086880,1.086960
1587095400,1.086950,1.086960,1.086910,1.086910
1587095460,1.086910,1.086960,1.086910,1.086920
1587095520,1.086900,1.086930,1.086870,1.086890
1587095580,1.086880,1.086920,1.086840,1.086840
1587095640,1.086850,1.086860,1.086780,1.086780
1587095700,1.086780,1.086840,1.086750,1.086820
1587095760,1.086830,1.086860,1.086810,1.086850
1587095820,1.086840,1.086840,1.086760,1.086760
1587095880,1.086770,1.086770,1.086660,1.086680
1587095940,1.086670,1.086710,1.086630,1.086650
