time,open,high,low,close
1756440000,1.375400,1.375430,1.375370,1.375370
1756440060,1.375370,1.375440,1.375370,1.375410
1756440120,1.375400,1.375400,1.375280,1.375300
1756440180,1.375290,1.375340,1.375290,1.375310
1756440240,1.375320,1.375430,1.375310,1.375430
1756440300,1.375470,1.375500,1.375360,1.375380
1756440360,1.375360,1.375420,1.375360,1.375370
1756440420,1.375380,1.375430,1.375380,1.375410
1756440480,1.375410,1.375420,1.375380,1.375420
1756440540,1.375410,1.375430,1.375400,1.375420
1756440600,1.375420,1.375420,1.375360,1.375360
1756440660,1.375360,1.375370,1.375340,1.375370
1756440720,1.375370,1.375410,1.375360,1.375400
1756440780,1.375410,1.375420,1.375400,1.375410
1756440840,1.375410,1.375550,1.375410,1.375550
1756440900,1.375530,1.375530,1.375470,1.375500
1756440960,1.375510,1.375530,1.375490,1.375520
1756441020,1.375530,1.375530,1.375530,1.375530
1756441080,1.375540,1.375540,1.375520,1.375520
1756441140,1.375530,1.375530,1.375480,1.375500
1756441200,1.375500,1.375510,1.375470,1.375490
1756441260,1.375490,1.375520,1.375490,1.375490
1756441320,1.375490,1.375510,1.375490,1.375500
1756441380,1.375490,1.375510,1.375480,1.375500
1756441440,1.375500,1.375510,1.375460,1.375460
1756441500,1.375470,1.375470,1.375420,1.375420
1756441560,1.375420,1.375460,1.375420,1.375430
1756441620,1.375420,1.375450,1.375420,1.375450
1756441680,1.375450,1.375460,1.375420,1.375420
1756441740,1.375410,1.375420,1.375360,1.375380
1756441800,1.375390,1.375420,1.375370,1.375380
1756441860,1.375390,1.375420,1.375380,1.375390
1756441920,1.375390,1.375400,1.375330,1.375380
1756441980,1.375390,1.375400,1.375380,1.375390
1756442040,1.375380,1.375420,1.375380,1.375420
1756442100,1.375410,1.375410,1.375300,1.375310
1756442160,1.375310,1.375410,1.375310,1.375360
1756442220,1.375360,1.375390,1.375360,1.375380
1756442280,1.375370,1.375390,1.375370,1.375390
1756442340,1.375380,1.375420,1.375370,1.375420
1756442400,1.375410,1.375410,1.375250,1.375270
1756442460,1.375270,1.375270,1.375170,1.375170
1756442520,1.375170,1.375210,1.375170,1.375180
1756442580,1.375210,1.375220,1.375160,1.375190
1756442640,1.375170,1.375190,1.375170,1.375180
1756442700,1.375180,1.375230,1.375180,1.375200
1756442760,1.375190,1.375200,1.375180,1.375190
1756442820,1.375190,1.375200,1.375170,1.375190
1756442880,1.375190,1.375220,1.375190,1.375200
1756442940,1.375200,1.375200,1.375090,1.375130
1756443000,1.375130,1.375150,1.375130,1.375130
1756443060,1.375130,1.375170,1.375130,1.375150
1756443120,1.375170,1.375170,1.375170,1.375170
1756443180,1.375170,1.375170,1.375130,1.375130
1756443240,1.375140,1.375220,1.375130,1.375220
1756443300,1.375230,1.375240,1.375230,1.375240
1756443360,1.375240,1.375260,1.375240,1.375260
1756443420,1.375260,1.375260,1.375230,1.375240
1756443480,1.375240,1.375260,1.375240,1.375260
1756443540,1.375260,1.375260,1.375220,1.375230
1756443600,1.375220,1.375260,1.375120,1.375130
1756443660,1.375130,1.375140,1.375120,1.375130
1756443720,1.375150,1.375180,1.375150,1.375180
1756443780,1.375160,1.375250,1.375150,1.375240
1756443840,1.375260,1.375300,1.375250,1.375250
1756443900,1.375260,1.375260,1.375220,1.375250
1756443960,1.375250,1.375310,1.375250,1.375310
1756444020,1.375290,1.375300,1.375270,1.375270
1756444080,1.375270,1.375280,1.375250,1.375270
1756444140,1.375260,1.375300,1.375260,1.375260
1756444200,1.375250,1.375280,1.375250,1.375270
1756444260,1.375270,1.375290,1.375270,1.375280
1756444320,1.375270,1.375340,1.375270,1.375340
1756444380,1.375320,1.375350,1.375270,1.375270
1756444440,1.375270,1.375290,1.375250,1.375270
1756444500,1.375310,1.375320,1.375260,1.375280
1756444560,1.375310,1.375350,1.375310,1.375350
1756444620,1.375360,1.375390,1.375350,1.375350
1756444680,1.375350,1.375510,1.375350,1.375490
1756444740,1.375500,1.375500,1.375440,1.375480
1756444800,1.375490,1.375520,1.375490,1.375500
1756444860,1.375510,1.375520,1.375480,1.375490
1756444920,1.375500,1.375500,1.375460,1.375480
1756444980,1.375480,1.375510,1.375460,1.375460
1756445040,1.375460,1.375480,1.375460,1.375470
1756445100,1.375460,1.375470,1.375430,1.375450
1756445160,1.375440,1.375450,1.375370,1.375440
1756445220,1.375440,1.375510,1.375440,1.375510
1756445280,1.375510,1.375540,1.375470,1.375500
1756445340,1.375490,1.375500,1.375460,1.375500
1756445400,1.375490,1.375490,1.375460,1.375460
1756445460,1.375470,1.375480,1.375460,1.375460
1756445520,1.375470,1.375470,1.375440,1.375460
1756445580,1.375470,1.375500,1.375470,1.375480
1756445640,1.375470,1.375480,1.375430,1.375440
1756445700,1.375450,1.375480,1.375440,1.375450
1756445760,1.375460,1.375460,1.375450,1.375450
1756445820,1.375480,1.375490,1.375460,1.375460
1756445880,1.375460,1.375460,1.375420,1.375430
1756445940,1.375450,1.375450,1.375430,1.375430
1756446000,1.375430,1.375440,1.375350,1.375380
1756446060,1.375370,1.375450,1.375350,1.375440
1756446120,1.375440,1.375450,1.375380,1.375420
1756446180,1.375420,1.375430,1.375380,1.375420
1756446240,1.375430,1.375430,1.375310,1.375320
1756446300,1.375330,1.375330,1.375270,1.375320
1756446360,1.375300,1.375300,1.375250,1.375270
1756446420,1.375280,1.375280,1.375240,1.375250
1756446480,1.375250,1.375370,1.375250,1.375360
1756446540,1.375360,1.375430,1.375360,1.375380
1756446600,1.375360,1.375420,1.375360,1.375370
1756446660,1.375370,1.375370,1.375330,1.375340
1756446720,1.375340,1.375400,1.375300,1.375340
1756446780,1.375340,1.375340,1.375300,1.375300
1756446840,1.375300,1.375330,1.375270,1.375310
1756446900,1.375300,1.375300,1.375240,1.375270
1756446960,1.375270,1.375290,1.375240,1.375270
1756447020,1.375260,1.375270,1.375230,1.375250
1756447080,1.375260,1.375290,1.375240,1.375280
1756447140,1.375280,1.375290,1.375240,1.375270
1756447200,1.375300,1.375300,1.375200,1.375240
1756447260,1.375250,1.375250,1.375150,1.375150
1756447320,1.375170,1.375170,1.375050,1.375060
1756447380,1.375050,1.375060,1.374980,1.375010
1756447440,1.375010,1.375030,1.374980,1.375010
1756447500,1.375020,1.375180,1.375020,1.375180
1756447560,1.375200,1.375230,1.375150,1.375160
1756447620,1.375160,1.375180,1.375110,1.375170
1756447680,1.375170,1.375180,1.375100,1.375120
1756447740,1.375100,1.375130,1.375040,1.375060
1756447800,1.375060,1.375100,1.375030,1.375080
1756447860,1.375090,1.375090,1.375050,1.375080
1756447920,1.375060,1.375090,1.374990,1.375000
1756447980,1.374990,1.375010,1.374930,1.374930
1756448040,1.374940,1.374960,1.374930,1.374960
1756448100,1.374950,1.375000,1.374950,1.375000
1756448160,1.374980,1.375050,1.374960,1.375050
1756448220,1.375040,1.375110,1.375020,1.375040
1756448280,1.375040,1.375060,1.374990,1.375040
1756448340,1.375050,1.375050,1.375000,1.375040
1756448400,1.375040,1.375090,1.375020,1.375090
1756448460,1.375070,1.375070,1.375040,1.375070
1756448520,1.375080,1.375100,1.374990,1.375000
1756448580,1.374990,1.375080,1.374980,1.375080
1756448640,1.375050,1.375110,1.375010,1.375100
1756448700,1.375090,1.375240,1.375080,1.375190
1756448760,1.375200,1.375200,1.375110,1.375110
1756448820,1.375110,1.375130,1.375090,1.375120
1756448880,1.375120,1.375290,1.375120,1.375280
1756448940,1.375270,1.375290,1.375210,1.375250
1756449000,1.375250,1.375250,1.375170,1.375230
1756449060,1.375230,1.375350,1.375180,1.375340
1756449120,1.375340,1.375350,1.375260,1.375290
1756449180,1.375300,1.375370,1.375290,1.375290
1756449240,1.375290,1.375300,1.375260,1.375270
1756449300,1.375260,1.375390,1.375260,1.375380
1756449360,1.375390,1.375400,1.375300,1.375320
1756449420,1.375320,1.375470,1.375320,1.375470
1756449480,1.375470,1.375480,1.375400,1.375440
1756449540,1.375420,1.375430,1.375390,1.375390
1756449600,1.375390,1.375440,1.375360,1.375370
1756449660,1.375350,1.375400,1.375290,1.375380
1756449720,1.375370,1.375390,1.375360,1.375380
1756449780,1.375400,1.375400,1.375370,1.375380
1756449840,1.375370,1.375380,1.375280,1.375290
1756449900,1.375300,1.375570,1.375300,1.375490
1756449960,1.375510,1.375520,1.375450,1.375460
1756450020,1.375450,1.375540,1.375450,1.375490
1756450080,1.375510,1.375640,1.375510,1.375640
1756450140,1.375620,1.375680,1.375620,1.375660
1756450200,1.375650,1.375680,1.375610,1.375660
1756450260,1.375640,1.375640,1.375530,1.375550
1756450320,1.375530,1.375590,1.375530,1.375570
1756450380,1.375600,1.375600,1.375400,1.375420
1756450440,1.375410,1.375430,1.375380,1.375420
1756450500,1.375410,1.375660,1.375390,1.375620
1756450560,1.375630,1.375670,1.375520,1.375550
1756450620,1.375540,1.375550,1.375370,1.375390
1756450680,1.375400,1.375490,1.375380,1.375490
1756450740,1.375450,1.375470,1.375430,1.375440
1756450800,1.375450,1.375530,1.375220,1.375380
1756450860,1.375370,1.375370,1.375160,1.375180
1756450920,1.375190,1.375240,1.375170,1.375210
1756450980,1.375200,1.375310,1.375200,1.375310
1756451040,1.375300,1.375310,1.375200,1.375290
1756451100,1.375300,1.375300,1.375180,1.375180
1756451160,1.375190,1.375190,1.375020,1.375030
1756451220,1.375020,1.375080,1.375010,1.375020
1756451280,1.375020,1.375020,1.374870,1.374890
1756451340,1.374880,1.374940,1.374880,1.374900
1756451400,1.374910,1.374990,1.374870,1.374980
1756451460,1.374990,1.375060,1.374970,1.375050
1756451520,1.375050,1.375060,1.374960,1.375000
1756451580,1.375010,1.375010,1.374970,1.374990
1756451640,1.374990,1.375060,1.374980,1.375000
1756451700,1.375000,1.375090,1.374970,1.375070
1756451760,1.375060,1.375150,1.375060,1.375150
1756451820,1.375170,1.375180,1.375070,1.375080
1756451880,1.375080,1.375230,1.375080,1.375180
1756451940,1.375190,1.375200,1.375160,1.375180
1756452000,1.375190,1.375290,1.375170,1.375250
1756452060,1.375250,1.375270,1.375220,1.375260
1756452120,1.375250,1.375290,1.375160,1.375190
1756452180,1.375190,1.375220,1.375170,1.375170
1756452240,1.375180,1.375260,1.375170,1.375190
1756452300,1.375190,1.375210,1.375120,1.375160
1756452360,1.375150,1.375200,1.375150,1.375180
1756452420,1.375180,1.375270,1.375170,1.375220
1756452480,1.375210,1.375320,1.375210,1.375300
1756452540,1.375300,1.375350,1.375230,1.375230
1756452600,1.375230,1.375350,1.375230,1.375330
1756452660,1.375320,1.375430,1.375320,1.375430
1756452720,1.375430,1.375440,1.375260,1.375330
1756452780,1.375320,1.375360,1.375300,1.375350
1756452840,1.375360,1.375420,1.375170,1.375360
1756452900,1.375360,1.375370,1.375250,1.375270
1756452960,1.375250,1.375270,1.375230,1.375250
1756453020,1.375250,1.375270,1.375130,1.375170
1756453080,1.375160,1.375190,1.375070,1.375110
1756453140,1.375120,1.375120,1.374970,1.374970
1756453200,1.374970,1.375040,1.374890,1.375030
1756453260,1.375040,1.375070,1.374990,1.375000
1756453320,1.374990,1.375000,1.374920,1.374980
1756453380,1.374990,1.375140,1.374970,1.374990
1756453440,1.374980,1.375000,1.374910,1.374920
1756453500,1.374920,1.374950,1.374660,1.374690
1756453560,1.374680,1.374700,1.374570,1.374620
1756453620,1.374610,1.374640,1.374580,1.374600
1756453680,1.374610,1.374630,1.374540,1.374620
1756453740,1.374610,1.374700,1.374600,1.374680
1756453800,1.374690,1.374690,1.374590,1.374590
1756453860,1.374600,1.374610,1.374510,1.374590
1756453920,1.374600,1.374610,1.374490,1.374490
1756453980,1.374480,1.374480,1.374240,1.374250
1756454040,1.374280,1.374280,1.374130,1.374150
1756454100,1.374140,1.374160,1.374050,1.374060
1756454160,1.374040,1.374250,1.374040,1.374100
1756454220,1.374100,1.374160,1.374000,1.374000
1756454280,1.374000,1.374060,1.373950,1.374020
1756454340,1.374010,1.374040,1.374000,1.374020
1756454400,1.374030,1.374110,1.374000,1.374040
1756454460,1.374030,1.374090,1.373980,1.374020
1756454520,1.374010,1.374010,1.373870,1.373890
1756454580,1.373910,1.373930,1.373870,1.373930
1756454640,1.373950,1.374050,1.373930,1.374030
1756454700,1.374050,1.374160,1.374030,1.374130
1756454760,1.374130,1.374310,1.374120,1.374310
1756454820,1.374320,1.374430,1.374290,1.374310
1756454880,1.374310,1.374350,1.374310,1.374320
1756454940,1.374320,1.374330,1.374210,1.374230
1756455000,1.374230,1.374230,1.374120,1.374120
1756455060,1.374130,1.374130,1.374020,1.374050
1756455120,1.374050,1.374050,1.374020,1.374050
1756455180,1.374060,1.374060,1.373980,1.374050
1756455240,1.374060,1.374200,1.374010,1.374030
1756455300,1.374040,1.374220,1.374030,1.374210
1756455360,1.374220,1.374250,1.374170,1.374170
1756455420,1.374180,1.374200,1.374130,1.374130
1756455480,1.374130,1.374300,1.374130,1.374290
1756455540,1.374300,1.374300,1.374230,1.374300
1756455600,1.374300,1.374400,1.374300,1.374400
1756455660,1.374390,1.374410,1.374330,1.374330
1756455720,1.374330,1.374420,1.374310,1.374410
1756455780,1.374390,1.374410,1.374280,1.374300
1756455840,1.374300,1.374310,1.374240,1.374240
1756455900,1.374220,1.374220,1.374140,1.374150
1756455960,1.374140,1.374180,1.374110,1.374130
1756456020,1.374140,1.374140,1.374070,1.374120
1756456080,1.374120,1.374150,1.374050,1.374050
1756456140,1.374050,1.374130,1.374030,1.374130
1756456200,1.374130,1.374230,1.374120,1.374140
1756456260,1.374170,1.374310,1.374150,1.374310
1756456320,1.374320,1.374340,1.374210,1.374240
1756456380,1.374260,1.374270,1.374020,1.374030
1756456440,1.374040,1.374060,1.373950,1.374040
1756456500,1.374040,1.374100,1.374030,1.374040
1756456560,1.374050,1.374080,1.374000,1.374030
1756456620,1.374030,1.374060,1.373980,1.374010
1756456680,1.374020,1.374030,1.374000,1.374030
1756456740,1.374040,1.374110,1.374000,1.374100
1756456800,1.374090,1.374150,1.374060,1.374110
1756456860,1.374110,1.374140,1.374040,1.374040
1756456920,1.374030,1.374060,1.374010,1.374020
1756456980,1.374030,1.374040,1.373890,1.373900
1756457040,1.373890,1.373940,1.373860,1.373860
1756457100,1.373850,1.373870,1.373730,1.373840
1756457160,1.373840,1.373860,1.373810,1.373830
1756457220,1.373840,1.373840,1.373710,1.373750
1756457280,1.373750,1.373780,1.373720,1.373750
1756457340,1.373760,1.373860,1.373760,1.373850
1756457400,1.373840,1.373860,1.373820,1.373820
1756457460,1.373820,1.373830,1.373660,1.373810
1756457520,1.373810,1.373850,1.373790,1.373850
1756457580,1.373870,1.373970,1.373870,1.373910
1756457640,1.373910,1.373920,1.373860,1.373870
1756457700,1.373870,1.374010,1.373850,1.374010
1756457760,1.374020,1.374160,1.373980,1.374110
1756457820,1.374110,1.374140,1.374100,1.374120
1756457880,1.374110,1.374160,1.374050,1.374060
1756457940,1.374060,1.374070,1.374010,1.374010
1756458000,1.374000,1.374020,1.373930,1.374020
1756458060,1.374020,1.374110,1.374020,1.374070
1756458120,1.374070,1.374260,1.374070,1.374220
1756458180,1.374220,1.374370,1.374220,1.374370
1756458240,1.374360,1.374490,1.374360,1.374420
1756458300,1.374420,1.374430,1.374360,1.374380
1756458360,1.374380,1.374410,1.374350,1.374390
1756458420,1.374400,1.374530,1.374400,1.374510
1756458480,1.374480,1.374510,1.374450,1.374450
1756458540,1.374450,1.374530,1.374450,1.374520
1756458600,1.374520,1.374530,1.374510,1.374510
1756458660,1.374500,1.374600,1.374500,1.374600
1756458720,1.374640,1.374680,1.374610,1.374610
1756458780,1.374600,1.374610,1.374490,1.374490
1756458840,1.374500,1.374550,1.374500,1.374530
1756458900,1.374520,1.374520,1.374360,1.374370
1756458960,1.374350,1.374450,1.374330,1.374400
1756459020,1.374420,1.374550,1.374420,1.374520
1756459080,1.374520,1.374540,1.374460,1.374530
1756459140,1.374530,1.374710,1.374530,1.374660
1756459200,1.374660,1.374690,1.374630,1.374690
1756459260,1.374690,1.374750,1.374690,1.374710
1756459320,1.374710,1.374740,1.374650,1.374730
1756459380,1.374710,1.374740,1.374710,1.374730
1756459440,1.374730,1.374850,1.374730,1.374820
1756459500,1.374840,1.374850,1.374790,1.374810
1756459560,1.374810,1.374880,1.374810,1.374860
1756459620,1.374870,1.374990,1.374860,1.374980
1756459680,1.374970,1.375000,1.374930,1.375000
1756459740,1.374990,1.375020,1.374960,1.375010
1756459800,1.375010,1.375040,1.375000,1.375000
1756459860,1.375000,1.375130,1.375000,1.375130
1756459920,1.375140,1.375250,1.375130,1.375220
1756459980,1.375220,1.375230,1.375170,1.375190
1756460040,1.375190,1.375400,1.375190,1.375390
1756460100,1.375390,1.375430,1.375310,1.375420
1756460160,1.375420,1.375540,1.375420,1.375450
1756460220,1.375450,1.375460,1.375310,1.375310
1756460280,1.375310,1.375320,1.375270,1.375280
1756460340,1.375270,1.375310,1.375210,1.375220
1756460400,1.375220,1.375410,1.375210,1.375400
1756460460,1.375400,1.375500,1.375400,1.375420
1756460520,1.375420,1.375490,1.375340,1.375480
1756460580,1.375470,1.375490,1.375400,1.375420
1756460640,1.375430,1.375450,1.375360,1.375360
1756460700,1.375380,1.375390,1.375310,1.375360
1756460760,1.375350,1.375450,1.375350,1.375450
1756460820,1.375430,1.375450,1.375360,1.375380
1756460880,1.375380,1.375420,1.375270,1.375280
1756460940,1.375230,1.375340,1.375220,1.375340
1756461000,1.375340,1.375400,1.375320,1.375400
1756461060,1.375400,1.375450,1.375310,1.375370
1756461120,1.375360,1.375380,1.375320,1.375350
1756461180,1.375330,1.375350,1.375320,1.375340
1756461240,1.375340,1.375440,1.375330,1.375440
1756461300,1.375440,1.375560,1.375440,1.375440
1756461360,1.375450,1.375550,1.375400,1.375530
1756461420,1.375530,1.375590,1.375470,1.375530
1756461480,1.375540,1.375550,1.375470,1.375480
1756461540,1.375480,1.375550,1.375460,1.375540
1756461600,1.375550,1.375630,1.375480,1.375480
1756461660,1.375480,1.375480,1.375320,1.375460
1756461720,1.375460,1.375470,1.375430,1.375450
1756461780,1.375460,1.375490,1.375410,1.375460
1756461840,1.375450,1.375450,1.375390,1.375410
1756461900,1.375430,1.375500,1.375420,1.375490
1756461960,1.375480,1.375640,1.375470,1.375590
1756462020,1.375580,1.375590,1.375520,1.375570
1756462080,1.375560,1.375640,1.375560,1.375630
1756462140,1.375620,1.375650,1.375620,1.375630
1756462200,1.375610,1.375640,1.375600,1.375610
1756462260,1.375620,1.375660,1.375450,1.375460
1756462320,1.375470,1.375570,1.375470,1.375570
1756462380,1.375540,1.375570,1.375510,1.375530
1756462440,1.375530,1.375600,1.375520,1.375550
1756462500,1.375530,1.375640,1.375520,1.375530
1756462560,1.375540,1.375560,1.375520,1.375540
1756462620,1.375530,1.375560,1.375400,1.375440
1756462680,1.375420,1.375460,1.375340,1.375380
1756462740,1.375380,1.375480,1.375360,1.375440
1756462800,1.375440,1.375450,1.375380,1.375400
1756462860,1.375400,1.375420,1.375330,1.375420
1756462920,1.375430,1.375470,1.375420,1.375430
1756462980,1.375440,1.375460,1.375420,1.375430
1756463040,1.375430,1.375460,1.375340,1.375350
1756463100,1.375340,1.375370,1.375250,1.375250
1756463160,1.375270,1.375330,1.375250,1.375290
1756463220,1.375280,1.375280,1.375190,1.375230
1756463280,1.375220,1.375240,1.375140,1.375160
1756463340,1.375140,1.375250,1.375140,1.375230
1756463400,1.375240,1.375240,1.375170,1.375180
1756463460,1.375190,1.375370,1.375190,1.375350
1756463520,1.375360,1.375450,1.375360,1.375450
1756463580,1.375450,1.375490,1.375430,1.375440
1756463640,1.375420,1.375430,1.375310,1.375340
1756463700,1.375340,1.375340,1.375310,1.375320
1756463760,1.375350,1.375440,1.375340,1.375390
1756463820,1.375390,1.375390,1.375280,1.375290
1756463880,1.375290,1.375330,1.375260,1.375270
1756463940,1.375290,1.375300,1.375210,1.375220
1756464000,1.375220,1.375250,1.375200,1.375240
1756464060,1.375230,1.375260,1.375170,1.375170
1756464120,1.375180,1.375190,1.375130,1.375130
1756464180,1.375140,1.375200,1.375100,1.375170
1756464240,1.375170,1.375240,1.375160,1.375220
1756464300,1.375220,1.375230,1.375160,1.375180
1756464360,1.375180,1.375190,1.375160,1.375180
1756464420,1.375170,1.375210,1.375140,1.375210
1756464480,1.375210,1.375210,1.375130,1.375160
1756464540,1.375160,1.375170,1.375070,1.375080
1756464600,1.375070,1.375080,1.375060,1.375060
1756464660,1.375070,1.375080,1.374980,1.375050
1756464720,1.375060,1.375110,1.375060,1.375110
1756464780,1.375100,1.375110,1.375060,1.375090
1756464840,1.375080,1.375090,1.374950,1.374950
1756464900,1.374940,1.375060,1.374890,1.375050
1756464960,1.375040,1.375160,1.375040,1.375140
1756465020,1.375140,1.375170,1.374990,1.375010
1756465080,1.375000,1.375030,1.374910,1.374940
1756465140,1.374950,1.374990,1.374910,1.374960
1756465200,1.374940,1.375020,1.374940,1.374970
1756465260,1.374950,1.374970,1.374880,1.374940
1756465320,1.374930,1.374970,1.374910,1.374960
1756465380,1.374970,1.374980,1.374890,1.374940
1756465440,1.374930,1.374990,1.374900,1.374990
1756465500,1.374980,1.374990,1.374890,1.374930
1756465560,1.374930,1.374990,1.374910,1.374920
1756465620,1.374910,1.374960,1.374910,1.374960
1756465680,1.374950,1.374970,1.374920,1.374960
1756465740,1.374950,1.374970,1.374920,1.374960
1756465800,1.374970,1.375020,1.374960,1.375000
1756465860,1.375000,1.375090,1.374920,1.375040
1756465920,1.375040,1.375190,1.374980,1.375180
1756465980,1.375170,1.375260,1.375160,1.375200
1756466040,1.375180,1.375190,1.375060,1.375070
1756466100,1.375030,1.375030,1.374970,1.375020
1756466160,1.375010,1.375050,1.374960,1.374970
1756466220,1.374970,1.374970,1.374790,1.374790
1756466280,1.374810,1.374820,1.374790,1.374820
1756466340,1.374810,1.374930,1.374810,1.374840
1756466400,1.374840,1.374900,1.374830,1.374900
1756466460,1.374890,1.374890,1.374850,1.374850
1756466520,1.374850,1.374910,1.374850,1.374890
1756466580,1.374880,1.374940,1.374850,1.374910
1756466640,1.374910,1.375030,1.374910,1.375000
1756466700,1.375000,1.375000,1.374930,1.375000
1756466760,1.375010,1.375080,1.374870,1.374910
1756466820,1.374910,1.374920,1.374820,1.374820
1756466880,1.374830,1.374840,1.374770,1.374810
1756466940,1.374810,1.374910,1.374810,1.374880
1756467000,1.374880,1.374920,1.374880,1.374890
1756467060,1.374910,1.374920,1.374900,1.374910
1756467120,1.374910,1.374910,1.374860,1.374880
1756467180,1.374910,1.375000,1.374910,1.374990
1756467240,1.374980,1.375010,1.374970,1.375010
1756467300,1.375010,1.375300,1.374980,1.375300
1756467360,1.375300,1.375310,1.375110,1.375110
1756467420,1.375110,1.375150,1.375090,1.375090
1756467480,1.375090,1.375130,1.375020,1.375020
1756467540,1.375030,1.375030,1.374980,1.374980
1756467600,1.374980,1.375000,1.374920,1.374920
1756467660,1.374920,1.374940,1.374920,1.374940
1756467720,1.374960,1.375010,1.374920,1.374920
1756467780,1.374920,1.375010,1.374920,1.375000
1756467840,1.375020,1.375030,1.374990,1.375010
1756467900,1.375010,1.375010,1.374910,1.374960
1756467960,1.374970,1.375030,1.374920,1.375010
1756468020,1.375000,1.375000,1.374920,1.374920
1756468080,1.374920,1.375010,1.374910,1.375000
1756468140,1.374980,1.374980,1.374920,1.374970
1756468200,1.374980,1.375020,1.374870,1.374870
1756468260,1.374870,1.374890,1.374840,1.374880
1756468320,1.374880,1.375020,1.374880,1.375000
1756468380,1.375000,1.375010,1.374980,1.375000
1756468440,1.375000,1.375110,1.375000,1.375070
1756468500,1.375080,1.375100,1.374980,1.375050
1756468560,1.375060,1.375080,1.375020,1.375080
1756468620,1.375080,1.375130,1.375070,1.375070
1756468680,1.375050,1.375180,1.375050,1.375140
1756468740,1.375140,1.375170,1.375100,1.375110
1756468800,1.375110,1.375150,1.375010,1.375010
1756468860,1.375010,1.375020,1.374980,1.374980
1756468920,1.374990,1.375030,1.374930,1.374950
1756468980,1.374940,1.375010,1.374890,1.374960
1756469040,1.374960,1.375060,1.374960,1.375060
1756469100,1.375070,1.375070,1.375000,1.375070
1756469160,1.375070,1.375080,1.375030,1.375060
1756469220,1.375070,1.375080,1.374990,1.374990
1756469280,1.374980,1.375020,1.374940,1.374960
1756469340,1.374970,1.375080,1.374960,1.375080
1756469400,1.375070,1.375210,1.375070,1.375190
1756469460,1.375180,1.375530,1.375150,1.375460
1756469520,1.375460,1.375470,1.375180,1.375180
1756469580,1.375180,1.375240,1.375060,1.375070
1756469640,1.375070,1.375080,1.374970,1.375010
1756469700,1.375010,1.375050,1.374960,1.374970
1756469760,1.374970,1.375000,1.374960,1.374990
1756469820,1.374990,1.375130,1.374990,1.375060
1756469880,1.375060,1.375100,1.375050,1.375070
1756469940,1.375060,1.375110,1.375000,1.375010
1756470000,1.375030,1.375060,1.374910,1.375040
1756470060,1.375030,1.375060,1.374910,1.374960
1756470120,1.374950,1.375020,1.374950,1.374990
1756470180,1.374980,1.374990,1.374890,1.374900
1756470240,1.374910,1.375020,1.374900,1.375010
1756470300,1.375000,1.375080,1.374990,1.375020
1756470360,1.375020,1.375190,1.375000,1.375190
1756470420,1.375180,1.375480,1.375170,1.375480
1756470480,1.375480,1.375540,1.375420,1.375530
1756470540,1.375530,1.375560,1.375300,1.375300
1756470600,1.375280,1.375980,1.375000,1.375780
1756470660,1.375820,1.377180,1.375820,1.376990
1756470720,1.376970,1.377870,1.376940,1.377770
1756470780,1.377770,1.377830,1.377220,1.377240
1756470840,1.377230,1.377370,1.376780,1.377290
1756470900,1.377280,1.377300,1.376640,1.376680
1756470960,1.376670,1.376910,1.376660,1.376790
1756471020,1.376770,1.376880,1.376650,1.376880
1756471080,1.376880,1.377260,1.376840,1.377090
1756471140,1.377090,1.377490,1.377060,1.377470
1756471200,1.377460,1.377520,1.377340,1.377390
1756471260,1.377400,1.377410,1.377100,1.377140
1756471320,1.377140,1.377610,1.377140,1.377560
1756471380,1.377530,1.377550,1.377240,1.377350
1756471440,1.377350,1.377450,1.377270,1.377270
1756471500,1.377280,1.377350,1.377080,1.377180
1756471560,1.377170,1.377240,1.376950,1.376950
1756471620,1.376950,1.377210,1.376950,1.377210
1756471680,1.377200,1.377640,1.377190,1.377640
1756471740,1.377630,1.377630,1.377270,1.377360
1756471800,1.377360,1.377450,1.377290,1.377360
1756471860,1.377350,1.377350,1.377040,1.377050
1756471920,1.377030,1.377270,1.376980,1.377200
1756471980,1.377210,1.377260,1.377080,1.377190
1756472040,1.377200,1.377320,1.377120,1.377210
1756472100,1.377200,1.377230,1.376980,1.377070
1756472160,1.377080,1.377260,1.377080,1.377180
1756472220,1.377180,1.377230,1.377090,1.377100
1756472280,1.377100,1.377150,1.376950,1.377110
1756472340,1.377130,1.377190,1.376880,1.376990
1756472400,1.376980,1.377020,1.376860,1.376990
1756472460,1.376980,1.377000,1.376660,1.376710
1756472520,1.376700,1.376730,1.376520,1.376570
1756472580,1.376590,1.376820,1.376590,1.376800
1756472640,1.376810,1.376960,1.376810,1.376920
1756472700,1.376910,1.377400,1.376910,1.377390
1756472760,1.377370,1.377650,1.377370,1.377630
1756472820,1.377640,1.377700,1.377590,1.377630
1756472880,1.377640,1.377840,1.377640,1.377820
1756472940,1.377830,1.377870,1.377750,1.377750
1756473000,1.377750,1.377830,1.377640,1.377670
1756473060,1.377660,1.377670,1.377480,1.377540
1756473120,1.377530,1.377540,1.377390,1.377410
1756473180,1.377420,1.377450,1.377370,1.377410
1756473240,1.377430,1.377530,1.377430,1.377510
1756473300,1.377510,1.377600,1.377470,1.377580
1756473360,1.377570,1.377580,1.377290,1.377440
1756473420,1.377430,1.377470,1.377350,1.377360
1756473480,1.377360,1.377540,1.377360,1.377540
1756473540,1.377540,1.377580,1.377360,1.377370
1756473600,1.377340,1.377490,1.377220,1.377450
1756473660,1.377460,1.377560,1.377440,1.377530
1756473720,1.377540,1.377540,1.377310,1.377320
1756473780,1.377310,1.377470,1.377300,1.377430
1756473840,1.377430,1.377470,1.377400,1.377450
1756473900,1.377430,1.377450,1.377360,1.377400
1756473960,1.377410,1.377500,1.377410,1.377430
1756474020,1.377420,1.377450,1.377390,1.377400
1756474080,1.377400,1.377440,1.377160,1.377280
1756474140,1.377310,1.377390,1.377150,1.377160
1756474200,1.377170,1.377360,1.377020,1.377230
1756474260,1.377270,1.377340,1.377070,1.377120
1756474320,1.377100,1.377150,1.376760,1.376800
1756474380,1.376790,1.377020,1.376540,1.376590
1756474440,1.376590,1.376710,1.376550,1.376580
1756474500,1.376580,1.376930,1.376580,1.376900
1756474560,1.376910,1.376920,1.376670,1.376750
1756474620,1.376740,1.376790,1.376670,1.376680
1756474680,1.376690,1.376810,1.376420,1.376420
1756474740,1.376410,1.376420,1.376290,1.376290
1756474800,1.376290,1.376300,1.375770,1.375820
1756474860,1.375880,1.376050,1.375670,1.375960
1756474920,1.375950,1.376240,1.375920,1.376240
1756474980,1.376260,1.376260,1.375810,1.375900
1756475040,1.375910,1.376030,1.375710,1.375720
1756475100,1.375730,1.375870,1.375500,1.375710
1756475160,1.375720,1.376040,1.375660,1.376030
1756475220,1.376040,1.376170,1.375960,1.376170
1756475280,1.376140,1.376220,1.375970,1.376050
1756475340,1.376070,1.376110,1.376010,1.376050
1756475400,1.376040,1.376190,1.376040,1.376040
1756475460,1.376030,1.376030,1.375630,1.375840
1756475520,1.375820,1.376130,1.375660,1.376110
1756475580,1.376110,1.376190,1.376000,1.376110
1756475640,1.376130,1.376370,1.376060,1.376360
1756475700,1.376360,1.376360,1.375820,1.375820
1756475760,1.375810,1.376120,1.375780,1.376120
1756475820,1.376130,1.376160,1.375980,1.376000
1756475880,1.376000,1.376160,1.375960,1.376040
1756475940,1.376070,1.376240,1.376070,1.376180
1756476000,1.376180,1.376180,1.375780,1.375840
1756476060,1.375830,1.375840,1.375400,1.375440
1756476120,1.375450,1.375490,1.375230,1.375350
1756476180,1.375350,1.375560,1.375270,1.375330
1756476240,1.375330,1.375490,1.375160,1.375160
1756476300,1.375160,1.375280,1.374860,1.375280
1756476360,1.375270,1.375540,1.375230,1.375460
1756476420,1.375460,1.375550,1.374960,1.374960
1756476480,1.374960,1.375270,1.374960,1.375050
1756476540,1.375050,1.375080,1.374900,1.374990
1756476600,1.375000,1.375000,1.374690,1.374690
1756476660,1.374700,1.375000,1.374700,1.374990
1756476720,1.374990,1.375000,1.374770,1.374810
1756476780,1.374820,1.374860,1.374480,1.374540
1756476840,1.374510,1.374710,1.374420,1.374710
1756476900,1.374730,1.374810,1.374500,1.374510
1756476960,1.374510,1.374520,1.374100,1.374140
1756477020,1.374130,1.374490,1.374130,1.374470
1756477080,1.374460,1.374730,1.374430,1.374640
1756477140,1.374640,1.374750,1.374500,1.374520
1756477200,1.374530,1.374530,1.374350,1.374420
1756477260,1.374420,1.374420,1.374220,1.374240
1756477320,1.374240,1.374250,1.374030,1.374070
1756477380,1.374100,1.374110,1.374040,1.374050
1756477440,1.374080,1.374160,1.374040,1.374100
1756477500,1.374110,1.374160,1.373930,1.373950
1756477560,1.373950,1.373950,1.373620,1.373680
1756477620,1.373690,1.373750,1.373420,1.373430
1756477680,1.373420,1.373460,1.373270,1.373340
1756477740,1.373340,1.373570,1.373340,1.373350
1756477800,1.373350,1.373470,1.373170,1.373250
1756477860,1.373230,1.373280,1.373100,1.373260
1756477920,1.373270,1.373270,1.373090,1.373210
1756477980,1.373210,1.373370,1.373130,1.373370
1756478040,1.373360,1.373360,1.373160,1.373310
1756478100,1.373310,1.373410,1.373220,1.373390
1756478160,1.373380,1.373540,1.373310,1.373450
1756478220,1.373440,1.373500,1.373380,1.373430
1756478280,1.373440,1.373690,1.373370,1.373570
1756478340,1.373580,1.373620,1.373340,1.373410
1756478400,1.373420,1.373520,1.373400,1.373480
1756478460,1.373490,1.373590,1.373460,1.373570
1756478520,1.373570,1.373660,1.373310,1.373450
1756478580,1.373440,1.373630,1.373370,1.373460
1756478640,1.373480,1.373550,1.373420,1.373540
1756478700,1.373520,1.373590,1.373460,1.373560
1756478760,1.373570,1.373590,1.373390,1.373410
1756478820,1.373420,1.373470,1.373290,1.373380
1756478880,1.373380,1.373530,1.373370,1.373520
1756478940,1.373520,1.373640,1.373460,1.373570
1756479000,1.373590,1.373770,1.373570,1.373750
1756479060,1.373740,1.374140,1.373660,1.374100
1756479120,1.374080,1.374250,1.373940,1.373950
1756479180,1.373950,1.373950,1.373630,1.373730
1756479240,1.373730,1.373770,1.373680,1.373720
1756479300,1.373720,1.373730,1.373270,1.373270
1756479360,1.373290,1.373460,1.373250,1.373270
1756479420,1.373260,1.373390,1.372940,1.372940
1756479480,1.372920,1.372950,1.372720,1.372890
1756479540,1.372880,1.372940,1.372800,1.372900
1756479600,1.372950,1.373030,1.372820,1.372820
1756479660,1.372820,1.373000,1.372790,1.372800
1756479720,1.372800,1.373100,1.372700,1.373080
1756479780,1.373070,1.373410,1.373040,1.373370
1756479840,1.373380,1.373380,1.373190,1.373330
1756479900,1.373330,1.373390,1.373270,1.373300
1756479960,1.373290,1.373400,1.373190,1.373300
1756480020,1.373300,1.373310,1.373220,1.373280
1756480080,1.373290,1.373550,1.373280,1.373520
1756480140,1.373520,1.373640,1.373510,1.373520
1756480200,1.373500,1.373510,1.373450,1.373510
1756480260,1.373520,1.373780,1.373510,1.373770
1756480320,1.373760,1.373810,1.373590,1.373590
1756480380,1.373590,1.373820,1.373590,1.373650
1756480440,1.373650,1.373770,1.373570,1.373760
1756480500,1.373760,1.373790,1.373690,1.373700
1756480560,1.373700,1.373780,1.373630,1.373770
1756480620,1.373760,1.373890,1.373760,1.373840
1756480680,1.373830,1.373900,1.373830,1.373860
1756480740,1.373860,1.373980,1.373670,1.373960
1756480800,1.373960,1.373990,1.373760,1.373780
1756480860,1.373860,1.373870,1.373570,1.373570
1756480920,1.373560,1.373670,1.373510,1.373610
1756480980,1.373600,1.373790,1.373600,1.373750
1756481040,1.373750,1.373910,1.373720,1.373740
1756481100,1.373740,1.373890,1.373740,1.373760
1756481160,1.373770,1.373850,1.373680,1.373690
1756481220,1.373680,1.373860,1.373680,1.373850
1756481280,1.373860,1.373870,1.373720,1.373830
1756481340,1.373840,1.373860,1.373740,1.373780
1756481400,1.373770,1.373770,1.373650,1.373760
1756481460,1.373740,1.373750,1.373660,1.373670
1756481520,1.373710,1.373720,1.373610,1.373670
1756481580,1.373660,1.373720,1.373560,1.373560
1756481640,1.373560,1.373570,1.373390,1.373440
1756481700,1.373450,1.373510,1.373360,1.373480
1756481760,1.373480,1.373490,1.373410,1.373420
1756481820,1.373410,1.373420,1.373110,1.373170
1756481880,1.373150,1.373150,1.372950,1.372980
1756481940,1.372980,1.373000,1.372860,1.372920
1756482000,1.372910,1.373090,1.372870,1.372990
1756482060,1.373000,1.373070,1.372910,1.372910
1756482120,1.372890,1.372970,1.372760,1.372960
1756482180,1.372970,1.373110,1.372940,1.373050
1756482240,1.373060,1.373100,1.372910,1.372920
1756482300,1.372970,1.373010,1.372830,1.373000
1756482360,1.373000,1.373100,1.372940,1.373090
1756482420,1.373100,1.373170,1.373100,1.373110
1756482480,1.373110,1.373150,1.373040,1.373150
1756482540,1.373150,1.373190,1.373110,1.373180
1756482600,1.373180,1.373180,1.372910,1.372920
1756482660,1.372920,1.372950,1.372810,1.372920
1756482720,1.372930,1.372970,1.372870,1.372930
1756482780,1.372930,1.372950,1.372880,1.372930
1756482840,1.372940,1.372940,1.372680,1.372740
1756482900,1.372740,1.372850,1.372720,1.372730
1756482960,1.372730,1.372840,1.372730,1.372840
1756483020,1.372830,1.372830,1.372690,1.372720
1756483080,1.372710,1.372810,1.372690,1.372800
1756483140,1.372810,1.372900,1.372790,1.372810
1756483200,1.372790,1.372880,1.372780,1.372860
1756483260,1.372870,1.372890,1.372810,1.372890
1756483320,1.372900,1.372950,1.372860,1.372920
1756483380,1.372940,1.373000,1.372900,1.372990
1756483440,1.372960,1.372970,1.372890,1.372890
1756483500,1.372900,1.373010,1.372900,1.373010
1756483560,1.372980,1.373010,1.372820,1.372830
1756483620,1.372860,1.372860,1.372720,1.372740
1756483680,1.372720,1.372760,1.372620,1.372660
1756483740,1.372690,1.372940,1.372670,1.372930
1756483800,1.372930,1.373030,1.372840,1.373030
1756483860,1.373020,1.373130,1.372960,1.373130
1756483920,1.373140,1.373210,1.373090,1.373210
1756483980,1.373230,1.373330,1.373230,1.373290
1756484040,1.373290,1.373290,1.373180,1.373220
1756484100,1.373250,1.373280,1.373090,1.373090
1756484160,1.373080,1.373230,1.373080,1.373210
1756484220,1.373210,1.373210,1.373110,1.373140
1756484280,1.373140,1.373180,1.373120,1.373170
1756484340,1.373170,1.373330,1.373170,1.373320
1756484400,1.373320,1.373340,1.372990,1.373020
1756484460,1.373030,1.373040,1.372990,1.373040
1756484520,1.373040,1.373080,1.372860,1.372860
1756484580,1.372850,1.372920,1.372830,1.372890
1756484640,1.372880,1.372900,1.372750,1.372750
1756484700,1.372750,1.372960,1.372720,1.372940
1756484760,1.372930,1.372960,1.372920,1.372950
1756484820,1.372940,1.373150,1.372940,1.373130
1756484880,1.373110,1.373270,1.373110,1.373210
1756484940,1.373210,1.373310,1.373210,1.373250
1756485000,1.373250,1.373290,1.373230,1.373250
1756485060,1.373260,1.373320,1.373240,1.373310
1756485120,1.373310,1.373390,1.373300,1.373380
1756485180,1.373370,1.373380,1.373220,1.373220
1756485240,1.373240,1.373240,1.373130,1.373130
1756485300,1.373140,1.373220,1.373140,1.373140
1756485360,1.373160,1.373330,1.373160,1.373330
1756485420,1.373330,1.373330,1.373230,1.373320
1756485480,1.373310,1.373330,1.373230,1.373310
1756485540,1.373290,1.373290,1.373210,1.373230
1756485600,1.373220,1.373320,1.373220,1.373300
1756485660,1.373310,1.373410,1.373290,1.373410
1756485720,1.373410,1.373420,1.373400,1.373420
1756485780,1.373420,1.373500,1.373400,1.373440
1756485840,1.373420,1.373420,1.373390,1.373410
1756485900,1.373410,1.373410,1.373310,1.373330
1756485960,1.373320,1.373390,1.373290,1.373380
1756486020,1.373370,1.373480,1.373370,1.373460
1756486080,1.373460,1.373460,1.373380,1.373410
1756486140,1.373410,1.373490,1.373390,1.373480
1756486200,1.373490,1.373510,1.373430,1.373490
1756486260,1.373490,1.373500,1.373440,1.373480
1756486320,1.373480,1.373500,1.373480,1.373500
1756486380,1.373510,1.373520,1.373430,1.373430
1756486440,1.373440,1.373440,1.373290,1.373290
1756486500,1.373290,1.373310,1.373180,1.373300
1756486560,1.373310,1.373330,1.373240,1.373320
1756486620,1.373330,1.373350,1.373320,1.373320
1756486680,1.373320,1.373320,1.373080,1.373110
1756486740,1.373100,1.373150,1.373090,1.373110
1756486800,1.373120,1.373400,1.373120,1.373400
1756486860,1.373390,1.373410,1.373370,1.373390
1756486920,1.373380,1.373380,1.373280,1.373320
1756486980,1.373310,1.373350,1.373300,1.373310
1756487040,1.373310,1.373400,1.373180,1.373390
1756487100,1.373400,1.373430,1.373320,1.373320
1756487160,1.373320,1.373330,1.373300,1.373320
1756487220,1.373320,1.373390,1.373300,1.373300
1756487280,1.373290,1.373290,1.373210,1.373270
1756487340,1.373280,1.373300,1.373250,1.373260
1756487400,1.373260,1.373400,1.373250,1.373400
1756487460,1.373400,1.373530,1.373390,1.373500
1756487520,1.373500,1.373530,1.373490,1.373520
1756487580,1.373510,1.373540,1.373510,1.373510
1756487640,1.373510,1.373510,1.373440,1.373470
1756487700,1.373480,1.373580,1.373470,1.373580
1756487760,1.373610,1.373660,1.373600,1.373610
1756487820,1.373610,1.373610,1.373380,1.373470
1756487880,1.373450,1.373470,1.373410,1.373420
1756487940,1.373420,1.373470,1.373400,1.373400
1756488000,1.373400,1.373400,1.373310,1.373390
1756488060,1.373390,1.373400,1.373320,1.373320
1756488120,1.373340,1.373370,1.373310,1.373370
1756488180,1.373380,1.373420,1.373360,1.373400
1756488240,1.373390,1.373420,1.373390,1.373420
1756488300,1.373420,1.373580,1.373420,1.373580
1756488360,1.373580,1.373590,1.373500,1.373520
1756488420,1.373520,1.373520,1.373490,1.373490
1756488480,1.373490,1.373500,1.373390,1.373410
1756488540,1.373390,1.373500,1.373380,1.373480
1756488600,1.373480,1.373490,1.373410,1.373420
1756488660,1.373410,1.373440,1.373390,1.373420
1756488720,1.373410,1.373410,1.373310,1.373320
1756488780,1.373340,1.373400,1.373340,1.373380
1756488840,1.373370,1.373370,1.373280,1.373280
1756488900,1.373280,1.373390,1.373280,1.373380
1756488960,1.373370,1.373370,1.373300,1.373310
1756489020,1.373320,1.373490,1.373300,1.373300
1756489080,1.373300,1.373310,1.373190,1.373230
1756489140,1.373240,1.373240,1.373210,1.373220
1756489200,1.373230,1.373310,1.373170,1.373290
1756489260,1.373280,1.373320,1.373280,1.373310
1756489320,1.373330,1.373400,1.373320,1.373330
1756489380,1.373330,1.373330,1.373310,1.373310
1756489440,1.373330,1.373330,1.373260,1.373310
1756489500,1.373300,1.373420,1.373280,1.373330
1756489560,1.373330,1.373380,1.373310,1.373310
1756489620,1.373310,1.373360,1.373290,1.373330
1756489680,1.373340,1.373340,1.373160,1.373190
1756489740,1.373200,1.373390,1.373200,1.373320
1756489800,1.373330,1.373330,1.373310,1.373310
1756489860,1.373320,1.373320,1.373290,1.373300
1756489920,1.373290,1.373290,1.373220,1.373220
1756489980,1.373240,1.373280,1.373220,1.373230
1756490040,1.373250,1.373370,1.373250,1.373300
1756490100,1.373290,1.373380,1.373280,1.373370
1756490160,1.373370,1.373410,1.373360,1.373410
1756490220,1.373410,1.373450,1.373390,1.373420
1756490280,1.373410,1.373460,1.373400,1.373420
1756490340,1.373430,1.373430,1.373290,1.373290
1756490400,1.373280,1.373280,1.373110,1.373140
1756490460,1.373140,1.373270,1.373110,1.373220
1756490520,1.373210,1.373210,1.373040,1.373040
1756490580,1.373030,1.373110,1.373030,1.373110
1756490640,1.373120,1.373190,1.373120,1.373140
1756490700,1.373150,1.373230,1.373150,1.373210
1756490760,1.373210,1.373230,1.373200,1.373220
1756490820,1.373260,1.373290,1.373260,1.373280
1756490880,1.373290,1.373300,1.373240,1.373270
1756490940,1.373280,1.373290,1.373180,1.373200
1756491000,1.373190,1.373280,1.373190,1.373270
1756491060,1.373270,1.373320,1.373260,1.373290
1756491120,1.373290,1.373370,1.373270,1.373370
1756491180,1.373380,1.373480,1.373360,1.373390
1756491240,1.373390,1.373410,1.373370,1.373370
1756491300,1.373360,1.373390,1.373350,1.373380
1756491360,1.373400,1.373400,1.373370,1.373380
1756491420,1.373400,1.373510,1.373390,1.373490
1756491480,1.373500,1.373600,1.373480,1.373590
1756491540,1.373590,1.373620,1.373560,1.373620
1756491600,1.373600,1.373610,1.373560,1.373570
1756491660,1.373620,1.373670,1.373550,1.373570
1756491720,1.373570,1.373570,1.373550,1.373560
1756491780,1.373570,1.373620,1.373480,1.373480
1756491840,1.373490,1.373540,1.373390,1.373400
1756491900,1.373390,1.373400,1.373290,1.373360
1756491960,1.373360,1.373560,1.373340,1.373560
1756492020,1.373570,1.373640,1.373460,1.373610
1756492080,1.373590,1.373680,1.373570,1.373640
1756492140,1.373660,1.373660,1.373640,1.373650
1756492200,1.373660,1.373670,1.373560,1.373580
1756492260,1.373570,1.373570,1.373510,1.373530
1756492320,1.373530,1.373530,1.373410,1.373420
1756492380,1.373400,1.373400,1.373380,1.373390
1756492440,1.373380,1.373380,1.373300,1.373330
1756492500,1.373340,1.373360,1.373200,1.373210
1756492560,1.373220,1.373300,1.373220,1.373290
1756492620,1.373280,1.373310,1.373280,1.373290
1756492680,1.373290,1.373350,1.373290,1.373320
1756492740,1.373320,1.373380,1.373310,1.373310
1756492800,1.373320,1.373410,1.373320,1.373350
1756492860,1.373350,1.373350,1.373290,1.373300
1756492920,1.373290,1.373400,1.373290,1.373400
1756492980,1.373390,1.373410,1.373380,1.373390
1756493040,1.373390,1.373400,1.373390,1.373390
1756493100,1.373410,1.373420,1.373390,1.373390
1756493160,1.373390,1.373410,1.373390,1.373390
1756493220,1.373380,1.373380,1.373200,1.373200
1756493280,1.373210,1.373210,1.373090,1.373090
1756493340,1.373090,1.373220,1.373090,1.373220
1756493400,1.373200,1.373200,1.373100,1.373150
1756493460,1.373140,1.373200,1.373140,1.373180
1756493520,1.373180,1.373180,1.373010,1.373050
1756493580,1.373050,1.373120,1.373020,1.373120
1756493640,1.373120,1.373120,1.373040,1.373080
1756493700,1.373080,1.373080,1.372960,1.373000
1756493760,1.373000,1.373010,1.372920,1.372920
1756493820,1.372930,1.372940,1.372750,1.372750
1756493880,1.372760,1.372840,1.372710,1.372720
1756493940,1.372740,1.372780,1.372720,1.372730
1756494000,1.372740,1.372850,1.372730,1.372830
1756494060,1.372850,1.373020,1.372810,1.373020
1756494120,1.373030,1.373130,1.373010,1.373130
1756494180,1.373110,1.373220,1.373110,1.373210
1756494240,1.373220,1.373300,1.373220,1.373230
1756494300,1.373220,1.373230,1.373210,1.373230
1756494360,1.373240,1.373260,1.373120,1.373140
1756494420,1.373150,1.373160,1.373110,1.373130
1756494480,1.373110,1.373160,1.373080,1.373140
1756494540,1.373190,1.373220,1.373170,1.373190
1756494600,1.373190,1.373310,1.373190,1.373300
1756494660,1.373290,1.373420,1.373290,1.373410
1756494720,1.373410,1.373430,1.373340,1.373380
1756494780,1.373370,1.373410,1.373370,1.373410
1756494840,1.373410,1.373440,1.373400,1.373410
1756494900,1.373410,1.373420,1.373390,1.373420
1756494960,1.373430,1.373430,1.373400,1.373400
1756495020,1.373400,1.373430,1.373390,1.373430
1756495080,1.373420,1.373480,1.373420,1.373470
1756495140,1.373490,1.373610,1.373470,1.373600
1756495200,1.373610,1.373680,1.373570,1.373580
1756495260,1.373580,1.373580,1.373410,1.373490
1756495320,1.373500,1.373500,1.373380,1.373400
1756495380,1.373410,1.373490,1.373400,1.373410
1756495440,1.373440,1.373470,1.373380,1.373380
1756495500,1.373380,1.373480,1.373380,1.373420
1756495560,1.373400,1.373430,1.373390,1.373410
1756495620,1.373410,1.373410,1.373400,1.373410
1756495680,1.373410,1.373410,1.373410,1.373410
1756495740,1.373390,1.373400,1.373330,1.373350
1756495800,1.373340,1.373340,1.373280,1.373300
1756495860,1.373290,1.373290,1.373190,1.373260
1756495920,1.373250,1.373270,1.373190,1.373230
1756495980,1.373220,1.373220,1.373200,1.373210
1756496040,1.373190,1.373220,1.373190,1.373200
1756496100,1.373220,1.373280,1.373190,1.373280
1756496160,1.373290,1.373290,1.373170,1.373170
1756496220,1.373170,1.373200,1.373160,1.373160
1756496280,1.373170,1.373190,1.373070,1.373090
1756496340,1.373080,1.373100,1.373070,1.373100
1756496400,1.373090,1.373100,1.372900,1.372900
1756496460,1.372910,1.373010,1.372890,1.372930
1756496520,1.372950,1.372950,1.372890,1.372920
1756496580,1.372930,1.372950,1.372810,1.372810
1756496640,1.372800,1.372800,1.372720,1.372760
1756496700,1.372750,1.372780,1.372730,1.372750
1756496760,1.372810,1.372830,1.372730,1.372730
1756496820,1.372730,1.372840,1.372730,1.372750
1756496880,1.372740,1.372840,1.372730,1.372830
1756496940,1.372830,1.372920,1.372830,1.372880
1756497000,1.372860,1.373000,1.372860,1.372980
1756497060,1.373000,1.373110,1.373000,1.373040
1756497120,1.373040,1.373070,1.373010,1.373050
1756497180,1.373060,1.373110,1.373040,1.373040
1756497240,1.373020,1.373110,1.373010,1.373100
1756497300,1.373120,1.373260,1.373090,1.373090
1756497360,1.373100,1.373170,1.373070,1.373130
1756497420,1.373140,1.373320,1.373140,1.373240
1756497480,1.373230,1.373360,1.373160,1.373340
1756497540,1.373330,1.373340,1.373160,1.373330
1756497600,1.373310,1.373330,1.373120,1.373310
1756497660,1.373310,1.373340,1.373290,1.373320
1756497720,1.373310,1.373310,1.373090,1.373130
1756497780,1.373130,1.373260,1.373130,1.373190
1756497840,1.373200,1.373300,1.373200,1.373300
1756497900,1.373290,1.373440,1.373290,1.373440
1756497960,1.373450,1.373490,1.373450,1.373480
1756498020,1.373470,1.373470,1.373390,1.373430
1756498080,1.373430,1.373450,1.373390,1.373400
1756498140,1.373410,1.373540,1.373400,1.373540
1756498200,1.373530,1.373690,1.373530,1.373680
1756498260,1.373670,1.373730,1.373670,1.373720
1756498320,1.373720,1.373860,1.373720,1.373810
1756498380,1.373810,1.373810,1.373700,1.373700
1756498440,1.373700,1.373700,1.373660,1.373670
1756498500,1.373660,1.373680,1.373610,1.373680
1756498560,1.373670,1.373880,1.373660,1.373870
1756498620,1.373880,1.373900,1.373880,1.373890
1756498680,1.373880,1.373920,1.373820,1.373920
1756498740,1.373930,1.374010,1.373920,1.374010
1756498800,1.374000,1.374000,1.373720,1.373850
1756498860,1.373850,1.373850,1.373830,1.373850
1756498920,1.373850,1.373860,1.373830,1.373860
1756498980,1.373850,1.373850,1.373840,1.373840
1756499040,1.373840,1.373880,1.373840,1.373880
1756499100,1.373870,1.374020,1.373870,1.374000
1756499160,1.374000,1.374040,1.373950,1.374030
1756499220,1.374020,1.374030,1.373990,1.373990
1756499280,1.374010,1.374150,1.374000,1.374070
1756499340,1.374040,1.374060,1.374000,1.374060
1756499400,1.374050,1.374200,1.374050,1.374150
1756499460,1.374170,1.374230,1.374160,1.374220
1756499520,1.374220,1.374250,1.374220,1.374230
1756499580,1.374260,1.374410,1.374250,1.374380
1756499640,1.374380,1.374450,1.374370,1.374450
1756499700,1.374460,1.374610,1.374440,1.374600
1756499760,1.374620,1.374620,1.374540,1.374550
1756499820,1.374530,1.374530,1.374350,1.374360
1756499880,1.374360,1.374380,1.374320,1.374320
1756499940,1.374310,1.374310,1.374010,1.374030
1756500000,1.374010,1.374020,1.373810,1.373820
1756500060,1.373810,1.373820,1.373710,1.373750
1756500120,1.373740,1.373850,1.373660,1.373660
1756500180,1.373630,1.373680,1.373620,1.373660
1756500240,1.373770,1.373830,1.373630,1.373630
1756500300,1.373620,1.373640,1.373610,1.373640
1756500360,1.373640,1.373740,1.373610,1.373620
1756500420,1.373630,1.373850,1.373620,1.373760
1756500480,1.373750,1.374080,1.373750,1.374050
1756500540,1.374040,1.374130,1.373990,1.374020
1756500600,1.374020,1.374020,1.373810,1.373860
1756500660,1.373880,1.374040,1.373880,1.374010
1756500720,1.374020,1.374020,1.373820,1.373850
1756500780,1.373880,1.373880,1.373700,1.373710
1756500840,1.373670,1.373760,1.373640,1.373730
1756500900,1.373730,1.373740,1.373600,1.373630
1756500960,1.373630,1.373710,1.373450,1.373550
1756501020,1.373550,1.374010,1.373550,1.373970
1756501080,1.373930,1.374300,1.373910,1.374240
1756501140,1.374190,1.374260,1.374030,1.374070
