time,open,high,low,close
1245211200,1.641400,1.641400,1.640800,1.641100
1245211260,1.641100,1.642100,1.641100,1.641900
1245211320,1.641900,1.642000,1.641900,1.641900
1245211380,1.641900,1.642100,1.641900,1.642100
1245211440,1.642000,1.642100,1.641900,1.642100
1245211500,1.641900,1.642200,1.641800,1.642100
1245211560,1.642100,1.642100,1.641900,1.641900
1245211620,1.641800,1.642300,1.641800,1.642300
1245211680,1.642300,1.642700,1.642300,1.642700
1245211740,1.642800,1.643700,1.642700,1.643200
1245211800,1.643100,1.643500,1.643000,1.643100
1245211860,1.643200,1.643200,1.642700,1.642800
1245211920,1.643000,1.643000,1.642600,1.642600
1245211980,1.642600,1.642800,1.642100,1.642700
1245212040,1.642700,1.642700,1.642600,1.642600
1245212100,1.642600,1.642600,1.642300,1.642300
1245212160,1.642200,1.642500,1.642200,1.642500
1245212220,1.642400,1.642400,1.642200,1.642200
1245212280,1.642200,1.642400,1.641900,1.641900
1245212340,1.641900,1.641900,1.641700,1.641700
1245212400,1.641700,1.641700,1.641600,1.641600
1245212460,1.641500,1.641500,1.641300,1.641400
1245212520,1.641400,1.642100,1.641400,1.642000
1245212580,1.642100,1.642100,1.641900,1.641900
1245212640,1.641800,1.641900,1.641800,1.641800
1245212700,1.641900,1.642100,1.641900,1.641900
1245212760,1.642000,1.642100,1.641900,1.641900
1245212820,1.641900,1.642100,1.641900,1.642100
1245212880,1.642100,1.642300,1.642100,1.642100
1245212940,1.642300,1.642500,1.642300,1.642500
1245213000,1.642600,1.643300,1.642500,1.643100
1245213060,1.643300,1.643300,1.642700,1.642700
1245213120,1.642700,1.642700,1.641500,1.642200
1245213180,1.642100,1.642200,1.642000,1.642200
1245213240,1.642100,1.642100,1.641600,1.641600
1245213300,1.641600,1.641600,1.641400,1.641600
1245213360,1.641600,1.641700,1.641400,1.641700
1245213420,1.641700,1.641800,1.641400,1.641400
1245213480,1.641400,1.641400,1.641100,1.641100
1245213540,1.641200,1.641600,1.641200,1.641400
1245213600,1.641400,1.641400,1.641300,1.641300
1245213660,1.641300,1.641500,1.641000,1.641100
1245213720,1.641100,1.641400,1.641000,1.641400
1245213780,1.641300,1.641300,1.640800,1.640900
1245213840,1.640900,1.641100,1.640700,1.640900
1245213900,1.640900,1.641200,1.640900,1.641200
1245213960,1.641100,1.641300,1.641100,1.641200
1245214020,1.641100,1.641100,1.640900,1.641100
1245214140,1.641000,1.641200,1.641000,1.641100
1245214200,1.641200,1.641200,1.641000,1.641100
1245214260,1.641100,1.641100,1.641100,1.641100
1245214320,1.641100,1.641200,1.641000,1.641100
1245214380,1.641100,1.641200,1.640700,1.640900
1245214440,1.641000,1.641000,1.640700,1.640900
1245214500,1.640800,1.640900,1.640600,1.640700
1245214560,1.640700,1.640700,1.640700,1.640700
1245214620,1.640700,1.640900,1.640600,1.640600
1245214680,1.640500,1.640500,1.640200,1.640200
1245214740,1.640200,1.640400,1.640100,1.640400
1245214800,1.640300,1.640400,1.640300,1.640400
1245214860,1.640500,1.640700,1.640500,1.640600
1245214920,1.640600,1.640600,1.640000,1.640000
1245214980,1.640100,1.640200,1.640000,1.640000
1245215040,1.640000,1.640100,1.640000,1.640000
1245215100,1.639900,1.640100,1.639700,1.639800
1245215160,1.639900,1.640300,1.639900,1.640200
1245215220,1.640200,1.640400,1.640100,1.640300
1245215280,1.640200,1.640400,1.640100,1.640200
1245215340,1.640200,1.640200,1.640100,1.640100
1245215400,1.640200,1.640400,1.640100,1.640300
1245215460,1.640400,1.640400,1.640400,1.640400
1245215520,1.640400,1.640600,1.640400,1.640500
1245215580,1.640600,1.640900,1.640600,1.640900
1245215640,1.640900,1.641800,1.640900,1.641700
1245215700,1.641600,1.641700,1.641600,1.641700
1245215760,1.641700,1.641700,1.641500,1.641500
1245215820,1.641400,1.641400,1.641400,1.641400
1245215880,1.641400,1.641400,1.641200,1.641400
1245215940,1.641100,1.641500,1.641100,1.641300
1245216000,1.641200,1.641200,1.641100,1.641100
1245216060,1.641100,1.641400,1.641100,1.641400
1245216120,1.641400,1.641600,1.641400,1.641400
1245216180,1.641500,1.641500,1.641400,1.641500
1245216240,1.641400,1.641400,1.641400,1.641400
1245216300,1.641500,1.641700,1.641500,1.641700
1245216360,1.641700,1.641800,1.641700,1.641700
1245216420,1.641800,1.642600,1.641700,1.642600
1245216480,1.642600,1.642800,1.642500,1.642700
1245216540,1.642700,1.643700,1.642700,1.643700
1245216600,1.643700,1.644200,1.643700,1.644000
1245216660,1.643900,1.644300,1.643500,1.644100
1245216720,1.644100,1.644100,1.642700,1.642700
1245216780,1.642800,1.643500,1.642500,1.643400
1245216840,1.643500,1.643600,1.643500,1.643500
1245216900,1.643600,1.643600,1.643400,1.643500
1245216960,1.643500,1.643500,1.643200,1.643200
1245217020,1.643100,1.643300,1.643100,1.643200
1245217080,1.643200,1.643600,1.643200,1.643300
1245217140,1.643400,1.643600,1.643200,1.643600
1245217200,1.643700,1.644700,1.643500,1.644000
1245217260,1.644400,1.644600,1.644100,1.644300
1245217320,1.644300,1.645100,1.644300,1.644300
1245217380,1.644300,1.644300,1.643900,1.644000
1245217440,1.644400,1.644400,1.643900,1.644000
1245217500,1.644100,1.644300,1.644000,1.644000
1245217560,1.644000,1.644100,1.644000,1.644000
1245217620,1.644000,1.644000,1.643900,1.644000
1245217680,1.643900,1.644000,1.643600,1.643800
1245217740,1.643800,1.643800,1.643400,1.643400
1245217800,1.643300,1.643700,1.643200,1.643700
1245217860,1.643700,1.643700,1.643600,1.643600
1245217920,1.643600,1.643800,1.643600,1.643600
1245217980,1.643500,1.643800,1.643500,1.643800
1245218040,1.643800,1.643800,1.643700,1.643700
1245218100,1.643700,1.643900,1.643500,1.643500
1245218160,1.643600,1.643900,1.643500,1.643800
1245218220,1.643800,1.644100,1.643800,1.643800
1245218280,1.643700,1.643900,1.643700,1.643700
1245218340,1.643800,1.644000,1.643400,1.643500
1245218400,1.643500,1.643700,1.642900,1.642900
1245218460,1.642800,1.642900,1.642500,1.642600
1245218520,1.642500,1.642900,1.642500,1.642600
1245218580,1.642500,1.642700,1.642400,1.642400
1245218640,1.642300,1.642500,1.642300,1.642500
1245218700,1.642600,1.643000,1.642600,1.643000
1245218760,1.642900,1.643600,1.642900,1.643400
1245218820,1.643300,1.643600,1.643300,1.643400
1245218880,1.643300,1.643400,1.643300,1.643300
1245218940,1.643300,1.643800,1.643200,1.643700
1245219000,1.643600,1.643700,1.643600,1.643700
1245219060,1.643800,1.644300,1.643800,1.644300
1245219120,1.644200,1.644500,1.644200,1.644400
1245219180,1.644400,1.645500,1.644400,1.644700
1245219240,1.644700,1.644700,1.644600,1.644700
1245219300,1.644800,1.645000,1.644800,1.644900
1245219360,1.645000,1.645100,1.644900,1.645100
1245219420,1.645100,1.645300,1.645000,1.645000
1245219480,1.645100,1.645300,1.645000,1.645200
1245219540,1.645300,1.645300,1.644900,1.644900
1245219600,1.644900,1.644900,1.644800,1.644900
1245219660,1.644900,1.645900,1.644900,1.645800
1245219720,1.645900,1.645900,1.645700,1.645800
1245219780,1.645900,1.645900,1.645900,1.645900
1245219840,1.646000,1.646000,1.645700,1.645700
1245219900,1.645600,1.645700,1.645400,1.645500
1245219960,1.645500,1.645900,1.645500,1.645900
1245220020,1.646000,1.646200,1.645700,1.646100
1245220080,1.646200,1.646300,1.646100,1.646200
1245220140,1.646300,1.646800,1.646200,1.646700
1245220200,1.646700,1.647200,1.646700,1.647200
1245220260,1.647100,1.647700,1.646300,1.646300
1245220320,1.646300,1.646400,1.645400,1.645900
1245220380,1.646000,1.646200,1.645900,1.646200
1245220440,1.646300,1.646800,1.646300,1.646800
1245220500,1.646800,1.646800,1.646500,1.646500
1245220560,1.646500,1.648100,1.646500,1.647800
1245220620,1.647800,1.647800,1.647500,1.647500
1245220680,1.647600,1.647600,1.646900,1.647000
1245220740,1.646900,1.646900,1.646400,1.646500
1245220800,1.646400,1.646600,1.646400,1.646600
1245220860,1.646500,1.647200,1.646500,1.646900
1245220920,1.646900,1.647200,1.646600,1.646600
1245220980,1.646600,1.647000,1.646600,1.646700
1245221040,1.646600,1.646600,1.646100,1.646100
1245221100,1.646100,1.646100,1.645800,1.646000
1245221160,1.646100,1.646100,1.645500,1.645500
1245221220,1.645400,1.645400,1.645000,1.645100
1245221280,1.645300,1.645300,1.645000,1.645100
1245221340,1.645100,1.645600,1.645100,1.645600
1245221400,1.645600,1.645700,1.645400,1.645400
1245221460,1.645400,1.645900,1.645300,1.645800
1245221520,1.645800,1.646100,1.645700,1.646000
1245221580,1.646000,1.646600,1.646000,1.646300
1245221640,1.646300,1.646900,1.646300,1.646600
1245221700,1.646600,1.646800,1.646400,1.646800
1245221760,1.646800,1.647400,1.646800,1.647100
1245221820,1.646900,1.647100,1.646300,1.646300
1245221880,1.646300,1.646700,1.646000,1.646100
1245221940,1.646000,1.646100,1.645000,1.645100
1245222000,1.645200,1.645400,1.645000,1.645100
1245222060,1.645100,1.645100,1.644100,1.644300
1245222120,1.644200,1.644700,1.644000,1.644100
1245222180,1.644000,1.644700,1.643500,1.644500
1245222240,1.644400,1.644500,1.644000,1.644000
1245222300,1.644100,1.644500,1.644000,1.644500
1245222360,1.644600,1.644700,1.644200,1.644600
1245222420,1.644600,1.644700,1.643800,1.643900
1245222480,1.643800,1.644400,1.643700,1.644100
1245222540,1.644100,1.644500,1.644100,1.644300
1245222600,1.644200,1.644400,1.643800,1.644200
1245222660,1.644200,1.644200,1.643000,1.643000
1245222720,1.642900,1.643100,1.641900,1.641900
1245222780,1.641800,1.642300,1.641200,1.642000
1245222840,1.642000,1.642000,1.641500,1.641700
1245222900,1.641800,1.642500,1.641800,1.642500
1245222960,1.642400,1.642400,1.641900,1.641900
1245223020,1.642000,1.642200,1.641700,1.641800
1245223080,1.641900,1.642100,1.641600,1.642100
1245223140,1.642100,1.642300,1.641500,1.641500
1245223200,1.641500,1.642400,1.641000,1.642400
1245223260,1.642300,1.642500,1.642000,1.642300
1245223320,1.642200,1.642600,1.642200,1.642600
1245223380,1.642600,1.643000,1.641700,1.641700
1245223440,1.641800,1.641900,1.641500,1.641500
1245223500,1.641400,1.642400,1.641400,1.642000
1245223560,1.642100,1.642300,1.642000,1.642200
1245223620,1.642300,1.642600,1.642200,1.642500
1245223680,1.642400,1.642600,1.642300,1.642400
1245223740,1.642400,1.642800,1.642000,1.642000
1245223800,1.642000,1.642300,1.641800,1.642200
1245223860,1.642300,1.643200,1.642100,1.642700
1245223920,1.642700,1.642800,1.642600,1.642700
1245223980,1.642600,1.642700,1.642400,1.642500
1245224040,1.642500,1.642500,1.642400,1.642400
1245224100,1.642400,1.642400,1.642100,1.642100
1245224160,1.642000,1.642200,1.641000,1.641000
1245224220,1.640900,1.641200,1.640600,1.641100
1245224280,1.640900,1.640900,1.640100,1.640200
1245224340,1.640300,1.641600,1.640200,1.641500
1245224400,1.641900,1.641900,1.641400,1.641600
1245224460,1.641500,1.641600,1.640300,1.640300
1245224520,1.640200,1.640500,1.639900,1.640200
1245224580,1.640400,1.640600,1.640300,1.640400
1245224640,1.640400,1.640400,1.639300,1.639500
1245224700,1.639600,1.640600,1.639500,1.640500
1245224760,1.640500,1.640900,1.640300,1.640900
1245224820,1.640900,1.641600,1.640600,1.641200
1245224880,1.641200,1.641500,1.639800,1.640100
1245224940,1.640300,1.640300,1.639200,1.639200
1245225000,1.639200,1.639900,1.639100,1.639100
1245225060,1.639000,1.639000,1.638500,1.638500
1245225120,1.638600,1.639300,1.638300,1.639100
1245225180,1.639300,1.639800,1.639200,1.639200
1245225240,1.639100,1.639500,1.639100,1.639400
1245225300,1.639500,1.639700,1.639000,1.639000
1245225360,1.638900,1.639200,1.638600,1.639100
1245225420,1.639300,1.639500,1.638600,1.639000
1245225480,1.638900,1.639000,1.638800,1.638900
1245225540,1.638900,1.639100,1.638900,1.638900
1245225600,1.638900,1.639300,1.638900,1.639200
1245225660,1.639300,1.639300,1.638400,1.638400
1245225720,1.638300,1.638300,1.637100,1.637200
1245225780,1.637300,1.637300,1.635600,1.636200
1245225840,1.636400,1.637200,1.636400,1.637100
1245225900,1.637000,1.637200,1.636400,1.636400
1245225960,1.636400,1.636400,1.635400,1.635900
1245226020,1.635900,1.636000,1.635500,1.635900
1245226080,1.635900,1.636500,1.635800,1.636300
1245226140,1.636300,1.636500,1.635600,1.635700
1245226200,1.635700,1.635700,1.635200,1.635400
1245226260,1.635400,1.636400,1.635400,1.636400
1245226320,1.636400,1.636400,1.635800,1.636000
1245226380,1.636000,1.636400,1.635900,1.636400
1245226440,1.636300,1.637100,1.636300,1.637100
1245226500,1.637000,1.637100,1.636900,1.637100
1245226560,1.637000,1.637200,1.636900,1.637200
1245226620,1.637300,1.637300,1.636700,1.636800
1245226680,1.636900,1.637000,1.636700,1.636800
1245226740,1.636800,1.637100,1.636700,1.636800
1245226800,1.636700,1.636700,1.636300,1.636500
1245226860,1.636500,1.636700,1.636100,1.636200
1245226920,1.636300,1.637300,1.636300,1.637100
1245226980,1.637100,1.637300,1.636900,1.637000
1245227040,1.637100,1.637200,1.637000,1.637200
1245227100,1.637300,1.637900,1.637300,1.637800
1245227160,1.637700,1.637900,1.637500,1.637500
1245227220,1.637600,1.637900,1.637500,1.637800
1245227280,1.637900,1.638000,1.637400,1.637600
1245227340,1.637400,1.637700,1.637200,1.637600
1245227400,1.637600,1.643500,1.637600,1.641700
1245227460,1.641700,1.643200,1.641500,1.642300
1245227520,1.642000,1.642200,1.641500,1.642100
1245227580,1.642000,1.642000,1.641500,1.641500
1245227640,1.641400,1.641400,1.638200,1.638400
1245227700,1.638400,1.638600,1.636700,1.637500
1245227760,1.637500,1.637800,1.637400,1.637700
1245227820,1.637700,1.638500,1.637700,1.638100
1245227880,1.638000,1.638300,1.636600,1.636700
1245227940,1.636600,1.636600,1.634200,1.634800
1245228000,1.634800,1.635000,1.633800,1.634100
1245228060,1.634100,1.634200,1.633500,1.633900
1245228120,1.633800,1.634900,1.633700,1.634900
1245228180,1.635000,1.635900,1.634900,1.635800
1245228240,1.635700,1.635700,1.634600,1.634600
1245228300,1.634600,1.635000,1.633700,1.633900
1245228360,1.633900,1.634200,1.632700,1.633400
1245228420,1.633400,1.634700,1.633400,1.633800
1245228480,1.633600,1.634200,1.633500,1.633800
1245228540,1.633700,1.634100,1.633500,1.633700
1245228600,1.633700,1.634100,1.633600,1.634100
1245228660,1.634000,1.634000,1.633700,1.634000
1245228720,1.634100,1.634300,1.634100,1.634200
1245228780,1.634100,1.634300,1.634100,1.634200
1245228840,1.634200,1.634600,1.633800,1.633800
1245228900,1.633800,1.633800,1.632900,1.632900
1245228960,1.632900,1.633300,1.632800,1.633200
1245229020,1.633200,1.633700,1.633200,1.633500
1245229080,1.633600,1.633600,1.632900,1.633200
1245229140,1.633100,1.633600,1.633000,1.633200
1245229200,1.633100,1.633200,1.632400,1.632500
1245229260,1.632500,1.632600,1.632100,1.632100
1245229320,1.632100,1.632400,1.631500,1.631900
1245229380,1.632000,1.632000,1.630400,1.630700
1245229440,1.630600,1.631500,1.630600,1.631400
1245229500,1.631300,1.631500,1.630900,1.631100
1245229560,1.630900,1.631300,1.630500,1.631200
1245229620,1.631100,1.631800,1.631000,1.631700
1245229680,1.631700,1.632000,1.631500,1.631900
1245229740,1.632000,1.632100,1.631800,1.632000
1245229800,1.631900,1.632100,1.631500,1.631700
1245229860,1.631700,1.631700,1.630800,1.630800
1245229920,1.630800,1.630900,1.630500,1.630500
1245229980,1.630500,1.630500,1.628100,1.628400
1245230040,1.628500,1.629200,1.628500,1.628900
1245230100,1.628700,1.629000,1.627500,1.628900
1245230160,1.628900,1.629300,1.628700,1.629200
1245230220,1.629300,1.629600,1.629200,1.629400
1245230280,1.629300,1.629400,1.628600,1.629400
1245230340,1.629300,1.629900,1.629300,1.629800
1245230400,1.629700,1.630200,1.629700,1.630200
1245230460,1.630200,1.630300,1.629200,1.629200
1245230520,1.629100,1.629200,1.628600,1.628600
1245230580,1.628600,1.628800,1.628400,1.628500
1245230640,1.628400,1.628700,1.628100,1.628200
1245230700,1.628300,1.628500,1.627600,1.628000
1245230760,1.627900,1.627900,1.627200,1.627500
1245230820,1.627600,1.627700,1.627000,1.627200
1245230880,1.627400,1.627700,1.626900,1.627700
1245230940,1.627600,1.628400,1.627500,1.628300
1245231000,1.628200,1.628500,1.627900,1.628000
1245231060,1.627900,1.628200,1.627900,1.628100
1245231120,1.628100,1.628800,1.628100,1.628700
1245231180,1.628700,1.629000,1.628700,1.629000
1245231240,1.628900,1.629200,1.628500,1.629100
1245231300,1.629100,1.629600,1.629100,1.629200
1245231360,1.629300,1.629600,1.628200,1.628200
1245231420,1.628100,1.628500,1.628000,1.628100
1245231480,1.628100,1.628300,1.627600,1.627700
1245231540,1.627700,1.627700,1.626400,1.626800
1245231600,1.626800,1.627000,1.626400,1.626400
1245231660,1.626600,1.626600,1.626100,1.626500
1245231720,1.626400,1.626700,1.626300,1.626500
1245231780,1.626600,1.627900,1.626500,1.627800
1245231840,1.627900,1.628200,1.627500,1.627600
1245231900,1.627600,1.628600,1.627600,1.628100
1245231960,1.628000,1.628300,1.628000,1.628100
1245232020,1.628100,1.628100,1.627400,1.627400
1245232080,1.627500,1.628400,1.627500,1.628400
1245232140,1.628400,1.628500,1.627900,1.628200
1245232200,1.628100,1.628500,1.627600,1.628400
1245232260,1.628400,1.628800,1.628400,1.628500
1245232320,1.628400,1.628400,1.628200,1.628200
1245232380,1.628200,1.628300,1.627700,1.627900
1245232440,1.628000,1.628700,1.628000,1.628200
1245232500,1.628300,1.628700,1.628200,1.628300
1245232560,1.628200,1.628700,1.628000,1.628600
1245232620,1.628700,1.629100,1.628600,1.629000
1245232680,1.629000,1.629500,1.629000,1.629100
1245232740,1.629200,1.629400,1.628500,1.628900
1245232800,1.628900,1.629200,1.628800,1.628800
1245232860,1.628800,1.628800,1.628100,1.628200
1245232920,1.628200,1.628500,1.628100,1.628300
1245232980,1.628300,1.628500,1.628000,1.628000
1245233040,1.628000,1.628600,1.628000,1.628500
1245233100,1.628600,1.628700,1.628500,1.628500
1245233160,1.628500,1.628500,1.627600,1.627800
1245233220,1.627800,1.627900,1.627300,1.627300
1245233280,1.627300,1.627500,1.627200,1.627300
1245233340,1.627300,1.627400,1.627100,1.627300
1245233400,1.627300,1.627400,1.626700,1.626700
1245233460,1.626700,1.626900,1.626000,1.626100
1245233520,1.626300,1.627100,1.626200,1.626700
1245233580,1.626600,1.626800,1.626600,1.626600
1245233640,1.626700,1.626700,1.625900,1.626100
1245233700,1.626000,1.626800,1.626000,1.626700
1245233760,1.626700,1.627200,1.626600,1.627100
1245233820,1.627100,1.627100,1.626800,1.626800
1245233880,1.626800,1.627000,1.626600,1.626900
1245233940,1.627000,1.627000,1.626700,1.627000
1245234000,1.627100,1.627300,1.627000,1.627200
1245234060,1.627100,1.627300,1.626700,1.627000
1245234120,1.627100,1.628000,1.627000,1.627800
1245234180,1.627900,1.628000,1.627700,1.627800
1245234240,1.627800,1.628000,1.627400,1.627800
1245234300,1.627700,1.628300,1.627600,1.628200
1245234360,1.628200,1.629100,1.628200,1.628700
1245234420,1.628800,1.629200,1.628400,1.629100
1245234480,1.629100,1.629200,1.628700,1.628700
1245234540,1.628800,1.628800,1.628100,1.628200
1245234600,1.628200,1.628200,1.627700,1.627700
1245234660,1.627600,1.627600,1.626900,1.627000
1245234720,1.627100,1.627100,1.626300,1.626300
1245234780,1.626200,1.626400,1.626100,1.626100
1245234840,1.626200,1.626300,1.625900,1.626100
1245234900,1.626200,1.626200,1.625000,1.625400
1245234960,1.625400,1.625500,1.625100,1.625200
1245235020,1.625100,1.625300,1.625000,1.625100
1245235080,1.625000,1.625000,1.624300,1.624400
1245235140,1.624500,1.624600,1.623600,1.623600
1245235200,1.623700,1.624100,1.623200,1.623400
1245235260,1.623500,1.624600,1.623400,1.624600
1245235320,1.624600,1.624600,1.624300,1.624300
1245235380,1.624400,1.624900,1.624300,1.624900
1245235440,1.624800,1.624900,1.624400,1.624600
1245235500,1.624600,1.624900,1.624500,1.624900
1245235560,1.625100,1.625300,1.624900,1.625000
1245235620,1.625100,1.625200,1.624000,1.624400
1245235680,1.624200,1.624200,1.623400,1.623600
1245235740,1.623600,1.623700,1.623300,1.623300
1245235800,1.623400,1.623800,1.623400,1.623500
1245235860,1.623400,1.623500,1.622900,1.623100
1245235920,1.623100,1.623500,1.622900,1.623000
1245235980,1.623100,1.624500,1.623000,1.624500
1245236040,1.624500,1.624800,1.624300,1.624700
1245236100,1.624700,1.624800,1.624500,1.624700
1245236160,1.624800,1.624800,1.623900,1.624100
1245236220,1.624100,1.624700,1.624100,1.624700
1245236280,1.624700,1.625100,1.624100,1.624800
1245236340,1.624800,1.624900,1.623000,1.623000
1245236400,1.623100,1.624000,1.623100,1.623900
1245236460,1.623900,1.624700,1.623900,1.624400
1245236520,1.624400,1.624600,1.623900,1.624100
1245236580,1.624200,1.624200,1.623200,1.623300
1245236640,1.623300,1.623600,1.623000,1.623400
1245236700,1.623300,1.623600,1.623200,1.623400
1245236760,1.623500,1.624400,1.623400,1.623800
1245236820,1.623900,1.624000,1.623700,1.623700
1245236880,1.623800,1.624100,1.623700,1.624100
1245236940,1.624200,1.624400,1.623800,1.623900
1245237000,1.624000,1.624400,1.623900,1.624400
1245237060,1.624400,1.625300,1.624300,1.625100
1245237120,1.625200,1.625200,1.624600,1.624700
1245237180,1.624600,1.625200,1.624600,1.625200
1245237240,1.625200,1.625700,1.625100,1.625600
1245237300,1.625600,1.625600,1.624500,1.625100
1245237360,1.625200,1.625600,1.624700,1.624800
1245237420,1.624900,1.625400,1.624800,1.625300
1245237480,1.625400,1.625700,1.625300,1.625600
1245237540,1.625600,1.626000,1.625300,1.625800
1245237600,1.625700,1.625900,1.625500,1.625500
1245237660,1.625500,1.626400,1.625500,1.625800
1245237720,1.625700,1.626000,1.625700,1.625700
1245237780,1.625700,1.625800,1.625600,1.625800
1245237840,1.625900,1.626600,1.625900,1.626600
1245237900,1.626500,1.626800,1.626200,1.626600
1245237960,1.626600,1.626700,1.626400,1.626600
1245238020,1.626700,1.626700,1.626500,1.626700
1245238080,1.626600,1.626600,1.626200,1.626200
1245238140,1.626300,1.626700,1.625800,1.626500
1245238200,1.626500,1.627100,1.626400,1.627000
1245238260,1.627000,1.627100,1.626800,1.626900
1245238320,1.627000,1.627200,1.626900,1.627100
1245238380,1.627100,1.627200,1.626800,1.627000
1245238440,1.626900,1.627000,1.626800,1.626900
1245238500,1.626800,1.627000,1.626500,1.626900
1245238560,1.627000,1.627200,1.626600,1.626600
1245238620,1.626700,1.627200,1.626600,1.626900
1245238680,1.626800,1.626900,1.626500,1.626800
1245238740,1.626700,1.627000,1.626400,1.626400
1245238800,1.626400,1.626400,1.625700,1.625700
1245238860,1.625700,1.625900,1.625500,1.625700
1245238920,1.625600,1.625700,1.625000,1.625100
1245238980,1.625100,1.625400,1.625100,1.625100
1245239040,1.625200,1.625500,1.625100,1.625100
1245239100,1.625200,1.625900,1.625100,1.625800
1245239160,1.625700,1.625900,1.624400,1.624400
1245239220,1.624300,1.624600,1.624100,1.624200
1245239280,1.624200,1.624200,1.623800,1.623900
1245239340,1.624000,1.624300,1.623800,1.623800
1245239400,1.623800,1.623900,1.623100,1.623400
1245239460,1.623500,1.623900,1.623200,1.623600
1245239520,1.623500,1.623500,1.623300,1.623300
1245239580,1.623300,1.623600,1.623100,1.623400
1245239640,1.623500,1.623700,1.623400,1.623600
1245239700,1.623600,1.623900,1.623000,1.623000
1245239760,1.623000,1.623000,1.622100,1.622100
1245239820,1.622100,1.622500,1.622000,1.622300
1245239880,1.622300,1.622400,1.621900,1.622100
1245239940,1.622100,1.622600,1.622100,1.622600
1245240000,1.622500,1.623100,1.622000,1.623000
1245240060,1.623000,1.623300,1.622700,1.623100
1245240120,1.623100,1.623400,1.622900,1.622900
1245240180,1.622900,1.622900,1.622500,1.622700
1245240240,1.622700,1.622900,1.622400,1.622900
1245240300,1.622900,1.623000,1.622200,1.622900
1245240360,1.622800,1.622800,1.622100,1.622300
1245240420,1.622300,1.622600,1.622200,1.622600
1245240480,1.622600,1.623300,1.622600,1.623300
1245240540,1.623200,1.623300,1.623000,1.623000
1245240600,1.622900,1.622900,1.622200,1.622300
1245240660,1.622400,1.623000,1.622300,1.623000
1245240720,1.623000,1.623700,1.623000,1.623700
1245240780,1.623600,1.624000,1.623600,1.624000
1245240840,1.623900,1.624300,1.623700,1.623900
1245240900,1.623800,1.624100,1.623700,1.623700
1245240960,1.623800,1.624000,1.623700,1.623900
1245241020,1.623800,1.624500,1.623800,1.624200
1245241080,1.624200,1.624200,1.623800,1.624000
1245241140,1.624000,1.624000,1.623000,1.623000
1245241200,1.623000,1.623700,1.623000,1.623400
1245241260,1.623500,1.623600,1.623300,1.623300
1245241320,1.623400,1.623500,1.623000,1.623200
1245241380,1.623200,1.623300,1.623000,1.623300
1245241440,1.623400,1.624200,1.623400,1.624000
1245241500,1.624100,1.624300,1.624100,1.624300
1245241560,1.624200,1.624300,1.623600,1.624000
1245241620,1.623900,1.624700,1.623900,1.624700
1245241680,1.624700,1.624900,1.624300,1.624500
1245241740,1.624500,1.624500,1.624100,1.624400
1245241800,1.624700,1.624900,1.624200,1.624900
1245241860,1.625000,1.625900,1.625000,1.625900
1245241920,1.625900,1.626400,1.625300,1.625400
1245241980,1.625300,1.625500,1.624600,1.625200
1245242040,1.625100,1.625100,1.624500,1.624600
1245242100,1.624700,1.624700,1.624000,1.624400
1245242160,1.624300,1.625400,1.624300,1.625200
1245242220,1.625100,1.625200,1.624500,1.624500
1245242280,1.624400,1.624900,1.623500,1.623600
1245242340,1.623500,1.623700,1.623300,1.623700
1245242400,1.623600,1.624400,1.623600,1.624200
1245242460,1.624300,1.624600,1.624100,1.624500
1245242520,1.624500,1.624800,1.624200,1.624800
1245242580,1.624800,1.625400,1.624600,1.625400
1245242640,1.625500,1.626300,1.625400,1.625800
1245242700,1.625800,1.627200,1.625700,1.627100
1245242760,1.627000,1.627200,1.626700,1.627100
1245242820,1.627100,1.627600,1.627100,1.627200
1245242880,1.627300,1.627700,1.627200,1.627400
1245242940,1.627500,1.627600,1.626700,1.627600
1245243000,1.627500,1.629300,1.627400,1.629300
1245243060,1.629400,1.630500,1.629400,1.630200
1245243120,1.630100,1.630400,1.629800,1.629800
1245243180,1.629800,1.629800,1.629300,1.629800
1245243240,1.629900,1.630700,1.629800,1.630700
1245243300,1.630600,1.631300,1.630600,1.630900
1245243360,1.631000,1.631300,1.630700,1.630800
1245243420,1.630700,1.631200,1.630400,1.630400
1245243480,1.630400,1.630600,1.629900,1.630300
1245243540,1.630300,1.630300,1.629800,1.629900
1245243600,1.630000,1.630200,1.629500,1.629600
1245243660,1.629600,1.629700,1.629000,1.629100
1245243720,1.629200,1.629600,1.629100,1.629500
1245243780,1.629400,1.629400,1.629000,1.629200
1245243840,1.629300,1.629500,1.628400,1.628400
1245243900,1.628400,1.628400,1.627500,1.628300
1245243960,1.628200,1.628500,1.627900,1.628000
1245244020,1.628100,1.628400,1.627900,1.628300
1245244080,1.628300,1.629000,1.628300,1.628600
1245244140,1.628600,1.629500,1.628500,1.629400
1245244200,1.629300,1.630100,1.629200,1.629900
1245244260,1.629900,1.630000,1.629300,1.629400
1245244320,1.629400,1.629800,1.628600,1.629000
1245244380,1.629000,1.629500,1.629000,1.629100
1245244440,1.629000,1.629100,1.628400,1.628700
1245244500,1.628600,1.629200,1.628400,1.628900
1245244560,1.628900,1.628900,1.628400,1.628500
1245244620,1.628500,1.628700,1.628400,1.628400
1245244680,1.628400,1.628400,1.627600,1.627600
1245244740,1.627500,1.627600,1.627000,1.627100
1245244800,1.627100,1.627100,1.626700,1.626900
1245244860,1.626900,1.628100,1.626900,1.628000
1245244920,1.627900,1.628400,1.627900,1.628200
1245244980,1.628100,1.628300,1.627600,1.627600
1245245040,1.627600,1.627900,1.627400,1.627800
1245245100,1.627800,1.628300,1.627600,1.627900
1245245160,1.627900,1.628400,1.627700,1.628400
1245245220,1.628400,1.628400,1.627900,1.627900
1245245280,1.627900,1.628300,1.627900,1.628300
1245245340,1.628400,1.629200,1.628400,1.628800
1245245400,1.628900,1.629600,1.628700,1.629500
1245245460,1.629500,1.630000,1.629400,1.629900
1245245520,1.630000,1.630000,1.629100,1.629300
1245245580,1.629100,1.629900,1.629100,1.629800
1245245640,1.629800,1.629900,1.629200,1.629400
1245245700,1.629500,1.630000,1.629400,1.629800
1245245760,1.629800,1.629900,1.629200,1.629200
1245245820,1.629300,1.629700,1.629100,1.629700
1245245880,1.629800,1.629800,1.629100,1.629200
1245245940,1.629200,1.629600,1.629000,1.629300
1245246000,1.629400,1.629400,1.629000,1.629100
1245246060,1.629100,1.629400,1.628800,1.628800
1245246120,1.628700,1.628700,1.628100,1.628100
1245246180,1.628100,1.628200,1.627500,1.627500
1245246240,1.627500,1.627900,1.627500,1.627600
1245246300,1.627500,1.628000,1.627200,1.627300
1245246360,1.627400,1.628300,1.627000,1.628100
1245246420,1.628000,1.628600,1.627600,1.627700
1245246480,1.627800,1.628000,1.627100,1.627100
1245246540,1.627100,1.627200,1.626200,1.626200
1245246600,1.626200,1.626200,1.625300,1.625700
1245246660,1.625700,1.626500,1.625700,1.626000
1245246720,1.625900,1.626900,1.625900,1.626900
1245246780,1.626800,1.626900,1.626300,1.626800
1245246840,1.626800,1.627000,1.626200,1.626700
1245246900,1.626700,1.626700,1.626000,1.626100
1245246960,1.626000,1.626200,1.625700,1.625900
1245247020,1.625800,1.627000,1.625700,1.627000
1245247080,1.627000,1.627000,1.626500,1.626600
1245247140,1.626600,1.626600,1.625800,1.625900
1245247200,1.625800,1.625900,1.625100,1.625900
1245247260,1.625900,1.626000,1.625300,1.625600
1245247320,1.625700,1.626300,1.625400,1.626200
1245247380,1.626200,1.626300,1.625600,1.625700
1245247440,1.625800,1.625900,1.625000,1.625100
1245247500,1.625100,1.625700,1.624600,1.624800
1245247560,1.624900,1.625500,1.624700,1.625300
1245247620,1.625300,1.626200,1.625200,1.626100
1245247680,1.626000,1.627200,1.626000,1.626900
1245247740,1.626800,1.627200,1.626700,1.627000
1245247800,1.627100,1.627200,1.626900,1.626900
1245247860,1.626900,1.627100,1.626500,1.626700
1245247920,1.626600,1.627000,1.626600,1.627000
1245247980,1.626900,1.627200,1.626400,1.627000
1245248040,1.627000,1.627000,1.626500,1.626500
1245248100,1.626500,1.626800,1.625900,1.626200
1245248160,1.626200,1.627200,1.626200,1.627200
1245248220,1.627000,1.627600,1.626800,1.627500
1245248280,1.627500,1.627500,1.626500,1.626700
1245248340,1.626800,1.627000,1.626400,1.626400
1245248400,1.626400,1.626500,1.625800,1.626200
1245248460,1.626300,1.626700,1.626200,1.626600
1245248520,1.626500,1.626900,1.626500,1.626700
1245248580,1.626600,1.626800,1.626300,1.626300
1245248640,1.626400,1.626700,1.625800,1.625800
1245248700,1.625800,1.626200,1.625800,1.626000
1245248760,1.626100,1.626200,1.625200,1.625300
1245248820,1.625500,1.625500,1.624800,1.625000
1245248880,1.625000,1.625400,1.625000,1.625400
1245248940,1.625300,1.625600,1.624700,1.625400
1245249000,1.625400,1.627100,1.625400,1.627100
1245249060,1.627000,1.627000,1.626000,1.626100
1245249120,1.626200,1.626700,1.625700,1.625800
1245249180,1.625800,1.626000,1.625500,1.625700
1245249240,1.625500,1.626600,1.625300,1.626400
1245249300,1.626200,1.626200,1.625300,1.626000
1245249360,1.626100,1.626200,1.625500,1.625700
1245249420,1.625700,1.627700,1.625600,1.627700
1245249480,1.627600,1.627600,1.626400,1.626900
1245249540,1.626800,1.627000,1.626800,1.626800
1245249600,1.626800,1.627200,1.626500,1.627100
1245249660,1.627100,1.627400,1.627000,1.627100
1245249720,1.627000,1.627300,1.626900,1.627200
1245249780,1.627200,1.627200,1.627000,1.627100
1245249840,1.627200,1.627200,1.626700,1.627000
1245249900,1.627000,1.627300,1.627000,1.627100
1245249960,1.627100,1.627100,1.626300,1.626800
1245250020,1.626800,1.627100,1.626600,1.626700
1245250080,1.626700,1.627500,1.626700,1.627500
1245250140,1.627400,1.628600,1.627200,1.628500
1245250200,1.628600,1.628600,1.627800,1.628300
1245250260,1.628300,1.628600,1.627900,1.628600
1245250320,1.628700,1.628800,1.628300,1.628500
1245250380,1.628600,1.628900,1.628600,1.628900
1245250440,1.628900,1.629400,1.628900,1.629200
1245250500,1.629200,1.629600,1.629100,1.629400
1245250560,1.629400,1.630300,1.629300,1.629500
1245250620,1.629500,1.629900,1.628700,1.628900
1245250680,1.628800,1.628900,1.627900,1.627900
1245250740,1.627900,1.628700,1.627900,1.628700
1245250800,1.628600,1.628800,1.628300,1.628700
1245250860,1.628700,1.629600,1.628600,1.629400
1245250920,1.629300,1.630700,1.629300,1.630600
1245250980,1.630500,1.630700,1.630000,1.630700
1245251040,1.630600,1.630800,1.630400,1.630400
1245251100,1.630300,1.630400,1.629200,1.629900
1245251160,1.629900,1.629900,1.626900,1.627300
1245251220,1.627300,1.628100,1.626700,1.627100
1245251280,1.627100,1.627400,1.627100,1.627300
1245251340,1.627300,1.627600,1.626500,1.626800
1245251400,1.626900,1.627500,1.626900,1.627200
1245251460,1.627200,1.628300,1.627100,1.627900
1245251520,1.627900,1.627900,1.627400,1.627800
1245251580,1.627700,1.627800,1.626500,1.627000
1245251640,1.627000,1.627300,1.626700,1.626900
1245251700,1.626900,1.627700,1.626900,1.627400
1245251760,1.627400,1.627600,1.627100,1.627300
1245251820,1.627400,1.628100,1.627400,1.627900
1245251880,1.627900,1.629200,1.627900,1.629100
1245251940,1.629000,1.629300,1.628700,1.629000
1245252000,1.629100,1.629300,1.629000,1.629300
1245252060,1.629300,1.629600,1.628800,1.628800
1245252120,1.628800,1.629600,1.628700,1.629600
1245252180,1.629600,1.629800,1.629300,1.629400
1245252240,1.629400,1.630100,1.629400,1.629700
1245252300,1.629700,1.630200,1.629400,1.630100
1245252360,1.630100,1.630100,1.629700,1.629900
1245252420,1.630000,1.630900,1.629900,1.629900
1245252480,1.629900,1.630700,1.629900,1.630300
1245252540,1.630400,1.630500,1.629600,1.629600
1245252600,1.629400,1.630000,1.629400,1.629900
1245252660,1.629900,1.630000,1.629600,1.629900
1245252720,1.629800,1.630300,1.629800,1.630000
1245252780,1.630000,1.630500,1.630000,1.630000
1245252840,1.630000,1.630900,1.629700,1.630400
1245252900,1.630400,1.630500,1.629600,1.630100
1245252960,1.630200,1.630200,1.629100,1.629500
1245253020,1.629400,1.629400,1.629000,1.629100
1245253080,1.629200,1.629200,1.628800,1.628800
1245253140,1.628800,1.628900,1.628300,1.628700
1245253200,1.628600,1.629000,1.628100,1.628700
1245253260,1.628700,1.628700,1.628400,1.628500
1245253320,1.628500,1.628900,1.628400,1.628500
1245253380,1.628400,1.629200,1.628400,1.628800
1245253440,1.628700,1.629300,1.628500,1.629000
1245253500,1.629100,1.629400,1.628500,1.628900
1245253560,1.628800,1.629200,1.628600,1.629200
1245253620,1.629200,1.629200,1.628500,1.629200
1245253680,1.629200,1.629300,1.628400,1.628700
1245253740,1.628600,1.628800,1.628400,1.628500
1245253800,1.628400,1.628700,1.627900,1.628300
1245253860,1.628200,1.628700,1.628000,1.628000
1245253920,1.628100,1.628300,1.627000,1.627300
1245253980,1.627400,1.627700,1.627300,1.627400
1245254040,1.627400,1.627900,1.627300,1.627500
1245254100,1.627500,1.627500,1.627100,1.627400
1245254160,1.627400,1.628000,1.627400,1.628000
1245254220,1.627900,1.628700,1.627600,1.628400
1245254280,1.628400,1.628800,1.628300,1.628800
1245254340,1.628700,1.629200,1.628500,1.628800
1245254400,1.628800,1.628900,1.628400,1.628700
1245254460,1.628800,1.629000,1.628700,1.628900
1245254520,1.629100,1.629300,1.628600,1.628800
1245254580,1.628900,1.629200,1.628700,1.629000
1245254640,1.628900,1.629300,1.628900,1.628900
1245254700,1.629000,1.629700,1.629000,1.629600
1245254760,1.629700,1.629700,1.629000,1.629300
1245254820,1.629500,1.629800,1.629300,1.629600
1245254880,1.629700,1.630100,1.629700,1.630000
1245254940,1.630200,1.630300,1.629700,1.629800
1245255000,1.629900,1.630100,1.629400,1.630000
1245255060,1.630100,1.630300,1.629700,1.630000
1245255120,1.630200,1.630200,1.629400,1.629600
1245255180,1.629600,1.629900,1.629200,1.629200
1245255240,1.629100,1.629700,1.629000,1.629700
1245255300,1.629800,1.630500,1.629800,1.630000
1245255360,1.630000,1.630300,1.630000,1.630200
1245255420,1.630100,1.631300,1.629900,1.631300
1245255480,1.631400,1.631900,1.630800,1.631200
1245255540,1.631100,1.631200,1.630700,1.631000
1245255600,1.631000,1.631300,1.630900,1.631300
1245255660,1.631300,1.631500,1.631200,1.631400
1245255720,1.631300,1.631800,1.631300,1.631600
1245255780,1.631500,1.633400,1.631500,1.633400
1245255840,1.633400,1.633400,1.632900,1.633000
1245255900,1.633100,1.633100,1.632900,1.633000
1245255960,1.633000,1.633300,1.632900,1.633100
1245256020,1.633000,1.633100,1.632100,1.632200
1245256080,1.632300,1.632500,1.632100,1.632500
1245256140,1.632600,1.632600,1.632200,1.632200
1245256200,1.632200,1.632300,1.632100,1.632300
1245256260,1.632300,1.632800,1.632300,1.632700
1245256320,1.632800,1.632800,1.632700,1.632700
1245256380,1.632700,1.632800,1.632400,1.632500
1245256440,1.632300,1.632400,1.632300,1.632400
1245256500,1.632500,1.632500,1.632100,1.632400
1245256560,1.632400,1.632400,1.632300,1.632400
1245256620,1.632400,1.632400,1.632300,1.632300
1245256680,1.632300,1.632500,1.632300,1.632500
1245256740,1.632600,1.632900,1.632400,1.632600
1245256800,1.632500,1.632500,1.632100,1.632200
1245256860,1.632100,1.632200,1.632000,1.632200
1245256920,1.632100,1.632900,1.632100,1.632800
1245256980,1.632700,1.632700,1.632100,1.632300
1245257040,1.632300,1.633000,1.632300,1.632700
1245257100,1.632600,1.632900,1.632600,1.632600
1245257160,1.632500,1.632500,1.632000,1.632300
1245257220,1.632100,1.632200,1.631500,1.631500
1245257280,1.631600,1.632300,1.631600,1.632200
1245257340,1.632100,1.632100,1.631700,1.631900
1245257400,1.631800,1.631800,1.630900,1.631100
1245257460,1.631200,1.631300,1.630500,1.630500
1245257520,1.630600,1.630600,1.630500,1.630500
1245257580,1.630500,1.630500,1.629800,1.629900
1245257640,1.630000,1.630000,1.629800,1.629800
1245257700,1.629700,1.630200,1.629400,1.630100
1245257760,1.630200,1.630700,1.630100,1.630700
1245257820,1.630700,1.631800,1.630700,1.631800
1245257880,1.631800,1.631800,1.631400,1.631400
1245257940,1.631300,1.631400,1.631000,1.631300
1245258000,1.631200,1.631500,1.631000,1.631100
1245258060,1.631100,1.631100,1.630900,1.630900
1245258120,1.630900,1.631200,1.630700,1.631200
1245258180,1.631200,1.631700,1.631200,1.631500
1245258240,1.631500,1.631600,1.631200,1.631300
1245258300,1.631200,1.631300,1.630900,1.630900
1245258360,1.631000,1.631400,1.630900,1.631200
1245258420,1.631100,1.631500,1.631100,1.631300
1245258480,1.631300,1.631800,1.631300,1.631700
1245258540,1.631600,1.631800,1.631300,1.631300
1245258600,1.631200,1.631300,1.630900,1.631000
1245258660,1.630900,1.631200,1.630900,1.631100
1245258720,1.631200,1.631300,1.631200,1.631300
1245258780,1.631200,1.632100,1.631200,1.632100
1245258840,1.632000,1.632200,1.631500,1.631600
1245258900,1.631700,1.631700,1.631400,1.631400
1245258960,1.631500,1.631700,1.631400,1.631500
1245259020,1.631500,1.631500,1.630600,1.630800
1245259080,1.630700,1.630700,1.630500,1.630600
1245259140,1.630600,1.631100,1.630600,1.630800
1245259200,1.630800,1.631200,1.630800,1.631200
1245259260,1.631100,1.631300,1.631000,1.631000
1245259320,1.631000,1.631000,1.630700,1.630900
1245259380,1.630900,1.631200,1.630900,1.631100
1245259440,1.631200,1.631200,1.630800,1.630800
1245259500,1.630900,1.631400,1.630900,1.630900
1245259560,1.630900,1.630900,1.630300,1.630400
1245259620,1.630400,1.631100,1.630400,1.630900
1245259680,1.630900,1.631100,1.630900,1.631100
1245259740,1.631200,1.631600,1.631200,1.631600
1245259800,1.631700,1.631800,1.631600,1.631800
1245259860,1.631900,1.632500,1.631900,1.632400
1245259920,1.632400,1.632400,1.632100,1.632300
1245259980,1.632300,1.632300,1.632100,1.632300
1245260040,1.632300,1.632300,1.632000,1.632200
1245260100,1.632200,1.632500,1.632100,1.632500
1245260160,1.632500,1.632800,1.632500,1.632700
1245260220,1.632800,1.632800,1.632700,1.632800
1245260280,1.632800,1.633700,1.632800,1.633500
1245260340,1.633500,1.633600,1.633500,1.633600
1245260400,1.633700,1.634100,1.633600,1.634000
1245260460,1.634000,1.634500,1.633900,1.634300
1245260520,1.634400,1.635000,1.634400,1.634800
1245260580,1.634800,1.634800,1.634600,1.634800
1245260640,1.634800,1.635000,1.634400,1.634600
1245260700,1.634700,1.635300,1.634500,1.635100
1245260760,1.635100,1.635900,1.635000,1.635800
1245260820,1.635800,1.635900,1.635300,1.635500
1245260880,1.635500,1.635800,1.635400,1.635400
1245260940,1.635300,1.635600,1.635300,1.635300
1245261000,1.635400,1.635400,1.635100,1.635100
1245261060,1.635000,1.635200,1.634900,1.635100
1245261120,1.635100,1.635300,1.634900,1.635100
1245261180,1.635000,1.635000,1.634600,1.634600
1245261240,1.634600,1.634600,1.634500,1.634600
1245261300,1.634600,1.634700,1.634400,1.634500
1245261360,1.634500,1.634900,1.634500,1.634800
1245261420,1.634900,1.635500,1.634800,1.635500
1245261480,1.635600,1.635600,1.634800,1.634900
1245261540,1.634900,1.635000,1.634700,1.635000
1245261600,1.635100,1.635500,1.634900,1.635200
1245261660,1.635200,1.635800,1.635000,1.635500
1245261720,1.635400,1.635600,1.635400,1.635500
1245261780,1.635500,1.636400,1.635500,1.636400
1245261840,1.636400,1.637500,1.636400,1.637300
1245261900,1.637400,1.637400,1.636200,1.636400
1245261960,1.636400,1.636600,1.636400,1.636600
1245262020,1.636600,1.637100,1.636600,1.636700
1245262080,1.636700,1.636700,1.636500,1.636600
1245262140,1.636500,1.636800,1.636500,1.636700
1245262200,1.636600,1.637400,1.636600,1.637300
1245262260,1.637400,1.637900,1.637300,1.637700
1245262320,1.637700,1.638000,1.637600,1.637700
1245262380,1.637600,1.637600,1.637400,1.637400
1245262440,1.637400,1.637600,1.637400,1.637500
1245262500,1.637500,1.638000,1.637500,1.637800
1245262560,1.637800,1.640300,1.637800,1.640300
1245262620,1.640400,1.642400,1.640300,1.641400
1245262680,1.641300,1.641300,1.640200,1.640900
1245262740,1.641000,1.641100,1.640500,1.640700
1245262800,1.640700,1.641800,1.640500,1.641700
1245262860,1.641700,1.643200,1.641700,1.642300
1245262920,1.642400,1.642400,1.641800,1.642100
1245262980,1.642100,1.643000,1.642100,1.642500
1245263040,1.642500,1.642900,1.642300,1.642500
1245263100,1.642500,1.643000,1.642400,1.642800
1245263160,1.643000,1.643100,1.642500,1.642500
1245263220,1.642600,1.643000,1.642600,1.642600
1245263280,1.642500,1.643100,1.642500,1.643100
1245263340,1.643000,1.644100,1.643000,1.644000
1245263400,1.644100,1.644700,1.644100,1.644600
1245263460,1.644700,1.644700,1.644100,1.644300
1245263520,1.644300,1.644300,1.643900,1.643900
1245263580,1.643900,1.644100,1.643200,1.643300
1245263640,1.643400,1.643500,1.643300,1.643300
1245263700,1.643200,1.643400,1.642600,1.642600
1245263760,1.642700,1.642700,1.642200,1.642300
1245263820,1.642200,1.642600,1.642200,1.642500
1245263880,1.642500,1.642500,1.642100,1.642300
1245263940,1.642300,1.642500,1.642300,1.642400
1245264000,1.642300,1.642500,1.641600,1.641700
1245264060,1.641700,1.641900,1.641500,1.641500
1245264120,1.641500,1.641600,1.641400,1.641500
1245264180,1.641500,1.641600,1.641500,1.641500
1245264240,1.641400,1.641500,1.641300,1.641300
1245264300,1.641300,1.641500,1.641100,1.641500
1245264360,1.641400,1.641500,1.641400,1.641500
1245264420,1.641400,1.641600,1.641200,1.641600
1245264480,1.641600,1.642400,1.641500,1.642300
1245264540,1.642400,1.642400,1.642200,1.642300
1245264600,1.642200,1.642400,1.642200,1.642300
1245264660,1.642200,1.642400,1.641300,1.641300
1245264720,1.641400,1.641800,1.641300,1.641800
1245264780,1.641500,1.641600,1.641300,1.641600
1245264840,1.641600,1.642100,1.641600,1.641900
1245264900,1.641900,1.642100,1.641700,1.641700
1245264960,1.641700,1.642000,1.641400,1.641500
1245265020,1.641400,1.642000,1.641400,1.642000
1245265080,1.641900,1.642300,1.641800,1.642300
1245265140,1.642400,1.642500,1.642100,1.642200
1245265200,1.642100,1.642100,1.641100,1.641500
1245265260,1.641500,1.641700,1.641400,1.641600
1245265320,1.641700,1.641800,1.641400,1.641400
1245265380,1.641300,1.641300,1.640700,1.640900
1245265440,1.641000,1.641600,1.641000,1.641400
1245265500,1.641500,1.641800,1.641200,1.641600
1245265560,1.641700,1.641900,1.641600,1.641900
1245265620,1.641800,1.641900,1.641200,1.641500
1245265680,1.641400,1.641600,1.640900,1.641100
1245265740,1.641200,1.641700,1.641200,1.641400
1245265800,1.641500,1.641700,1.641300,1.641400
1245265860,1.641500,1.641900,1.641500,1.641800
1245265920,1.641800,1.641800,1.641400,1.641500
1245265980,1.641500,1.641500,1.641200,1.641400
1245266040,1.641300,1.641400,1.641300,1.641400
1245266100,1.641300,1.641300,1.641000,1.641000
1245266160,1.640900,1.640900,1.640800,1.640800
1245266220,1.640700,1.640800,1.640600,1.640700
1245266280,1.640700,1.640800,1.640600,1.640700
1245266340,1.640600,1.640800,1.640600,1.640800
1245266400,1.640800,1.640800,1.640600,1.640800
1245266460,1.640800,1.640900,1.640800,1.640900
1245266520,1.640900,1.641100,1.640800,1.640900
1245266580,1.641200,1.641300,1.641100,1.641200
1245266640,1.641200,1.641400,1.641100,1.641200
1245266700,1.641300,1.641300,1.641100,1.641200
1245266760,1.641300,1.641300,1.641200,1.641200
1245266820,1.641100,1.641200,1.641000,1.641000
1245266880,1.641000,1.641000,1.640500,1.640500
1245266940,1.640500,1.640600,1.640300,1.640300
1245267000,1.640400,1.640400,1.640200,1.640200
1245267060,1.640300,1.640300,1.640000,1.640100
1245267120,1.640000,1.640100,1.639500,1.639500
1245267180,1.639600,1.639900,1.639500,1.639700
1245267240,1.639600,1.639600,1.639100,1.639200
1245267300,1.639400,1.639500,1.639200,1.639500
1245267360,1.639500,1.640000,1.639500,1.640000
1245267420,1.639900,1.640100,1.639700,1.639700
1245267480,1.639700,1.639700,1.639600,1.639600
1245267540,1.639600,1.639700,1.639600,1.639700
1245267600,1.639700,1.639800,1.639700,1.639800
1245267660,1.639700,1.639900,1.639600,1.639800
1245267720,1.639900,1.639900,1.639800,1.639800
1245267780,1.639700,1.639800,1.639700,1.639700
1245267840,1.639800,1.639800,1.639700,1.639700
1245267900,1.639800,1.640100,1.639800,1.640000
1245267960,1.640000,1.640000,1.640000,1.640000
1245268020,1.640100,1.640300,1.640000,1.640300
1245268080,1.640200,1.640300,1.640200,1.640200
1245268140,1.640000,1.640000,1.639800,1.640000
1245268200,1.640000,1.640200,1.639900,1.640200
1245268260,1.640300,1.640300,1.640200,1.640200
1245268320,1.640400,1.640500,1.640200,1.640300
1245268380,1.640300,1.640300,1.640000,1.640000
1245268440,1.640000,1.640500,1.640000,1.640200
1245268500,1.640100,1.640200,1.640100,1.640200
1245268560,1.640200,1.640300,1.640100,1.640100
1245268620,1.640100,1.640100,1.639900,1.640000
1245268680,1.639900,1.639900,1.639700,1.639700
1245268740,1.639800,1.640500,1.639800,1.640300
1245268800,1.640500,1.640600,1.640000,1.640100
1245268860,1.640100,1.640300,1.639900,1.639900
1245268920,1.640000,1.640100,1.640000,1.640100
1245268980,1.640100,1.640100,1.640000,1.640100
1245269040,1.640200,1.640200,1.640000,1.640100
1245269100,1.640000,1.640000,1.639900,1.639900
1245269160,1.640000,1.640100,1.639800,1.639800
1245269220,1.639700,1.639800,1.639600,1.639600
1245269280,1.639600,1.639700,1.639400,1.639400
1245269340,1.639400,1.639600,1.639400,1.639600
1245269400,1.639500,1.640000,1.639500,1.639900
1245269460,1.639800,1.639900,1.639800,1.639800
1245269580,1.639700,1.639800,1.639600,1.639600
1245269640,1.639700,1.639700,1.639600,1.639700
1245269700,1.639600,1.639700,1.639600,1.639700
1245269820,1.639800,1.639800,1.639800,1.639800
1245269880,1.639900,1.639900,1.639700,1.639800
1245269940,1.639700,1.639700,1.639700,1.639700
1245270000,1.639600,1.639600,1.639500,1.639600
1245270060,1.639700,1.639800,1.639600,1.639700
1245270120,1.639800,1.639800,1.639700,1.639700
1245270180,1.639800,1.640200,1.639500,1.640200
1245270240,1.640200,1.640200,1.639800,1.639800
1245270300,1.639800,1.640600,1.639800,1.640500
1245270360,1.640400,1.640500,1.640300,1.640400
1245270420,1.640300,1.640300,1.640100,1.640100
1245270480,1.640000,1.640200,1.640000,1.640200
1245270540,1.640300,1.640400,1.640200,1.640300
1245270600,1.640000,1.640400,1.639900,1.640300
1245270660,1.640300,1.640500,1.640300,1.640400
1245270720,1.640400,1.640600,1.640300,1.640600
1245270780,1.640400,1.640500,1.640400,1.640500
1245270840,1.640400,1.640400,1.640200,1.640200
1245270900,1.640200,1.640200,1.640200,1.640200
1245270960,1.640200,1.640500,1.640100,1.640500
1245271020,1.640400,1.640400,1.640200,1.640200
1245271080,1.640200,1.640400,1.640200,1.640300
1245271140,1.640300,1.640300,1.640000,1.640100
1245271200,1.640100,1.640300,1.639700,1.640200
1245271260,1.640200,1.640300,1.640200,1.640300
1245271320,1.640300,1.640300,1.639900,1.640000
1245271380,1.640000,1.640000,1.639800,1.639900
1245271440,1.639900,1.639900,1.639900,1.639900
1245271500,1.639800,1.639900,1.639800,1.639900
1245271560,1.639900,1.639900,1.639900,1.639900
1245271620,1.639900,1.639900,1.639900,1.639900
1245271680,1.640000,1.640000,1.640000,1.640000
1245271740,1.639900,1.639900,1.639900,1.639900
1245271800,1.640000,1.640100,1.640000,1.640100
1245271860,1.640100,1.640100,1.639900,1.639900
1245271920,1.639800,1.639900,1.639800,1.639900
1245271980,1.639900,1.639900,1.639900,1.639900
1245272100,1.639900,1.639900,1.639900,1.639900
1245272160,1.640000,1.640200,1.639900,1.639900
1245272280,1.639900,1.639900,1.639900,1.639900
1245272340,1.639900,1.639900,1.639800,1.639900
1245272400,1.639700,1.639900,1.639700,1.639900
1245272460,1.639800,1.639800,1.639800,1.639800
1245272640,1.639700,1.639700,1.639200,1.639200
1245272700,1.639400,1.639400,1.639400,1.639400
1245272760,1.639300,1.639300,1.639300,1.639300
1245272820,1.639400,1.639800,1.639400,1.639800
1245273000,1.639500,1.639600,1.639300,1.639600
1245273060,1.639600,1.639700,1.639600,1.639700
1245273120,1.639600,1.639600,1.639600,1.639600
1245273180,1.639700,1.639900,1.639700,1.639800
1245273240,1.640000,1.640000,1.639800,1.639800
1245273300,1.639900,1.640000,1.639900,1.640000
1245273360,1.640000,1.640600,1.639900,1.640100
1245273420,1.640200,1.640200,1.640200,1.640200
1245273480,1.640100,1.640200,1.640100,1.640200
1245273540,1.640200,1.640300,1.640200,1.640300
1245273600,1.640200,1.640200,1.640200,1.640200
1245273720,1.640200,1.640200,1.640200,1.640200
1245273840,1.640200,1.640200,1.640200,1.640200
1245273900,1.640100,1.640100,1.640100,1.640100
1245274020,1.640000,1.640000,1.639900,1.640000
1245274200,1.639900,1.639900,1.639900,1.639900
1245274260,1.639800,1.639900,1.639800,1.639900
1245274320,1.639900,1.639900,1.639900,1.639900
1245274380,1.639800,1.639800,1.639800,1.639800
1245274440,1.639700,1.639700,1.639200,1.639700
1245274500,1.639700,1.639700,1.639400,1.639500
1245274620,1.639300,1.639600,1.639300,1.639600
1245274680,1.639600,1.639600,1.639600,1.639600
1245274740,1.639600,1.639600,1.639500,1.639600
1245274800,1.639500,1.639500,1.639500,1.639500
1245274860,1.639400,1.639400,1.639300,1.639400
1245274920,1.639400,1.639600,1.639400,1.639400
1245274980,1.639500,1.639500,1.639300,1.639500
1245275040,1.639400,1.639400,1.639400,1.639400
1245275100,1.639200,1.639200,1.638800,1.638800
1245275160,1.638800,1.639000,1.638800,1.639000
1245275220,1.638900,1.638900,1.638900,1.638900
1245275280,1.638900,1.638900,1.638800,1.638800
1245275340,1.638700,1.638800,1.638700,1.638800
1245275400,1.638700,1.638800,1.638700,1.638800
1245275460,1.638700,1.638800,1.638700,1.638700
1245275640,1.638700,1.638700,1.638700,1.638700
1245275760,1.638700,1.638700,1.638700,1.638700
1245276060,1.638800,1.639100,1.638700,1.639000
1245276120,1.638800,1.640000,1.638800,1.639700
1245276180,1.639700,1.639700,1.639100,1.639300
1245276240,1.639400,1.640200,1.639400,1.639800
1245276300,1.639800,1.639900,1.639300,1.639800
1245276360,1.639700,1.639800,1.639300,1.639700
1245276420,1.639600,1.639900,1.639300,1.639700
1245276480,1.639600,1.639700,1.639600,1.639600
1245276540,1.639500,1.639600,1.639500,1.639600
1245276600,1.639500,1.639600,1.639500,1.639500
1245276660,1.639600,1.639600,1.639300,1.639400
1245276720,1.639500,1.639500,1.639500,1.639500
1245276780,1.639600,1.639700,1.639400,1.639700
1245276840,1.639400,1.639500,1.639400,1.639400
1245276900,1.639500,1.639500,1.639400,1.639400
1245276960,1.639400,1.639500,1.639400,1.639400
1245277020,1.639500,1.639600,1.639400,1.639400
1245277080,1.639400,1.639500,1.639400,1.639400
1245277140,1.639400,1.639400,1.639300,1.639300
1245277200,1.639400,1.639400,1.639300,1.639300
1245277260,1.639300,1.639300,1.639100,1.639200
1245277320,1.639300,1.639600,1.639300,1.639600
1245277380,1.639500,1.640100,1.639400,1.640100
1245277440,1.639900,1.639900,1.639900,1.639900
1245277500,1.639800,1.639800,1.639600,1.639600
1245277560,1.639500,1.639500,1.639400,1.639400
1245277620,1.639500,1.639500,1.639400,1.639400
1245277680,1.639500,1.639500,1.639500,1.639500
1245277740,1.639400,1.639600,1.639400,1.639400
1245277800,1.639100,1.639500,1.639100,1.639500
1245277980,1.639400,1.639400,1.639300,1.639300
1245278040,1.639200,1.639400,1.639100,1.639100
1245278100,1.639400,1.639400,1.639100,1.639300
1245278220,1.639300,1.639300,1.639300,1.639300
1245278280,1.639200,1.639200,1.639000,1.639100
1245278340,1.639000,1.639000,1.638900,1.639000
1245278400,1.638900,1.638900,1.638900,1.638900
1245278460,1.639000,1.639000,1.638900,1.639000
1245278580,1.639000,1.639000,1.638900,1.638900
1245278640,1.638900,1.638900,1.638300,1.638500
1245278700,1.638600,1.638600,1.638400,1.638500
1245278760,1.638600,1.638600,1.638400,1.638500
1245278820,1.638400,1.638500,1.638100,1.638200
1245278880,1.638300,1.638300,1.638200,1.638200
1245278940,1.638300,1.638300,1.637600,1.637600
1245279000,1.637900,1.638100,1.637600,1.637900
1245279060,1.637800,1.638600,1.637700,1.638500
1245279120,1.638400,1.638700,1.638200,1.638200
1245279180,1.638200,1.638200,1.638200,1.638200
1245279240,1.638300,1.638300,1.638200,1.638200
1245279300,1.638200,1.638200,1.638200,1.638200
1245279360,1.638300,1.638400,1.638200,1.638300
1245279420,1.638400,1.638400,1.638200,1.638300
1245279600,1.638200,1.638400,1.638200,1.638200
1245279660,1.638200,1.638200,1.638200,1.638200
1245279900,1.638000,1.638100,1.638000,1.638100
1245279960,1.638100,1.638100,1.638000,1.638000
1245280020,1.638100,1.638100,1.638000,1.638000
1245280080,1.638000,1.638100,1.638000,1.638100
1245280200,1.638100,1.638100,1.638100,1.638100
1245280260,1.638100,1.638500,1.638100,1.638500
1245280320,1.638500,1.639100,1.638300,1.639100
1245280380,1.638900,1.639600,1.638800,1.639600
1245280440,1.639600,1.639900,1.639200,1.639500
1245280500,1.639500,1.639700,1.639400,1.639700
1245280560,1.639700,1.639800,1.639700,1.639700
1245280620,1.639800,1.640100,1.639700,1.639800
1245280680,1.639900,1.639900,1.639500,1.639700
1245280740,1.639600,1.639600,1.639600,1.639600
1245280800,1.639500,1.639500,1.639100,1.639200
1245280860,1.639200,1.639200,1.639000,1.639000
1245280920,1.639000,1.639100,1.639000,1.639000
1245280980,1.639000,1.639000,1.638700,1.638800
1245281040,1.638800,1.638800,1.638800,1.638800
1245281160,1.638800,1.638800,1.638800,1.638800
1245281220,1.638900,1.638900,1.638800,1.638800
1245281280,1.638900,1.638900,1.638800,1.638800
1245281400,1.638900,1.638900,1.638800,1.638800
1245281460,1.638900,1.638900,1.638900,1.638900
1245281520,1.639000,1.639000,1.639000,1.639000
1245281580,1.639100,1.639600,1.639100,1.639500
1245281640,1.639600,1.639600,1.639400,1.639600
1245281700,1.639500,1.639700,1.639500,1.639700
1245281760,1.639600,1.639700,1.639600,1.639600
1245281820,1.639700,1.639700,1.639600,1.639600
1245281880,1.639700,1.639700,1.639600,1.639600
1245282000,1.639500,1.639600,1.639400,1.639500
1245282060,1.639600,1.639600,1.639400,1.639400
1245282120,1.639400,1.639500,1.639300,1.639300
1245282180,1.639500,1.639700,1.639500,1.639700
1245282240,1.639700,1.640400,1.639600,1.640200
1245282300,1.640300,1.640300,1.639900,1.640000
1245282420,1.640100,1.640100,1.640000,1.640000
1245282480,1.640100,1.640400,1.640000,1.640400
1245282540,1.640600,1.640700,1.640400,1.640700
1245282600,1.640800,1.641000,1.640700,1.640800
1245282660,1.640900,1.641000,1.640400,1.640500
1245282720,1.640300,1.640800,1.640200,1.640600
1245282780,1.640500,1.640600,1.640000,1.640000
1245282840,1.640000,1.640200,1.640000,1.640200
1245282900,1.640100,1.640800,1.640100,1.640800
1245282960,1.640700,1.642100,1.640600,1.642100
1245283020,1.641900,1.642300,1.641900,1.642100
1245283080,1.642100,1.642700,1.642000,1.642700
1245283140,1.642800,1.642800,1.642200,1.642700
1245283200,1.642600,1.642600,1.641900,1.642100
1245283260,1.642000,1.642000,1.641500,1.641500
1245283320,1.641300,1.641400,1.641200,1.641300
1245283380,1.641200,1.641200,1.641000,1.641000
1245283440,1.640900,1.640900,1.640600,1.640900
1245283500,1.640700,1.640700,1.640500,1.640500
1245283560,1.640500,1.640500,1.639700,1.640100
1245283620,1.640100,1.640100,1.639900,1.640000
1245283680,1.640000,1.640100,1.640000,1.640000
1245283740,1.640000,1.640000,1.639200,1.639700
1245283800,1.639600,1.639600,1.639100,1.639300
1245283860,1.639200,1.639400,1.639200,1.639300
1245283920,1.639300,1.639300,1.638900,1.638900
1245283980,1.638900,1.639000,1.638600,1.638700
1245284040,1.638600,1.638800,1.638200,1.638600
1245284100,1.638500,1.639400,1.638500,1.639400
1245284160,1.639300,1.639600,1.639300,1.639300
1245284220,1.639200,1.639200,1.639000,1.639000
1245284280,1.638900,1.639000,1.638800,1.638900
1245284340,1.639000,1.639500,1.639000,1.639500
1245284400,1.639300,1.639700,1.639300,1.639700
1245284460,1.639700,1.639700,1.639400,1.639500
1245284520,1.639600,1.640400,1.639600,1.640400
1245284580,1.640500,1.640900,1.640500,1.640800
1245284640,1.640600,1.640800,1.640200,1.640500
1245284700,1.640400,1.640500,1.640300,1.640400
1245284760,1.640400,1.640400,1.640100,1.640200
1245284820,1.640200,1.640200,1.639700,1.639700
1245284880,1.639600,1.639700,1.639600,1.639700
1245284940,1.639700,1.639800,1.639600,1.639700
1245285000,1.639600,1.640100,1.639600,1.639800
1245285060,1.639900,1.640000,1.638800,1.638800
1245285120,1.638800,1.639000,1.638700,1.639000
1245285180,1.639000,1.639100,1.639000,1.639100
1245285240,1.639200,1.639800,1.639200,1.639800
1245285300,1.639800,1.639800,1.639800,1.639800
1245285360,1.639700,1.639800,1.639700,1.639800
1245285420,1.639800,1.639900,1.639800,1.639900
1245285480,1.639800,1.640200,1.639800,1.640200
1245285540,1.640300,1.640600,1.640100,1.640300
1245285600,1.640400,1.640700,1.640300,1.640400
1245285660,1.640300,1.640300,1.640300,1.640300
1245285720,1.640400,1.640400,1.640400,1.640400
1245285780,1.640500,1.640700,1.640500,1.640500
1245285840,1.640600,1.640700,1.640400,1.640500
1245285900,1.640400,1.640500,1.640100,1.640100
1245285960,1.640200,1.640200,1.639700,1.639700
1245286020,1.639600,1.639800,1.639600,1.639600
1245286080,1.639600,1.639600,1.639500,1.639500
1245286140,1.639600,1.639800,1.639500,1.639500
1245286200,1.639400,1.639500,1.639400,1.639500
1245286260,1.639500,1.639700,1.639500,1.639700
1245286320,1.639800,1.640000,1.639800,1.639900
1245286380,1.639900,1.639900,1.639300,1.639400
1245286440,1.639500,1.639600,1.639200,1.639500
1245286500,1.639400,1.639600,1.639100,1.639400
1245286560,1.639300,1.639800,1.639300,1.639600
1245286620,1.639500,1.639800,1.639300,1.639500
1245286680,1.639700,1.639700,1.639300,1.639400
1245286740,1.639300,1.639300,1.638800,1.639200
1245286800,1.639300,1.639600,1.639300,1.639300
1245286860,1.639300,1.640100,1.639300,1.640100
1245286920,1.640200,1.640200,1.640000,1.640100
1245286980,1.640000,1.640500,1.640000,1.640200
1245287040,1.640100,1.640200,1.640000,1.640200
1245287100,1.640200,1.640700,1.640200,1.640700
1245287160,1.640600,1.641300,1.640600,1.641300
1245287220,1.641300,1.642100,1.641300,1.642100
1245287280,1.642100,1.642100,1.641100,1.641200
1245287340,1.641200,1.641300,1.641100,1.641300
1245287400,1.641400,1.641800,1.641400,1.641800
1245287460,1.641700,1.641800,1.641200,1.641300
1245287520,1.641100,1.641100,1.640800,1.640800
1245287580,1.640900,1.641100,1.640700,1.640700
1245287640,1.640600,1.640800,1.640500,1.640700
1245287700,1.640800,1.640800,1.640600,1.640600
1245287760,1.640600,1.640700,1.640500,1.640500
1245287820,1.640600,1.640800,1.640200,1.640200
1245287880,1.640200,1.640200,1.638800,1.639100
1245287940,1.639000,1.639100,1.638700,1.638900
1245288000,1.638800,1.638900,1.638200,1.638400
1245288060,1.638500,1.639000,1.638400,1.638600
1245288120,1.638700,1.638700,1.637700,1.637900
1245288180,1.637900,1.638400,1.637800,1.638400
1245288240,1.638400,1.638500,1.638400,1.638400
1245288300,1.638400,1.639000,1.638300,1.638800
1245288360,1.639000,1.639000,1.638800,1.638900
1245288420,1.638900,1.639300,1.638900,1.639200
1245288480,1.639100,1.639300,1.639000,1.639100
1245288540,1.639000,1.639200,1.638500,1.638500
1245288600,1.638700,1.638700,1.638500,1.638600
1245288660,1.638600,1.638900,1.638600,1.638800
1245288720,1.638800,1.638900,1.638700,1.638700
1245288780,1.638800,1.639000,1.638700,1.638900
1245288840,1.638800,1.638900,1.637900,1.637900
1245288900,1.637900,1.638200,1.637600,1.638200
1245288960,1.638100,1.638200,1.637700,1.637700
1245289020,1.637800,1.637800,1.637500,1.637500
1245289080,1.637600,1.637600,1.636500,1.636500
1245289140,1.636600,1.637500,1.636500,1.637100
1245289200,1.637100,1.638000,1.637000,1.637100
1245289260,1.637400,1.637400,1.636700,1.636800
1245289320,1.636900,1.637200,1.636900,1.637200
1245289380,1.636900,1.637300,1.636900,1.637300
1245289440,1.637400,1.637500,1.637300,1.637500
1245289500,1.637400,1.637600,1.637400,1.637600
1245289560,1.637600,1.637600,1.637600,1.637600
1245289620,1.637700,1.637700,1.637400,1.637400
1245289680,1.637500,1.637500,1.637500,1.637500
1245289740,1.637400,1.637400,1.636800,1.636800
1245289800,1.636500,1.637100,1.636400,1.637100
1245289860,1.637000,1.637000,1.637000,1.637000
1245289920,1.637100,1.637300,1.637100,1.637200
1245289980,1.637100,1.637100,1.636900,1.637000
1245290040,1.637000,1.637200,1.636900,1.637100
1245290100,1.637100,1.637500,1.637100,1.637500
1245290160,1.637600,1.637700,1.637600,1.637700
1245290220,1.637700,1.637700,1.637700,1.637700
1245290280,1.637600,1.637600,1.637200,1.637300
1245290340,1.637200,1.637700,1.637200,1.637700
1245290400,1.637700,1.637800,1.637600,1.637700
1245290460,1.637600,1.637600,1.637600,1.637600
1245290520,1.637600,1.638100,1.637600,1.637900
1245290580,1.637900,1.638200,1.637900,1.638100
1245290640,1.638100,1.638200,1.638000,1.638000
1245290760,1.638100,1.638100,1.638000,1.638000
1245290820,1.637900,1.638100,1.637900,1.638000
1245290880,1.638200,1.638200,1.638000,1.638100
1245290940,1.638100,1.638700,1.638100,1.638400
1245291000,1.638100,1.638100,1.637500,1.637700
1245291060,1.637500,1.637600,1.637400,1.637500
1245291120,1.637500,1.637700,1.637500,1.637600
1245291180,1.637700,1.637800,1.637600,1.637800
1245291240,1.637700,1.637900,1.637600,1.637800
1245291300,1.637800,1.638500,1.637700,1.638400
1245291360,1.638300,1.638400,1.638200,1.638300
1245291420,1.638200,1.638200,1.638000,1.638100
1245291480,1.638300,1.638400,1.638200,1.638400
1245291540,1.638400,1.638400,1.637900,1.637900
1245291600,1.638200,1.638200,1.638000,1.638000
1245291720,1.638000,1.638100,1.638000,1.638000
1245291780,1.638000,1.638000,1.638000,1.638000
1245291840,1.638100,1.638200,1.638000,1.638000
1245291900,1.638100,1.638200,1.638100,1.638100
1245291960,1.638000,1.638000,1.637900,1.638000
1245292020,1.638100,1.638100,1.637900,1.638000
1245292080,1.638100,1.638100,1.638100,1.638100
1245292140,1.638000,1.638300,1.638000,1.638300
1245292200,1.638400,1.638600,1.638400,1.638600
1245292260,1.638700,1.639000,1.638700,1.638700
1245292320,1.638700,1.638800,1.638700,1.638700
1245292380,1.638700,1.638800,1.638700,1.638800
1245292440,1.638700,1.639100,1.638700,1.639000
1245292500,1.639100,1.639100,1.638800,1.638800
1245292560,1.638800,1.638900,1.638600,1.638700
1245292620,1.638700,1.638700,1.638600,1.638700
1245292680,1.638800,1.638800,1.638700,1.638700
1245292740,1.638700,1.638900,1.638600,1.638800
1245292800,1.638700,1.638800,1.638600,1.638600
1245292860,1.638500,1.638700,1.638500,1.638700
1245292920,1.638600,1.638800,1.638600,1.638800
1245292980,1.638900,1.638900,1.638800,1.638800
1245293040,1.638900,1.639300,1.638900,1.639300
1245293100,1.639200,1.639700,1.639200,1.639600
1245293160,1.639600,1.639600,1.639200,1.639600
1245293220,1.639600,1.639600,1.639400,1.639400
1245293280,1.639300,1.639300,1.639100,1.639300
1245293340,1.639200,1.639200,1.639200,1.639200
1245293400,1.639200,1.639200,1.639000,1.639000
1245293460,1.639100,1.639100,1.639000,1.639000
1245293520,1.639100,1.639200,1.639100,1.639200
1245293580,1.639200,1.639200,1.639100,1.639100
1245293640,1.639000,1.639300,1.639000,1.639100
1245293700,1.639200,1.639300,1.639100,1.639100
1245293760,1.639100,1.639400,1.639100,1.639400
1245294060,1.639400,1.639600,1.639400,1.639600
1245294120,1.639600,1.639700,1.639600,1.639700
1245294180,1.639800,1.640300,1.639800,1.640200
1245294240,1.640100,1.640400,1.640000,1.640400
1245294300,1.640500,1.640600,1.640400,1.640600
1245294360,1.640500,1.641100,1.640500,1.641100
1245294420,1.641200,1.641300,1.640700,1.640700
1245294480,1.640800,1.640800,1.640500,1.640500
1245294540,1.640500,1.640500,1.640000,1.640200
1245294600,1.640100,1.640200,1.640100,1.640200
1245294660,1.640200,1.640300,1.640200,1.640200
1245294720,1.640300,1.640300,1.640000,1.640000
1245294780,1.640000,1.640000,1.639800,1.639800
1245294840,1.639800,1.639900,1.639800,1.639900
1245294900,1.639900,1.639900,1.639800,1.639900
1245294960,1.639900,1.639900,1.639800,1.639900
1245295020,1.639800,1.639900,1.639400,1.639400
1245295080,1.639500,1.639500,1.639200,1.639200
1245295140,1.639200,1.639200,1.638900,1.638900
1245295200,1.638900,1.639100,1.638800,1.639100
1245295260,1.639200,1.639200,1.639000,1.639100
1245295320,1.639000,1.639100,1.639000,1.639100
1245295380,1.639200,1.639200,1.639100,1.639100
1245295440,1.639000,1.639100,1.638600,1.638700
1245295500,1.638600,1.638600,1.638500,1.638500
1245295560,1.638400,1.638500,1.638400,1.638500
1245295620,1.638400,1.638400,1.637700,1.637900
1245295680,1.637800,1.637800,1.637400,1.637400
1245295740,1.637400,1.637900,1.637400,1.637700
1245295800,1.637600,1.637600,1.637500,1.637600
1245295860,1.637500,1.637700,1.637500,1.637700
1245295920,1.637700,1.637900,1.637600,1.637900
1245295980,1.637800,1.638000,1.637800,1.637900
1245296040,1.638000,1.638000,1.637900,1.638000
1245296100,1.637900,1.638400,1.637900,1.638400
1245296160,1.638400,1.638700,1.638400,1.638500
1245296220,1.638600,1.638600,1.638600,1.638600
1245296280,1.638500,1.638600,1.638500,1.638600
1245296520,1.638700,1.638700,1.638600,1.638600
1245296640,1.638500,1.638600,1.638500,1.638600
1245296760,1.638500,1.638500,1.638500,1.638500
1245296820,1.638400,1.638400,1.638100,1.638200
1245296880,1.638400,1.638400,1.638200,1.638300
1245296940,1.638300,1.638300,1.638200,1.638300
1245297000,1.638400,1.638600,1.638300,1.638400
1245297060,1.638500,1.638500,1.638400,1.638500
1245297120,1.638600,1.638600,1.638500,1.638600
1245297180,1.638500,1.638500,1.638500,1.638500
1245297240,1.638400,1.638500,1.638200,1.638300
1245297300,1.638300,1.638400,1.638200,1.638300
1245297360,1.638300,1.638400,1.638300,1.638400
1245297420,1.638500,1.638800,1.638400,1.638600
1245297480,1.638800,1.639100,1.638800,1.638900
1245297540,1.639000,1.639000,1.639000,1.639000
