time,open,high,low,close
1337227200,0.942240,0.942340,0.942240,0.942290
1337227260,0.942310,0.942320,0.942070,0.942070
1337227320,0.942080,0.942150,0.941930,0.941980
1337227380,0.941970,0.942020,0.941940,0.941960
1337227440,0.941990,0.942100,0.941950,0.942050
1337227500,0.942010,0.942040,0.941940,0.942000
1337227560,0.942020,0.942060,0.942000,0.942050
1337227620,0.942030,0.942100,0.942000,0.942100
1337227680,0.942140,0.942150,0.942090,0.942120
1337227740,0.942130,0.942150,0.942110,0.942130
1337227800,0.942120,0.942150,0.942110,0.942140
1337227860,0.942160,0.942210,0.942110,0.942160
1337227920,0.942150,0.942220,0.942100,0.942200
1337227980,0.942210,0.942210,0.942160,0.942170
1337228040,0.942160,0.942220,0.942120,0.942220
1337228100,0.942200,0.942220,0.942080,0.942110
1337228160,0.942100,0.942160,0.942070,0.942140
1337228220,0.942130,0.942240,0.942130,0.942170
1337228280,0.942200,0.942220,0.942190,0.942220
1337228340,0.942230,0.942240,0.942190,0.942230
1337228400,0.942220,0.942290,0.942200,0.942260
1337228460,0.942290,0.942290,0.942220,0.942280
1337228520,0.942270,0.942290,0.942270,0.942280
1337228580,0.942270,0.942360,0.942220,0.942220
1337228640,0.942230,0.942300,0.942230,0.942300
1337228700,0.942290,0.942300,0.942250,0.942280
1337228760,0.942270,0.942370,0.942260,0.942330
1337228820,0.942320,0.942330,0.942250,0.942300
1337228880,0.942290,0.942360,0.942290,0.942350
1337228940,0.942370,0.942480,0.942310,0.942350
1337229000,0.942340,0.942450,0.942240,0.942450
1337229060,0.942440,0.942490,0.942350,0.942420
1337229120,0.942440,0.942440,0.942310,0.942380
1337229180,0.942420,0.942520,0.942400,0.942420
1337229240,0.942430,0.942520,0.942380,0.942410
1337229300,0.942420,0.942480,0.942370,0.942470
1337229360,0.942460,0.942530,0.942370,0.942440
1337229420,0.942430,0.942450,0.942300,0.942440
1337229480,0.942430,0.942540,0.942430,0.942530
1337229540,0.942510,0.942520,0.942360,0.942360
1337229600,0.942370,0.942470,0.942310,0.942420
1337229660,0.942410,0.942460,0.942370,0.942440
1337229720,0.942420,0.942500,0.942370,0.942490
1337229780,0.942500,0.942810,0.942460,0.942730
1337229840,0.942690,0.942760,0.942270,0.942580
1337229900,0.942600,0.942770,0.942580,0.942720
1337229960,0.942710,0.942800,0.942710,0.942800
1337230020,0.942770,0.942850,0.942770,0.942820
1337230080,0.942810,0.942810,0.942580,0.942680
1337230140,0.942640,0.942660,0.942610,0.942610
1337230200,0.942620,0.942650,0.942510,0.942530
1337230260,0.942540,0.942690,0.942460,0.942470
1337230320,0.942490,0.942630,0.942490,0.942510
1337230380,0.942530,0.942660,0.942530,0.942600
1337230440,0.942590,0.942630,0.942510,0.942560
1337230500,0.942570,0.942590,0.942490,0.942520
1337230560,0.942510,0.942590,0.942510,0.942560
1337230620,0.942540,0.942560,0.942480,0.942550
1337230680,0.942540,0.942550,0.942490,0.942530
1337230740,0.942540,0.942560,0.942410,0.942420
1337230800,0.942430,0.942580,0.942420,0.942470
1337230860,0.942480,0.942600,0.942430,0.942490
1337230920,0.942500,0.942550,0.942480,0.942550
1337230980,0.942540,0.942630,0.942540,0.942570
1337231040,0.942590,0.942670,0.942540,0.942570
1337231100,0.942560,0.942570,0.942380,0.942510
1337231160,0.942490,0.942540,0.942420,0.942540
1337231220,0.942530,0.942550,0.942530,0.942550
1337231280,0.942560,0.942690,0.942550,0.942610
1337231340,0.942640,0.942660,0.942570,0.942600
1337231400,0.942590,0.942670,0.942530,0.942530
1337231460,0.942510,0.942620,0.942500,0.942570
1337231520,0.942580,0.942710,0.942580,0.942670
1337231580,0.942660,0.942740,0.942490,0.942580
1337231640,0.942560,0.942750,0.942540,0.942730
1337231700,0.942740,0.942850,0.942740,0.942800
1337231760,0.942820,0.942950,0.942800,0.942860
1337231820,0.942870,0.942890,0.942800,0.942810
1337231880,0.942800,0.942940,0.942780,0.942930
1337231940,0.942940,0.942950,0.942870,0.942900
1337232000,0.942880,0.942900,0.942670,0.942730
1337232060,0.942710,0.942720,0.942490,0.942510
1337232120,0.942470,0.942530,0.942390,0.942480
1337232180,0.942500,0.942600,0.942470,0.942580
1337232240,0.942560,0.942600,0.942550,0.942580
1337232300,0.942600,0.942840,0.942570,0.942810
1337232360,0.942820,0.942820,0.942570,0.942680
1337232420,0.942690,0.942720,0.942610,0.942640
1337232480,0.942630,0.942680,0.942550,0.942650
1337232540,0.942660,0.942660,0.942560,0.942650
1337232600,0.942680,0.942700,0.942600,0.942690
1337232660,0.942680,0.942690,0.942520,0.942540
1337232720,0.942520,0.942660,0.942510,0.942530
1337232780,0.942550,0.942560,0.942500,0.942540
1337232840,0.942550,0.942640,0.942420,0.942460
1337232900,0.942470,0.942470,0.942360,0.942390
1337232960,0.942400,0.942400,0.942020,0.942030
1337233020,0.942010,0.942200,0.941920,0.942080
1337233080,0.942070,0.942150,0.942050,0.942090
1337233140,0.942130,0.942200,0.942090,0.942160
1337233200,0.942180,0.942250,0.942140,0.942250
1337233260,0.942230,0.942250,0.942140,0.942170
1337233320,0.942160,0.942220,0.942140,0.942200
1337233380,0.942190,0.942250,0.942160,0.942200
1337233440,0.942210,0.942250,0.942150,0.942220
1337233500,0.942230,0.942250,0.942160,0.942190
1337233560,0.942210,0.942230,0.942100,0.942160
1337233620,0.942150,0.942230,0.942120,0.942230
1337233680,0.942220,0.942300,0.942200,0.942300
1337233740,0.942310,0.942350,0.942270,0.942290
1337233800,0.942260,0.942450,0.942160,0.942400
1337233860,0.942430,0.942430,0.942270,0.942280
1337233920,0.942290,0.942430,0.942290,0.942290
1337233980,0.942270,0.942310,0.942250,0.942310
1337234040,0.942330,0.942330,0.942150,0.942200
1337234100,0.942190,0.942280,0.942110,0.942130
1337234160,0.942150,0.942230,0.942100,0.942210
1337234220,0.942200,0.942300,0.942180,0.942300
1337234280,0.942310,0.942400,0.942250,0.942330
1337234340,0.942380,0.942500,0.942370,0.942490
1337234400,0.942500,0.942660,0.942490,0.942540
1337234460,0.942590,0.942600,0.942500,0.942570
1337234520,0.942590,0.942660,0.942500,0.942580
1337234580,0.942570,0.942650,0.942570,0.942590
1337234640,0.942610,0.942690,0.942540,0.942620
1337234700,0.942610,0.942730,0.942600,0.942710
1337234760,0.942720,0.942790,0.942600,0.942620
1337234820,0.942630,0.942770,0.942600,0.942770
1337234880,0.942760,0.942910,0.942720,0.942840
1337234940,0.942830,0.943050,0.942730,0.942760
1337235000,0.942740,0.942780,0.942660,0.942760
1337235060,0.942770,0.942770,0.942630,0.942680
1337235120,0.942720,0.942810,0.942630,0.942640
1337235180,0.942650,0.942850,0.942610,0.942750
1337235240,0.942740,0.942760,0.942630,0.942630
1337235300,0.942620,0.942750,0.942610,0.942670
1337235360,0.942630,0.942640,0.942530,0.942550
1337235420,0.942540,0.942540,0.942390,0.942490
1337235480,0.942500,0.942540,0.942300,0.942330
1337235540,0.942350,0.942350,0.942200,0.942200
1337235600,0.942210,0.942430,0.942210,0.942430
1337235660,0.942460,0.942520,0.942400,0.942520
1337235720,0.942510,0.942510,0.942430,0.942490
1337235780,0.942440,0.942460,0.942250,0.942280
1337235840,0.942250,0.942470,0.942230,0.942470
1337235900,0.942490,0.942740,0.942480,0.942710
1337235960,0.942720,0.942720,0.942380,0.942490
1337236020,0.942500,0.942500,0.942380,0.942390
1337236080,0.942380,0.942690,0.942380,0.942640
1337236140,0.942630,0.942790,0.942630,0.942710
1337236200,0.942720,0.942760,0.942670,0.942750
1337236260,0.942760,0.942850,0.942700,0.942840
1337236320,0.942830,0.942980,0.942760,0.942940
1337236380,0.942930,0.943050,0.942910,0.942990
1337236440,0.942980,0.943270,0.942870,0.942900
1337236500,0.942890,0.943090,0.942880,0.943080
1337236560,0.943110,0.943360,0.943100,0.943240
1337236620,0.943210,0.943230,0.943130,0.943150
1337236680,0.943160,0.943330,0.943120,0.943330
1337236740,0.943320,0.943320,0.943160,0.943190
1337236800,0.943170,0.943190,0.943010,0.943050
1337236860,0.943060,0.943060,0.943010,0.943030
1337236920,0.943040,0.943320,0.943030,0.943310
1337236980,0.943300,0.943460,0.943300,0.943450
1337237040,0.943460,0.943680,0.943430,0.943580
1337237100,0.943600,0.943600,0.943360,0.943440
1337237160,0.943450,0.943540,0.943390,0.943540
1337237220,0.943590,0.943930,0.943590,0.943890
1337237280,0.943900,0.943910,0.943550,0.943640
1337237340,0.943620,0.943660,0.943540,0.943600
1337237400,0.943610,0.943740,0.943610,0.943690
1337237460,0.943680,0.943680,0.943320,0.943360
1337237520,0.943370,0.943650,0.943340,0.943540
1337237580,0.943520,0.943520,0.943340,0.943340
1337237640,0.943350,0.943380,0.943180,0.943190
1337237700,0.943200,0.943320,0.943120,0.943290
1337237760,0.943240,0.943260,0.943010,0.943040
1337237820,0.943050,0.943140,0.943050,0.943070
1337237880,0.943080,0.943260,0.943080,0.943230
1337237940,0.943220,0.943390,0.943220,0.943390
1337238000,0.943370,0.943830,0.943360,0.943400
1337238060,0.943390,0.943390,0.943130,0.943350
1337238120,0.943340,0.943520,0.943290,0.943340
1337238180,0.943350,0.943630,0.943340,0.943630
1337238240,0.943640,0.943730,0.943490,0.943690
1337238300,0.943720,0.943880,0.943720,0.943790
1337238360,0.943780,0.944240,0.943540,0.944220
1337238420,0.944230,0.944230,0.943990,0.944030
1337238480,0.944040,0.944170,0.944000,0.944110
1337238540,0.944120,0.944240,0.944030,0.944220
1337238600,0.944200,0.944260,0.944010,0.944230
1337238660,0.944240,0.944270,0.944020,0.944020
1337238720,0.944040,0.944040,0.943690,0.943740
1337238780,0.943770,0.943880,0.943620,0.943650
1337238840,0.943670,0.944230,0.943660,0.944180
1337238900,0.944190,0.944460,0.944140,0.944210
1337238960,0.944200,0.944560,0.944120,0.944510
1337239020,0.944490,0.944500,0.944270,0.944410
1337239080,0.944390,0.944410,0.944120,0.944340
1337239140,0.944350,0.944510,0.944340,0.944360
1337239200,0.944340,0.944480,0.944260,0.944320
1337239260,0.944280,0.944330,0.944160,0.944180
1337239320,0.944170,0.944370,0.944110,0.944130
1337239380,0.944120,0.944130,0.943990,0.943990
1337239440,0.944010,0.944380,0.943990,0.944130
1337239500,0.944120,0.944120,0.943920,0.944080
1337239560,0.944100,0.944180,0.943960,0.944060
1337239620,0.944050,0.944200,0.943830,0.944100
1337239680,0.944110,0.944220,0.944040,0.944100
1337239740,0.944080,0.944080,0.943900,0.944030
1337239800,0.944050,0.944110,0.943880,0.943880
1337239860,0.943890,0.944040,0.943880,0.943890
1337239920,0.943900,0.944120,0.943900,0.944100
1337239980,0.944090,0.944120,0.943930,0.943930
1337240040,0.943920,0.944010,0.943830,0.943840
1337240100,0.943830,0.943830,0.943670,0.943770
1337240160,0.943760,0.943810,0.943680,0.943720
1337240220,0.943710,0.943710,0.943550,0.943640
1337240280,0.943650,0.943670,0.943470,0.943500
1337240340,0.943490,0.943500,0.943390,0.943410
1337240400,0.943390,0.943510,0.943330,0.943490
1337240460,0.943500,0.943600,0.943420,0.943490
1337240520,0.943470,0.943690,0.943360,0.943670
1337240580,0.943680,0.943680,0.943400,0.943420
1337240640,0.943410,0.943480,0.943280,0.943480
1337240700,0.943490,0.943510,0.943170,0.943180
1337240760,0.943150,0.943210,0.942960,0.943020
1337240820,0.943050,0.943320,0.943030,0.943320
1337240880,0.943310,0.943440,0.943120,0.943320
1337240940,0.943290,0.943370,0.943080,0.943300
1337241000,0.943320,0.943390,0.943290,0.943370
1337241060,0.943380,0.943550,0.943360,0.943470
1337241120,0.943490,0.943580,0.943370,0.943580
1337241180,0.943610,0.943850,0.943590,0.943730
1337241240,0.943760,0.943790,0.943540,0.943640
1337241300,0.943650,0.943760,0.943640,0.943750
1337241360,0.943760,0.944020,0.943750,0.943840
1337241420,0.943830,0.943860,0.943550,0.943860
1337241480,0.943880,0.944000,0.943820,0.943820
1337241540,0.943800,0.943980,0.943750,0.943820
1337241600,0.943810,0.944100,0.943810,0.943900
1337241660,0.943890,0.944050,0.943830,0.943910
1337241720,0.943900,0.943910,0.943770,0.943810
1337241780,0.943800,0.943900,0.943730,0.943900
1337241840,0.943890,0.944100,0.943830,0.944000
1337241900,0.943990,0.944030,0.943730,0.943730
1337241960,0.943740,0.943760,0.943650,0.943650
1337242020,0.943660,0.943690,0.943500,0.943560
1337242080,0.943580,0.943720,0.943580,0.943680
1337242140,0.943720,0.943740,0.943510,0.943550
1337242200,0.943540,0.943580,0.943420,0.943550
1337242260,0.943540,0.943570,0.943400,0.943490
1337242320,0.943510,0.943690,0.943510,0.943690
1337242380,0.943700,0.943940,0.943690,0.943870
1337242440,0.943860,0.943860,0.943680,0.943830
1337242500,0.943840,0.943930,0.943810,0.943830
1337242560,0.943810,0.943810,0.943600,0.943750
1337242620,0.943760,0.943780,0.943530,0.943670
1337242680,0.943680,0.943780,0.943660,0.943760
1337242740,0.943770,0.944050,0.943760,0.943900
1337242800,0.943910,0.943910,0.943740,0.943780
1337242860,0.943790,0.943860,0.943760,0.943770
1337242920,0.943760,0.944670,0.943750,0.944490
1337242980,0.944480,0.944500,0.944190,0.944370
1337243040,0.944380,0.944430,0.944330,0.944360
1337243100,0.944350,0.944610,0.944270,0.944450
1337243160,0.944440,0.944560,0.944280,0.944290
1337243220,0.944280,0.944520,0.944200,0.944280
1337243280,0.944270,0.944650,0.944270,0.944540
1337243340,0.944520,0.944550,0.944340,0.944450
1337243400,0.944470,0.944510,0.944360,0.944360
1337243460,0.944370,0.944370,0.944090,0.944200
1337243520,0.944150,0.944230,0.944070,0.944070
1337243580,0.944060,0.944140,0.943960,0.944130
1337243640,0.944140,0.944350,0.944120,0.944280
1337243700,0.944290,0.944300,0.944120,0.944230
1337243760,0.944240,0.944350,0.944130,0.944140
1337243820,0.944170,0.944280,0.944120,0.944180
1337243880,0.944200,0.944400,0.944170,0.944390
1337243940,0.944350,0.944380,0.944110,0.944120
1337244000,0.944130,0.944240,0.944060,0.944240
1337244060,0.944260,0.944270,0.944060,0.944120
1337244120,0.944130,0.944130,0.943850,0.943880
1337244180,0.943910,0.944010,0.943430,0.943720
1337244240,0.943710,0.943740,0.943460,0.943690
1337244300,0.943660,0.943660,0.943390,0.943510
1337244360,0.943520,0.943650,0.943300,0.943550
1337244420,0.943540,0.943770,0.943480,0.943570
1337244480,0.943600,0.943780,0.943600,0.943660
1337244540,0.943640,0.943800,0.943580,0.943650
1337244600,0.943680,0.944010,0.943660,0.943990
1337244660,0.943980,0.944320,0.943950,0.943980
1337244720,0.943970,0.944240,0.943970,0.944090
1337244780,0.944110,0.944130,0.943900,0.943900
1337244840,0.943920,0.944270,0.943920,0.944080
1337244900,0.944110,0.944410,0.944040,0.944400
1337244960,0.944420,0.944510,0.944300,0.944340
1337245020,0.944350,0.944380,0.944050,0.944150
1337245080,0.944160,0.944220,0.944120,0.944170
1337245140,0.944180,0.944220,0.943990,0.944020
1337245200,0.944010,0.944570,0.944000,0.944490
1337245260,0.944510,0.944540,0.944280,0.944540
1337245320,0.944530,0.944590,0.944270,0.944280
1337245380,0.944290,0.944590,0.944260,0.944550
1337245440,0.944570,0.945110,0.944540,0.944790
1337245500,0.944780,0.944820,0.944600,0.944800
1337245560,0.944770,0.944860,0.944610,0.944630
1337245620,0.944650,0.944740,0.944500,0.944500
1337245680,0.944510,0.944560,0.944400,0.944420
1337245740,0.944430,0.944450,0.944300,0.944350
1337245800,0.944360,0.944560,0.944130,0.944190
1337245860,0.944180,0.944300,0.944030,0.944040
1337245920,0.944060,0.944280,0.944060,0.944270
1337245980,0.944280,0.944560,0.944270,0.944530
1337246040,0.944540,0.944610,0.944350,0.944370
1337246100,0.944380,0.944500,0.944370,0.944450
1337246160,0.944470,0.944530,0.944430,0.944490
1337246220,0.944470,0.944570,0.944440,0.944470
1337246280,0.944450,0.944490,0.944410,0.944450
1337246340,0.944420,0.944850,0.944350,0.944830
1337246400,0.944840,0.944840,0.944560,0.944660
1337246460,0.944670,0.945030,0.944640,0.945020
1337246520,0.945030,0.945210,0.944870,0.944890
1337246580,0.944900,0.944950,0.944820,0.944900
1337246640,0.944890,0.944960,0.944740,0.944800
1337246700,0.944790,0.944830,0.944650,0.944650
1337246760,0.944640,0.944810,0.944570,0.944630
1337246820,0.944620,0.944970,0.944530,0.944880
1337246880,0.944890,0.944990,0.944830,0.944850
1337246940,0.944860,0.944960,0.944810,0.944810
1337247000,0.944820,0.945060,0.944800,0.945010
1337247060,0.945000,0.945120,0.944930,0.944940
1337247120,0.944930,0.944930,0.944720,0.944720
1337247180,0.944730,0.944990,0.944730,0.944970
1337247240,0.944960,0.945030,0.944710,0.944790
1337247300,0.944780,0.944850,0.944630,0.944630
1337247360,0.944620,0.944750,0.944550,0.944630
1337247420,0.944640,0.944650,0.944530,0.944560
1337247480,0.944550,0.944560,0.944420,0.944460
1337247540,0.944450,0.944540,0.944400,0.944510
1337247600,0.944520,0.944520,0.944340,0.944340
1337247660,0.944360,0.944460,0.944290,0.944430
1337247720,0.944420,0.944490,0.944420,0.944470
1337247780,0.944460,0.944620,0.944420,0.944600
1337247840,0.944630,0.944740,0.944590,0.944620
1337247900,0.944610,0.944750,0.944560,0.944720
1337247960,0.944710,0.944810,0.944710,0.944720
1337248020,0.944710,0.944740,0.944390,0.944450
1337248080,0.944470,0.944720,0.944430,0.944450
1337248140,0.944480,0.944590,0.944470,0.944480
1337248200,0.944460,0.944550,0.944420,0.944430
1337248260,0.944440,0.944530,0.944370,0.944420
1337248320,0.944400,0.944540,0.944350,0.944540
1337248380,0.944550,0.944660,0.944550,0.944570
1337248440,0.944540,0.944590,0.944420,0.944590
1337248500,0.944600,0.944670,0.944560,0.944570
1337248560,0.944560,0.944620,0.944490,0.944530
1337248620,0.944540,0.944660,0.944530,0.944570
1337248680,0.944580,0.944610,0.944500,0.944600
1337248740,0.944590,0.944850,0.944550,0.944850
1337248800,0.944900,0.944900,0.944560,0.944580
1337248860,0.944600,0.944690,0.944570,0.944650
1337248920,0.944640,0.944720,0.944570,0.944580
1337248980,0.944590,0.944610,0.944500,0.944510
1337249040,0.944520,0.944890,0.944520,0.944890
1337249100,0.944910,0.944930,0.944730,0.944830
1337249160,0.944820,0.944900,0.944740,0.944800
1337249220,0.944810,0.944850,0.944740,0.944840
1337249280,0.944830,0.945000,0.944770,0.944930
1337249340,0.944920,0.945230,0.944900,0.945220
1337249400,0.945240,0.945260,0.944990,0.945110
1337249460,0.945100,0.945130,0.944970,0.945130
1337249520,0.945120,0.945150,0.944980,0.945120
1337249580,0.945110,0.945200,0.945050,0.945080
1337249640,0.945050,0.945050,0.944970,0.945030
1337249700,0.945040,0.945200,0.945020,0.945190
1337249760,0.945200,0.945270,0.945150,0.945270
1337249820,0.945260,0.945380,0.945260,0.945370
1337249880,0.945380,0.945710,0.945370,0.945710
1337249940,0.945690,0.946070,0.945690,0.945910
1337250000,0.945920,0.946000,0.945720,0.945900
1337250060,0.945830,0.945850,0.945630,0.945780
1337250120,0.945790,0.945840,0.945610,0.945740
1337250180,0.945750,0.945960,0.945650,0.945880
1337250240,0.945890,0.945890,0.945690,0.945840
1337250300,0.945830,0.945850,0.945620,0.945710
1337250360,0.945700,0.945780,0.945610,0.945630
1337250420,0.945620,0.945640,0.945410,0.945450
1337250480,0.945440,0.945510,0.945250,0.945490
1337250540,0.945460,0.945750,0.945340,0.945680
1337250600,0.945670,0.945770,0.945620,0.945620
1337250660,0.945630,0.945650,0.945400,0.945400
1337250720,0.945410,0.945660,0.945370,0.945660
1337250780,0.945670,0.945790,0.945470,0.945490
1337250840,0.945520,0.945640,0.945410,0.945620
1337250900,0.945610,0.945700,0.945560,0.945570
1337250960,0.945580,0.945760,0.945550,0.945760
1337251020,0.945750,0.945790,0.945630,0.945680
1337251080,0.945710,0.945740,0.945590,0.945720
1337251140,0.945730,0.945790,0.945620,0.945640
1337251200,0.945650,0.946150,0.945640,0.946020
1337251260,0.946010,0.946200,0.945980,0.946190
1337251320,0.946180,0.946260,0.946090,0.946140
1337251380,0.946150,0.946150,0.945760,0.945820
1337251440,0.945840,0.946030,0.945830,0.946000
1337251500,0.946010,0.946110,0.945960,0.945960
1337251560,0.945950,0.945960,0.945710,0.945840
1337251620,0.945880,0.946020,0.945820,0.945950
1337251680,0.945930,0.946030,0.945610,0.945620
1337251740,0.945600,0.945730,0.945550,0.945590
1337251800,0.945600,0.945600,0.945360,0.945520
1337251860,0.945530,0.945660,0.945530,0.945650
1337251920,0.945640,0.945650,0.945430,0.945490
1337251980,0.945480,0.945660,0.945470,0.945590
1337252040,0.945640,0.945880,0.945620,0.945880
1337252100,0.945890,0.946220,0.945830,0.946160
1337252160,0.946180,0.946190,0.945990,0.945990
1337252220,0.945980,0.945990,0.945850,0.945900
1337252280,0.945910,0.945920,0.945840,0.945880
1337252340,0.945870,0.946010,0.945840,0.946000
1337252400,0.946020,0.946160,0.945960,0.946140
1337252460,0.946150,0.946190,0.945880,0.946090
1337252520,0.946070,0.946170,0.946000,0.946170
1337252580,0.946180,0.946350,0.946140,0.946150
1337252640,0.946160,0.946160,0.946050,0.946080
1337252700,0.946070,0.946300,0.945910,0.946300
1337252760,0.946320,0.946330,0.946180,0.946200
1337252820,0.946210,0.946380,0.946180,0.946330
1337252880,0.946360,0.946510,0.946360,0.946370
1337252940,0.946380,0.946380,0.946110,0.946320
1337253000,0.946340,0.946380,0.946130,0.946140
1337253060,0.946130,0.946160,0.945960,0.945970
1337253120,0.945980,0.946300,0.945950,0.945970
1337253180,0.945960,0.946040,0.945800,0.945890
1337253240,0.945880,0.946210,0.945880,0.946150
1337253300,0.946180,0.946250,0.946080,0.946220
1337253360,0.946230,0.946250,0.945880,0.946020
1337253420,0.946030,0.946240,0.946020,0.946220
1337253480,0.946230,0.946370,0.946200,0.946220
1337253540,0.946210,0.946390,0.946130,0.946350
1337253600,0.946370,0.946440,0.946250,0.946420
1337253660,0.946410,0.946750,0.946350,0.946580
1337253720,0.946570,0.946710,0.946410,0.946500
1337253780,0.946530,0.946650,0.946480,0.946650
1337253840,0.946640,0.946860,0.946640,0.946740
1337253900,0.946710,0.947280,0.946570,0.947270
1337253960,0.947230,0.947630,0.947230,0.947310
1337254020,0.947300,0.947480,0.947290,0.947440
1337254080,0.947450,0.947470,0.947140,0.947390
1337254140,0.947400,0.947840,0.947310,0.947740
1337254200,0.947730,0.947810,0.947440,0.947720
1337254260,0.947710,0.948000,0.947690,0.947900
1337254320,0.947910,0.947910,0.947540,0.947570
1337254380,0.947560,0.947630,0.947360,0.947500
1337254440,0.947490,0.947710,0.947470,0.947550
1337254500,0.947590,0.947710,0.947580,0.947610
1337254560,0.947620,0.947620,0.947390,0.947430
1337254620,0.947420,0.947620,0.947340,0.947400
1337254680,0.947430,0.947870,0.947400,0.947760
1337254740,0.947770,0.947770,0.947490,0.947600
1337254800,0.947590,0.947590,0.947360,0.947450
1337254860,0.947490,0.947620,0.947440,0.947500
1337254920,0.947510,0.947620,0.947440,0.947440
1337254980,0.947430,0.947530,0.947300,0.947350
1337255040,0.947310,0.947310,0.947200,0.947210
1337255100,0.947240,0.947270,0.947200,0.947220
1337255160,0.947230,0.947370,0.947220,0.947270
1337255220,0.947240,0.947250,0.947050,0.947220
1337255280,0.947230,0.947620,0.947180,0.947450
1337255340,0.947460,0.947820,0.947460,0.947760
1337255400,0.947770,0.947890,0.947690,0.947780
1337255460,0.947790,0.947810,0.947480,0.947480
1337255520,0.947490,0.947610,0.947470,0.947540
1337255580,0.947530,0.947530,0.947270,0.947330
1337255640,0.947320,0.947370,0.947260,0.947300
1337255700,0.947270,0.947400,0.947260,0.947330
1337255760,0.947320,0.947710,0.947270,0.947540
1337255820,0.947510,0.947510,0.947230,0.947270
1337255880,0.947300,0.947480,0.947240,0.947340
1337255940,0.947350,0.947410,0.947240,0.947280
1337256000,0.947240,0.947280,0.947040,0.947100
1337256060,0.947110,0.947200,0.947070,0.947120
1337256120,0.947160,0.947200,0.947010,0.947110
1337256180,0.947100,0.947170,0.947030,0.947170
1337256240,0.947160,0.947180,0.946910,0.946920
1337256300,0.946910,0.947040,0.946810,0.946990
1337256360,0.946980,0.946990,0.946710,0.946730
1337256420,0.946720,0.946780,0.946630,0.946640
1337256480,0.946650,0.946670,0.946330,0.946550
1337256540,0.946560,0.946560,0.946190,0.946360
1337256600,0.946350,0.946640,0.946350,0.946640
1337256660,0.946650,0.946670,0.946520,0.946550
1337256720,0.946540,0.946690,0.946510,0.946690
1337256780,0.946700,0.946750,0.946520,0.946630
1337256840,0.946620,0.946900,0.946580,0.946890
1337256900,0.946900,0.946930,0.946790,0.946850
1337256960,0.946840,0.946840,0.946450,0.946460
1337257020,0.946470,0.946570,0.946400,0.946480
1337257080,0.946470,0.946500,0.946350,0.946460
1337257140,0.946480,0.946540,0.946430,0.946530
1337257200,0.946540,0.946580,0.946220,0.946230
1337257260,0.946210,0.946410,0.946170,0.946260
1337257320,0.946270,0.946350,0.946120,0.946340
1337257380,0.946350,0.946450,0.946300,0.946430
1337257440,0.946420,0.946520,0.946270,0.946270
1337257500,0.946280,0.946380,0.946210,0.946220
1337257560,0.946210,0.946240,0.946160,0.946190
1337257620,0.946240,0.946380,0.946180,0.946380
1337257680,0.946410,0.946570,0.946360,0.946430
1337257740,0.946420,0.946430,0.946270,0.946390
1337257800,0.946420,0.947150,0.946180,0.946990
1337257860,0.946950,0.946950,0.946580,0.946580
1337257920,0.946550,0.946820,0.946480,0.946680
1337257980,0.946640,0.946650,0.946270,0.946600
1337258040,0.946620,0.946840,0.946590,0.946590
1337258100,0.946580,0.947020,0.946580,0.946840
1337258160,0.946830,0.947120,0.946750,0.946800
1337258220,0.946780,0.946840,0.946540,0.946560
1337258280,0.946550,0.946560,0.946280,0.946540
1337258340,0.946550,0.946680,0.946450,0.946670
1337258400,0.946690,0.946840,0.946560,0.946560
1337258460,0.946530,0.946780,0.946520,0.946670
1337258520,0.946680,0.946710,0.946270,0.946270
1337258580,0.946260,0.946260,0.945870,0.945890
1337258640,0.945900,0.946030,0.945830,0.945880
1337258700,0.945900,0.946330,0.945880,0.946210
1337258760,0.946170,0.946250,0.945950,0.946020
1337258820,0.946030,0.946030,0.945880,0.945980
1337258880,0.945970,0.945970,0.945580,0.945790
1337258940,0.945750,0.945970,0.945720,0.945930
1337259000,0.945940,0.945950,0.945720,0.945730
1337259060,0.945740,0.945920,0.945730,0.945880
1337259120,0.945890,0.946280,0.945890,0.945910
1337259180,0.945900,0.946000,0.945750,0.945890
1337259240,0.945900,0.945900,0.945390,0.945590
1337259300,0.945610,0.945610,0.945060,0.945210
1337259360,0.945220,0.945370,0.945130,0.945310
1337259420,0.945300,0.945350,0.944800,0.944930
1337259480,0.944940,0.944940,0.944690,0.944790
1337259540,0.944770,0.944850,0.944710,0.944750
1337259600,0.944740,0.945130,0.944740,0.945100
1337259660,0.945070,0.945220,0.945060,0.945140
1337259720,0.945150,0.945200,0.945060,0.945080
1337259780,0.945060,0.945210,0.944810,0.944830
1337259840,0.944820,0.945040,0.944820,0.944980
1337259900,0.944990,0.945100,0.944890,0.944970
1337259960,0.944980,0.945130,0.944960,0.945110
1337260020,0.945120,0.945120,0.944980,0.945070
1337260080,0.945100,0.945340,0.945100,0.945290
1337260140,0.945300,0.945300,0.945140,0.945140
1337260200,0.945150,0.945280,0.945130,0.945180
1337260260,0.945200,0.945300,0.945200,0.945270
1337260320,0.945240,0.945400,0.945240,0.945400
1337260380,0.945390,0.945450,0.945050,0.945050
1337260440,0.945040,0.945090,0.944860,0.945090
1337260500,0.945100,0.945190,0.944890,0.945010
1337260560,0.945030,0.945080,0.944780,0.944800
1337260620,0.944790,0.944790,0.944510,0.944720
1337260680,0.944680,0.944690,0.944460,0.944620
1337260740,0.944630,0.944690,0.944250,0.944250
1337260800,0.944220,0.944600,0.944210,0.944490
1337260860,0.944520,0.944630,0.944460,0.944550
1337260920,0.944540,0.944750,0.944540,0.944710
1337260980,0.944720,0.944760,0.944660,0.944700
1337261040,0.944690,0.944760,0.944650,0.944760
1337261100,0.944740,0.944740,0.944630,0.944650
1337261160,0.944660,0.944720,0.944640,0.944710
1337261220,0.944720,0.944800,0.944710,0.944780
1337261280,0.944770,0.944810,0.944740,0.944770
1337261340,0.944760,0.945030,0.944720,0.945000
1337261400,0.945010,0.945040,0.944800,0.944830
1337261460,0.944840,0.944860,0.944780,0.944800
1337261520,0.944820,0.944850,0.944790,0.944790
1337261580,0.944780,0.944930,0.944700,0.944920
1337261640,0.944910,0.945080,0.944870,0.945080
1337261700,0.945090,0.945400,0.945050,0.945350
1337261760,0.945360,0.945420,0.945230,0.945250
1337261820,0.945240,0.945420,0.945240,0.945420
1337261880,0.945440,0.945710,0.945430,0.945640
1337261940,0.945610,0.945900,0.945580,0.945900
1337262000,0.945880,0.946180,0.945840,0.945990
1337262060,0.945960,0.946100,0.945750,0.946010
1337262120,0.946030,0.946030,0.945740,0.945740
1337262180,0.945720,0.945840,0.945600,0.945830
1337262240,0.945810,0.946020,0.945800,0.945810
1337262300,0.945820,0.946190,0.945820,0.946170
1337262360,0.946160,0.946650,0.946140,0.946390
1337262420,0.946380,0.946460,0.946220,0.946310
1337262480,0.946300,0.946340,0.946160,0.946160
1337262540,0.946150,0.946430,0.946060,0.946430
1337262600,0.946440,0.946660,0.946420,0.946540
1337262660,0.946550,0.946650,0.946390,0.946580
1337262720,0.946570,0.946630,0.946220,0.946220
1337262780,0.946210,0.946480,0.946210,0.946290
1337262840,0.946300,0.946620,0.946300,0.946520
1337262900,0.946540,0.946540,0.946240,0.946370
1337262960,0.946380,0.946390,0.946160,0.946260
1337263020,0.946250,0.946280,0.946100,0.946100
1337263080,0.946070,0.946110,0.945920,0.946010
1337263140,0.946000,0.946200,0.945970,0.946010
1337263200,0.946060,0.946440,0.946010,0.946240
1337263260,0.946260,0.946900,0.946010,0.946390
1337263320,0.946370,0.946560,0.946020,0.946130
1337263380,0.946140,0.946160,0.945540,0.945820
1337263440,0.945810,0.945810,0.945390,0.945760
1337263500,0.945770,0.945790,0.944620,0.944620
1337263560,0.944630,0.944970,0.944060,0.944110
1337263620,0.944100,0.944440,0.943840,0.943840
1337263680,0.943880,0.944140,0.943700,0.943820
1337263740,0.943830,0.944010,0.943070,0.943390
1337263800,0.943380,0.943420,0.942840,0.943140
1337263860,0.943130,0.943620,0.943130,0.943360
1337263920,0.943310,0.943970,0.943240,0.943920
1337263980,0.943910,0.944260,0.943780,0.944250
1337264040,0.944260,0.944320,0.943960,0.944130
1337264100,0.944120,0.944230,0.943970,0.944160
1337264160,0.944150,0.944180,0.943580,0.943740
1337264220,0.943750,0.944240,0.943750,0.944200
1337264280,0.944190,0.944240,0.943950,0.944050
1337264340,0.944030,0.944460,0.943970,0.944400
1337264400,0.944360,0.944390,0.944130,0.944300
1337264460,0.944310,0.944470,0.944280,0.944450
1337264520,0.944480,0.944700,0.944480,0.944650
1337264580,0.944630,0.944720,0.944480,0.944540
1337264640,0.944560,0.944590,0.944330,0.944330
1337264700,0.944320,0.944540,0.944170,0.944520
1337264760,0.944540,0.945080,0.944540,0.945050
1337264820,0.945060,0.945410,0.945060,0.945250
1337264880,0.945240,0.945440,0.945090,0.945100
1337264940,0.945120,0.945190,0.945030,0.945120
1337265000,0.945110,0.946100,0.945110,0.945880
1337265060,0.945850,0.946000,0.945430,0.945470
1337265120,0.945490,0.945930,0.945460,0.945560
1337265180,0.945570,0.946050,0.945560,0.945720
1337265240,0.945740,0.946270,0.945740,0.945800
1337265300,0.945810,0.945940,0.945680,0.945730
1337265360,0.945710,0.945910,0.945640,0.945900
1337265420,0.945930,0.945940,0.945420,0.945490
1337265480,0.945500,0.945600,0.945270,0.945300
1337265540,0.945330,0.945470,0.944980,0.945220
1337265600,0.945230,0.945290,0.944950,0.945040
1337265660,0.945060,0.945170,0.944670,0.944690
1337265720,0.944700,0.944990,0.944630,0.944800
1337265780,0.944810,0.945170,0.944780,0.945030
1337265840,0.945020,0.945040,0.944810,0.944850
1337265900,0.944860,0.944860,0.944380,0.944560
1337265960,0.944590,0.944710,0.944400,0.944610
1337266020,0.944590,0.944800,0.944580,0.944700
1337266080,0.944680,0.945180,0.944630,0.945150
1337266140,0.945130,0.945360,0.945100,0.945160
1337266200,0.945180,0.945790,0.945180,0.945390
1337266260,0.945350,0.945410,0.944970,0.945080
1337266320,0.945060,0.945090,0.944910,0.944980
1337266380,0.944970,0.944980,0.944490,0.944810
1337266440,0.944840,0.944870,0.944550,0.944570
1337266500,0.944580,0.945050,0.944540,0.944990
1337266560,0.945010,0.945030,0.944590,0.944750
1337266620,0.944740,0.944880,0.944640,0.944850
1337266680,0.944860,0.945090,0.944830,0.945030
1337266740,0.945010,0.945050,0.944800,0.945020
1337266800,0.945010,0.945040,0.944700,0.944900
1337266860,0.944940,0.945060,0.944770,0.944920
1337266920,0.944940,0.945040,0.944930,0.945020
1337266980,0.945030,0.945310,0.944870,0.945240
1337267040,0.945260,0.945350,0.944860,0.944910
1337267100,0.944930,0.945050,0.944540,0.944690
1337267160,0.944700,0.944860,0.944620,0.944620
1337267220,0.944630,0.944720,0.944250,0.944430
1337267280,0.944420,0.944550,0.944340,0.944380
1337267340,0.944330,0.944620,0.944320,0.944570
1337267400,0.944560,0.944590,0.944400,0.944420
1337267460,0.944410,0.944460,0.944270,0.944430
1337267520,0.944440,0.944750,0.944420,0.944740
1337267580,0.944710,0.945210,0.944690,0.945190
1337267640,0.945170,0.945180,0.944720,0.944720
1337267700,0.944740,0.944940,0.944730,0.944890
1337267760,0.944900,0.945060,0.944800,0.945050
1337267820,0.945030,0.945050,0.944570,0.944650
1337267880,0.944640,0.944960,0.944580,0.944940
1337267940,0.944920,0.945110,0.944720,0.944870
1337268000,0.944880,0.945040,0.944800,0.944870
1337268060,0.944880,0.944950,0.944760,0.944940
1337268120,0.944970,0.945290,0.944970,0.945160
1337268180,0.945150,0.945200,0.944920,0.945010
1337268240,0.945000,0.945120,0.944920,0.944950
1337268300,0.944980,0.945230,0.944970,0.945020
1337268360,0.945010,0.945130,0.944930,0.945110
1337268420,0.945130,0.945260,0.945050,0.945180
1337268480,0.945190,0.945250,0.945080,0.945220
1337268540,0.945210,0.945290,0.945160,0.945270
1337268600,0.945290,0.945320,0.945240,0.945250
1337268660,0.945260,0.945340,0.945190,0.945280
1337268720,0.945290,0.945410,0.945210,0.945390
1337268780,0.945420,0.945650,0.945370,0.945580
1337268840,0.945570,0.945760,0.945450,0.945630
1337268900,0.945620,0.945820,0.945570,0.945810
1337268960,0.945830,0.945840,0.945670,0.945720
1337269020,0.945740,0.945740,0.945300,0.945350
1337269080,0.945340,0.945500,0.945070,0.945200
1337269140,0.945190,0.945300,0.945090,0.945210
1337269200,0.945220,0.945360,0.945160,0.945200
1337269260,0.945190,0.945220,0.944790,0.944910
1337269320,0.944920,0.945100,0.944790,0.944920
1337269380,0.944960,0.945230,0.944940,0.945220
1337269440,0.945240,0.945240,0.944890,0.944990
1337269500,0.945000,0.945000,0.944800,0.944850
1337269560,0.944840,0.944960,0.944840,0.944890
1337269620,0.944900,0.944930,0.944640,0.944660
1337269680,0.944680,0.944870,0.944660,0.944870
1337269740,0.944880,0.945090,0.944880,0.945000
1337269800,0.945010,0.945260,0.944940,0.945260
1337269860,0.945240,0.945520,0.945190,0.945290
1337269920,0.945300,0.945370,0.945290,0.945300
1337269980,0.945290,0.945290,0.945110,0.945280
1337270040,0.945270,0.945370,0.945070,0.945110
1337270100,0.945080,0.945140,0.945010,0.945030
1337270160,0.945020,0.945190,0.944970,0.945120
1337270220,0.945130,0.945130,0.944960,0.945100
1337270280,0.945080,0.945120,0.944380,0.944400
1337270340,0.944380,0.944940,0.944370,0.944940
1337270400,0.944900,0.945170,0.944870,0.944920
1337270460,0.944930,0.945220,0.944920,0.945120
1337270520,0.945130,0.945210,0.945050,0.945170
1337270580,0.945150,0.945220,0.944970,0.944970
1337270640,0.944960,0.945240,0.944830,0.945200
1337270700,0.945230,0.945390,0.945190,0.945230
1337270760,0.945260,0.945280,0.945010,0.945010
1337270820,0.945080,0.945220,0.945020,0.945050
1337270880,0.945070,0.945210,0.944980,0.945080
1337270940,0.945100,0.945150,0.945040,0.945050
1337271000,0.945090,0.945740,0.945090,0.945740
1337271060,0.945710,0.945780,0.945610,0.945660
1337271120,0.945650,0.945950,0.945580,0.945860
1337271180,0.945890,0.946060,0.945840,0.945970
1337271240,0.946000,0.946020,0.945850,0.945850
1337271300,0.945860,0.945910,0.945400,0.945490
1337271360,0.945500,0.945650,0.945390,0.945390
1337271420,0.945400,0.945620,0.945340,0.945520
1337271480,0.945500,0.945500,0.944970,0.945040
1337271540,0.945020,0.945260,0.945010,0.945080
1337271600,0.945070,0.945110,0.944840,0.945080
1337271660,0.945090,0.945120,0.944690,0.944690
1337271720,0.944670,0.945070,0.944650,0.944700
1337271780,0.944710,0.944900,0.944650,0.944810
1337271840,0.944800,0.944870,0.944200,0.944260
1337271900,0.944270,0.944450,0.944120,0.944140
1337271960,0.944090,0.944200,0.943970,0.944070
1337272020,0.944080,0.944350,0.944080,0.944320
1337272080,0.944330,0.944450,0.944330,0.944440
1337272140,0.944450,0.944530,0.944390,0.944520
1337272200,0.944530,0.944540,0.944400,0.944440
1337272260,0.944490,0.944580,0.944450,0.944500
1337272320,0.944490,0.944770,0.944430,0.944760
1337272380,0.944750,0.944890,0.944730,0.944810
1337272440,0.944800,0.944880,0.944790,0.944840
1337272500,0.944850,0.944870,0.944760,0.944800
1337272560,0.944820,0.944860,0.944650,0.944650
1337272620,0.944660,0.944770,0.944550,0.944570
1337272680,0.944580,0.944680,0.944580,0.944590
1337272740,0.944600,0.944600,0.944230,0.944280
1337272800,0.944240,0.944240,0.943880,0.943930
1337272860,0.943920,0.944020,0.943810,0.943960
1337272920,0.943950,0.944100,0.943690,0.943710
1337272980,0.943720,0.943790,0.943640,0.943780
1337273040,0.943790,0.944110,0.943780,0.944010
1337273100,0.944020,0.944100,0.943830,0.944080
1337273160,0.944090,0.944150,0.943990,0.944130
1337273220,0.944140,0.944140,0.944000,0.944020
1337273280,0.944030,0.944060,0.943980,0.943990
1337273340,0.944010,0.944020,0.943800,0.943800
1337273400,0.943770,0.943860,0.943660,0.943750
1337273460,0.943770,0.943990,0.943660,0.943950
1337273520,0.943920,0.944200,0.943810,0.944080
1337273580,0.944100,0.944370,0.944100,0.944360
1337273640,0.944370,0.944440,0.944280,0.944430
1337273700,0.944420,0.944510,0.944330,0.944440
1337273760,0.944430,0.944440,0.944220,0.944320
1337273820,0.944330,0.944370,0.944200,0.944230
1337273880,0.944240,0.944450,0.944240,0.944450
1337273940,0.944440,0.944590,0.944440,0.944450
1337274000,0.944430,0.944520,0.944320,0.944320
1337274060,0.944310,0.944310,0.944200,0.944290
1337274120,0.944280,0.944530,0.944260,0.944410
1337274180,0.944420,0.944430,0.944090,0.944210
1337274240,0.944240,0.944270,0.943960,0.943970
1337274300,0.943960,0.944060,0.943900,0.943900
1337274360,0.943950,0.944010,0.943760,0.943840
1337274420,0.943820,0.943850,0.943670,0.943760
1337274480,0.943750,0.943760,0.943530,0.943530
1337274540,0.943520,0.943850,0.943450,0.943480
1337274600,0.943500,0.943530,0.943210,0.943430
1337274660,0.943440,0.943520,0.943160,0.943290
1337274720,0.943300,0.943570,0.943300,0.943480
1337274780,0.943510,0.943550,0.943380,0.943460
1337274840,0.943420,0.943690,0.943360,0.943520
1337274900,0.943590,0.943670,0.943520,0.943590
1337274960,0.943600,0.943720,0.943580,0.943660
1337275020,0.943680,0.943810,0.943640,0.943640
1337275080,0.943670,0.943740,0.943660,0.943730
1337275140,0.943710,0.943720,0.943410,0.943470
1337275200,0.943460,0.943580,0.943340,0.943390
1337275260,0.943400,0.943450,0.943320,0.943410
1337275320,0.943400,0.943450,0.943210,0.943220
1337275380,0.943230,0.943270,0.943090,0.943180
1337275440,0.943190,0.943270,0.943110,0.943200
1337275500,0.943180,0.943200,0.943020,0.943040
1337275560,0.943030,0.943270,0.943030,0.943260
1337275620,0.943250,0.943290,0.943080,0.943180
1337275680,0.943160,0.943230,0.943100,0.943200
1337275740,0.943190,0.943330,0.943190,0.943250
1337275800,0.943240,0.944270,0.943230,0.943580
1337275860,0.943650,0.943710,0.943220,0.943440
1337275920,0.943450,0.943550,0.943340,0.943350
1337275980,0.943360,0.943530,0.943320,0.943450
1337276040,0.943460,0.943640,0.943300,0.943640
1337276100,0.943630,0.943640,0.943310,0.943380
1337276160,0.943340,0.943580,0.943300,0.943580
1337276220,0.943620,0.943620,0.943460,0.943490
1337276280,0.943430,0.943470,0.943380,0.943460
1337276340,0.943470,0.943720,0.943380,0.943640
1337276400,0.943650,0.943710,0.943570,0.943630
1337276460,0.943620,0.943790,0.943570,0.943740
1337276520,0.943720,0.943780,0.943690,0.943690
1337276580,0.943700,0.943880,0.943700,0.943870
1337276640,0.943880,0.943930,0.943840,0.943920
1337276700,0.943930,0.944160,0.943870,0.943900
1337276760,0.943880,0.943910,0.943780,0.943840
1337276820,0.943850,0.943950,0.943850,0.943920
1337276880,0.943930,0.943980,0.943770,0.943910
1337276940,0.943920,0.944180,0.943920,0.944180
1337277000,0.944170,0.944170,0.943910,0.943910
1337277060,0.943920,0.944150,0.943850,0.944150
1337277120,0.944120,0.944120,0.944040,0.944080
1337277180,0.944060,0.944060,0.943980,0.944060
1337277240,0.944050,0.944050,0.943940,0.943970
1337277300,0.943980,0.943980,0.943880,0.943980
1337277360,0.944030,0.944070,0.943950,0.943980
1337277420,0.943960,0.944000,0.943890,0.943980
1337277480,0.943990,0.944000,0.943900,0.943900
1337277540,0.943880,0.944100,0.943810,0.944080
1337277600,0.944090,0.944200,0.944040,0.944080
1337277660,0.944070,0.944160,0.944070,0.944130
1337277720,0.944140,0.944250,0.944140,0.944210
1337277780,0.944220,0.944220,0.944100,0.944140
1337277840,0.944180,0.944190,0.944060,0.944110
1337277900,0.944120,0.944180,0.944070,0.944180
1337277960,0.944160,0.944200,0.944120,0.944130
1337278020,0.944150,0.944230,0.944150,0.944220
1337278080,0.944210,0.944250,0.944190,0.944190
1337278140,0.944210,0.944430,0.944210,0.944350
1337278200,0.944330,0.944420,0.944300,0.944350
1337278260,0.944400,0.944450,0.944330,0.944450
1337278320,0.944440,0.944470,0.944320,0.944460
1337278380,0.944390,0.944430,0.944330,0.944410
1337278440,0.944460,0.944680,0.944460,0.944600
1337278500,0.944610,0.944770,0.944550,0.944590
1337278560,0.944580,0.944620,0.944380,0.944610
1337278620,0.944620,0.944640,0.944610,0.944620
1337278680,0.944610,0.944610,0.944390,0.944450
1337278740,0.944440,0.944440,0.944320,0.944400
1337278800,0.944390,0.944400,0.944160,0.944190
1337278860,0.944170,0.944250,0.944110,0.944110
1337278920,0.944100,0.944170,0.943780,0.943880
1337278980,0.943890,0.944100,0.943890,0.944100
1337279040,0.944090,0.944110,0.944020,0.944030
1337279100,0.944050,0.944120,0.944040,0.944070
1337279160,0.944080,0.944090,0.943870,0.943950
1337279220,0.943940,0.944130,0.943860,0.944100
1337279280,0.944130,0.944210,0.944050,0.944120
1337279340,0.944110,0.944200,0.944110,0.944170
1337279400,0.944180,0.944360,0.944170,0.944340
1337279460,0.944330,0.944510,0.944180,0.944230
1337279520,0.944220,0.944250,0.944190,0.944210
1337279580,0.944220,0.944240,0.944130,0.944240
1337279640,0.944250,0.944640,0.944240,0.944640
1337279700,0.944610,0.944790,0.944540,0.944760
1337279760,0.944770,0.944790,0.944450,0.944510
1337279820,0.944500,0.944520,0.944420,0.944520
1337279880,0.944510,0.944620,0.944430,0.944560
1337279940,0.944570,0.944570,0.944290,0.944400
1337280000,0.944410,0.944560,0.944400,0.944470
1337280060,0.944500,0.944610,0.944470,0.944470
1337280120,0.944530,0.944530,0.944450,0.944450
1337280180,0.944410,0.944430,0.944300,0.944380
1337280240,0.944370,0.944400,0.944330,0.944360
1337280300,0.944370,0.944490,0.944360,0.944360
1337280360,0.944420,0.944470,0.944350,0.944460
1337280420,0.944470,0.944530,0.944440,0.944510
1337280480,0.944500,0.944660,0.944470,0.944660
1337280540,0.944690,0.944830,0.944520,0.944540
1337280600,0.944550,0.944620,0.944530,0.944610
1337280660,0.944660,0.944840,0.944660,0.944830
1337280720,0.944840,0.944990,0.944830,0.944860
1337280780,0.944850,0.944860,0.944740,0.944810
1337280840,0.944800,0.944830,0.944750,0.944780
1337280900,0.944750,0.944800,0.944680,0.944690
1337280960,0.944700,0.944700,0.944560,0.944570
1337281020,0.944560,0.944560,0.944470,0.944480
1337281080,0.944470,0.944470,0.944410,0.944440
1337281140,0.944430,0.944550,0.944420,0.944460
1337281200,0.944490,0.944600,0.944490,0.944590
1337281260,0.944580,0.944580,0.944400,0.944510
1337281320,0.944460,0.944480,0.944380,0.944480
1337281380,0.944470,0.944650,0.944460,0.944540
1337281440,0.944550,0.944650,0.944370,0.944380
1337281500,0.944370,0.944470,0.944290,0.944400
1337281560,0.944370,0.944550,0.944370,0.944550
1337281620,0.944540,0.945110,0.944530,0.945030
1337281680,0.945020,0.945090,0.944890,0.944900
1337281740,0.944930,0.945120,0.944910,0.945040
1337281800,0.945050,0.945280,0.945030,0.945280
1337281860,0.945270,0.945270,0.945100,0.945140
1337281920,0.945150,0.945150,0.944900,0.944980
1337281980,0.945030,0.945120,0.945010,0.945050
1337282040,0.945040,0.945070,0.944970,0.944980
1337282100,0.945020,0.945040,0.944820,0.944960
1337282160,0.945000,0.945040,0.944930,0.944980
1337282220,0.944960,0.945060,0.944960,0.944970
1337282280,0.944980,0.945040,0.944950,0.945000
1337282340,0.944990,0.945050,0.944960,0.945040
1337282400,0.945050,0.945050,0.944950,0.945000
1337282460,0.944980,0.945240,0.944950,0.945230
1337282520,0.945220,0.945330,0.945220,0.945270
1337282580,0.945260,0.945260,0.945190,0.945230
1337282640,0.945260,0.945310,0.945200,0.945230
1337282700,0.945250,0.945400,0.945250,0.945380
1337282760,0.945360,0.945430,0.945350,0.945400
1337282820,0.945390,0.945450,0.945360,0.945360
1337282880,0.945370,0.945370,0.945200,0.945220
1337282940,0.945230,0.945250,0.945200,0.945250
1337283000,0.945240,0.945450,0.945240,0.945450
1337283060,0.945440,0.945780,0.945430,0.945730
1337283120,0.945740,0.945740,0.945330,0.945330
1337283180,0.945320,0.945380,0.945190,0.945240
1337283240,0.945250,0.945280,0.945200,0.945270
1337283300,0.945260,0.945310,0.945220,0.945290
1337283360,0.945300,0.945510,0.945290,0.945400
1337283420,0.945410,0.945570,0.945400,0.945530
1337283480,0.945490,0.945530,0.945380,0.945400
1337283540,0.945390,0.945540,0.945360,0.945500
1337283600,0.945490,0.945580,0.945450,0.945510
1337283660,0.945520,0.945750,0.945420,0.945740
1337283720,0.945780,0.945810,0.945590,0.945660
1337283780,0.945670,0.945820,0.945590,0.945790
1337283840,0.945800,0.946080,0.945780,0.946070
1337283900,0.946100,0.946120,0.945950,0.945970
1337283960,0.945960,0.945960,0.945900,0.945940
1337284020,0.945930,0.945940,0.945710,0.945720
1337284080,0.945730,0.945730,0.945270,0.945280
1337284140,0.945290,0.945520,0.945280,0.945420
1337284200,0.945450,0.945600,0.945450,0.945600
1337284260,0.945580,0.945790,0.945550,0.945760
1337284320,0.945700,0.945780,0.945650,0.945770
1337284380,0.945780,0.945820,0.945590,0.945620
1337284440,0.945610,0.945650,0.945490,0.945570
1337284500,0.945580,0.945690,0.945200,0.945200
1337284560,0.945220,0.945490,0.945220,0.945360
1337284620,0.945370,0.945370,0.945200,0.945220
1337284680,0.945230,0.945400,0.945200,0.945310
1337284740,0.945320,0.945480,0.945200,0.945260
1337284800,0.945250,0.945460,0.945210,0.945440
1337284860,0.945420,0.945420,0.945300,0.945360
1337284920,0.945380,0.945460,0.945340,0.945410
1337284980,0.945420,0.945420,0.945350,0.945390
1337285040,0.945400,0.945730,0.945350,0.945640
1337285100,0.945600,0.945600,0.945300,0.945390
1337285160,0.945400,0.945620,0.945400,0.945520
1337285220,0.945540,0.945760,0.945520,0.945710
1337285280,0.945740,0.945920,0.945650,0.945800
1337285340,0.945790,0.945820,0.945720,0.945730
1337285400,0.945780,0.945860,0.945740,0.945850
1337285460,0.945830,0.945870,0.945810,0.945860
1337285520,0.945850,0.946030,0.945820,0.945930
1337285580,0.945940,0.946080,0.945780,0.945840
1337285640,0.945830,0.946050,0.945820,0.946050
1337285700,0.946030,0.946110,0.945960,0.946090
1337285760,0.946080,0.946200,0.946050,0.946130
1337285820,0.946150,0.946200,0.946150,0.946200
1337285880,0.946190,0.946200,0.946110,0.946140
1337285940,0.946130,0.946190,0.946130,0.946150
1337286000,0.946160,0.946160,0.946060,0.946070
1337286060,0.946050,0.946050,0.946010,0.946040
1337286120,0.946030,0.946050,0.945980,0.946000
1337286180,0.946010,0.946150,0.945990,0.946110
1337286240,0.946140,0.946140,0.946100,0.946130
1337286300,0.946120,0.946150,0.946040,0.946040
1337286360,0.946030,0.946190,0.946030,0.946190
1337286420,0.946180,0.946180,0.946120,0.946160
1337286480,0.946150,0.946310,0.946060,0.946220
1337286540,0.946210,0.946430,0.946210,0.946240
1337286600,0.946220,0.946320,0.946180,0.946320
1337286660,0.946300,0.946300,0.946120,0.946140
1337286720,0.946160,0.946160,0.946030,0.946050
1337286780,0.946080,0.946100,0.945970,0.945980
1337286840,0.945990,0.946040,0.945810,0.945860
1337286900,0.945870,0.945870,0.945730,0.945730
1337286960,0.945740,0.945950,0.945720,0.945950
1337287020,0.945960,0.946010,0.945900,0.946010
1337287080,0.945990,0.946040,0.945970,0.945990
1337287140,0.946000,0.946270,0.945990,0.946230
1337287200,0.946220,0.946320,0.946160,0.946210
1337287260,0.946270,0.946430,0.946170,0.946230
1337287320,0.946220,0.946240,0.946220,0.946230
1337287380,0.946220,0.946270,0.946200,0.946260
1337287440,0.946240,0.946240,0.946090,0.946090
1337287500,0.946100,0.946120,0.946000,0.946020
1337287560,0.946040,0.946190,0.946040,0.946170
1337287620,0.946160,0.946370,0.946160,0.946330
1337287680,0.946350,0.946350,0.946240,0.946320
1337287740,0.946330,0.946390,0.946070,0.946070
1337287800,0.946060,0.946120,0.946040,0.946110
1337287860,0.946100,0.946150,0.946080,0.946110
1337287920,0.946080,0.946160,0.945910,0.945940
1337287980,0.945950,0.945990,0.945860,0.945930
1337288040,0.945940,0.945940,0.945780,0.945810
1337288100,0.945800,0.945810,0.945760,0.945810
1337288160,0.945790,0.945830,0.945780,0.945790
1337288220,0.945780,0.945840,0.945590,0.945590
1337288280,0.945600,0.945700,0.945580,0.945700
1337288340,0.945710,0.945720,0.945650,0.945680
1337288400,0.945670,0.945730,0.945670,0.945730
1337288460,0.945740,0.945980,0.945720,0.945850
1337288520,0.945840,0.946180,0.945800,0.946120
1337288580,0.945970,0.946010,0.945900,0.946010
1337288640,0.946020,0.946180,0.945990,0.946040
1337288700,0.946030,0.946220,0.946030,0.946140
1337288760,0.946090,0.946140,0.946020,0.946140
1337288820,0.946110,0.946170,0.946100,0.946170
1337288880,0.946150,0.946150,0.946090,0.946090
1337288940,0.946140,0.946240,0.946030,0.946030
1337289000,0.946220,0.946250,0.946040,0.946240
1337289060,0.946250,0.946250,0.946060,0.946090
1337289120,0.946100,0.946100,0.946080,0.946080
1337289180,0.946060,0.946060,0.946060,0.946060
1337289240,0.946070,0.946110,0.946030,0.946030
1337289300,0.946040,0.946040,0.945980,0.946000
1337289360,0.946070,0.946070,0.946000,0.946010
1337289420,0.946020,0.946020,0.945830,0.945910
1337289480,0.945880,0.945910,0.945830,0.945890
1337289540,0.945900,0.946040,0.945900,0.946040
1337289600,0.946070,0.946110,0.946050,0.946090
1337289660,0.946080,0.946130,0.945960,0.945960
1337289720,0.945950,0.945960,0.945790,0.945810
1337289780,0.945790,0.946040,0.945790,0.946040
1337289840,0.946050,0.946070,0.946040,0.946060
1337289900,0.946050,0.946070,0.946020,0.946050
1337289960,0.946040,0.946070,0.945990,0.946000
1337290020,0.945990,0.946010,0.945990,0.946010
1337290080,0.945840,0.945960,0.945770,0.945960
1337290140,0.945950,0.946020,0.945920,0.945950
1337290200,0.945920,0.946000,0.945920,0.945970
1337290260,0.946020,0.946020,0.945970,0.945970
1337290320,0.945980,0.946010,0.945980,0.946010
1337290380,0.945990,0.945990,0.945960,0.945970
1337290440,0.945980,0.945980,0.945860,0.945870
1337290500,0.945880,0.945880,0.945850,0.945850
1337290560,0.945870,0.945870,0.945840,0.945850
1337290620,0.945880,0.946050,0.945880,0.945990
1337290680,0.946000,0.946070,0.945960,0.946070
1337290740,0.946060,0.946120,0.946060,0.946090
1337290800,0.946070,0.946070,0.946010,0.946010
1337290860,0.946020,0.946020,0.946010,0.946020
1337290920,0.946030,0.946080,0.946020,0.946050
1337290980,0.946060,0.946070,0.946050,0.946060
1337291040,0.946080,0.946100,0.946040,0.946050
1337291100,0.946060,0.946060,0.946050,0.946050
1337291220,0.946010,0.946040,0.945990,0.945990
1337291280,0.946010,0.946250,0.945900,0.946180
1337291340,0.946220,0.948050,0.946220,0.946540
1337291400,0.946550,0.946770,0.946430,0.946510
1337291460,0.946770,0.946860,0.946460,0.946790
1337291520,0.946750,0.947040,0.946670,0.946670
1337291580,0.946760,0.946760,0.946430,0.946430
1337291640,0.946450,0.946560,0.946410,0.946560
1337291700,0.946550,0.946660,0.946440,0.946640
1337291760,0.946650,0.946820,0.946650,0.946780
1337291820,0.946770,0.946870,0.946750,0.946760
1337291880,0.946790,0.946880,0.946720,0.946840
1337291940,0.946910,0.946960,0.946850,0.946920
1337292000,0.946890,0.946900,0.946570,0.946580
1337292060,0.946590,0.946680,0.946390,0.946630
1337292120,0.946620,0.946800,0.946620,0.946690
1337292180,0.946680,0.946690,0.946620,0.946640
1337292240,0.946630,0.946750,0.946490,0.946540
1337292300,0.946550,0.946620,0.946520,0.946520
1337292360,0.946490,0.946590,0.946450,0.946500
1337292420,0.946490,0.946500,0.946480,0.946480
1337292480,0.946490,0.946500,0.946460,0.946480
1337292540,0.946500,0.946520,0.946480,0.946520
1337292600,0.946530,0.946530,0.946510,0.946520
1337292660,0.946530,0.946560,0.946510,0.946520
1337292720,0.946510,0.946510,0.946500,0.946510
1337292780,0.946500,0.946520,0.946460,0.946510
1337292840,0.946490,0.946500,0.946490,0.946500
1337292900,0.946490,0.946500,0.946470,0.946480
1337292960,0.946470,0.946520,0.946460,0.946480
1337293020,0.946490,0.946510,0.946480,0.946510
1337293080,0.946520,0.946520,0.946510,0.946510
1337293140,0.946480,0.946510,0.946480,0.946510
1337293200,0.946490,0.946510,0.946430,0.946430
1337293260,0.946440,0.946440,0.946410,0.946410
1337293320,0.946420,0.946430,0.946410,0.946420
1337293380,0.946410,0.946460,0.946410,0.946420
1337293440,0.946430,0.946480,0.946430,0.946450
1337293500,0.946470,0.946490,0.946460,0.946460
1337293560,0.946470,0.946470,0.946400,0.946430
1337293620,0.946390,0.946460,0.946330,0.946340
1337293680,0.946330,0.946330,0.946250,0.946290
1337293740,0.946300,0.946320,0.946230,0.946260
1337293800,0.946250,0.946310,0.946240,0.946280
1337293860,0.946310,0.946390,0.946310,0.946390
1337293920,0.946380,0.946590,0.946380,0.946590
1337293980,0.946610,0.946710,0.946590,0.946700
1337294040,0.946690,0.946700,0.946600,0.946620
1337294100,0.946610,0.946630,0.946580,0.946590
1337294160,0.946600,0.946600,0.946430,0.946430
1337294220,0.946420,0.946520,0.946350,0.946380
1337294280,0.946390,0.946440,0.946360,0.946390
1337294340,0.946380,0.946400,0.946360,0.946370
1337294400,0.946380,0.946390,0.946280,0.946300
1337294460,0.946290,0.946290,0.946260,0.946280
1337294520,0.946290,0.946290,0.946250,0.946260
1337294580,0.946250,0.946270,0.946240,0.946250
1337294640,0.946270,0.946300,0.946230,0.946260
1337294700,0.946270,0.946280,0.946240,0.946250
1337294760,0.946250,0.946250,0.946220,0.946230
1337294820,0.946240,0.946260,0.946210,0.946230
1337294880,0.946200,0.946200,0.946100,0.946190
1337294940,0.946220,0.946350,0.946210,0.946320
1337295000,0.946330,0.946360,0.946300,0.946310
1337295060,0.946320,0.946340,0.946200,0.946290
1337295120,0.946300,0.946300,0.946240,0.946290
1337295180,0.946290,0.946300,0.946280,0.946300
1337295240,0.946310,0.946310,0.946250,0.946260
1337295300,0.946250,0.946310,0.946190,0.946290
1337295360,0.946350,0.946380,0.946290,0.946310
1337295420,0.946300,0.946310,0.946160,0.946190
1337295480,0.946180,0.946200,0.945870,0.945980
1337295540,0.946010,0.946040,0.945950,0.946000
1337295600,0.946010,0.946090,0.945960,0.946050
1337295660,0.946060,0.946060,0.946020,0.946050
1337295720,0.946080,0.946080,0.946050,0.946070
1337295780,0.946080,0.946160,0.946040,0.946120
1337295840,0.946130,0.946130,0.946120,0.946120
1337295900,0.946100,0.946150,0.946100,0.946140
1337296020,0.946120,0.946130,0.946070,0.946090
1337296080,0.946080,0.946150,0.946080,0.946110
1337296140,0.946100,0.946140,0.945970,0.945980
1337296200,0.945990,0.946040,0.945850,0.945940
1337296260,0.945980,0.945990,0.945950,0.945960
1337296320,0.945950,0.946010,0.945950,0.945990
1337296380,0.946010,0.946010,0.945980,0.945990
1337296440,0.945970,0.945980,0.945940,0.945940
1337296500,0.945960,0.945980,0.945940,0.945980
1337296560,0.945960,0.946000,0.945960,0.945980
1337296620,0.945990,0.946010,0.945960,0.945970
1337296680,0.945960,0.946030,0.945950,0.946010
1337296740,0.946020,0.946110,0.946020,0.946050
1337296800,0.946070,0.946100,0.946010,0.946020
1337296860,0.946030,0.946040,0.946030,0.946030
1337296920,0.946020,0.946030,0.945910,0.945910
1337296980,0.945920,0.945960,0.945920,0.945930
1337297040,0.945940,0.945960,0.945930,0.945960
1337297100,0.946000,0.946030,0.946000,0.946010
1337297160,0.946000,0.946000,0.945990,0.946000
1337297220,0.946010,0.946030,0.945980,0.945990
1337297280,0.946000,0.946000,0.945960,0.945980
1337297340,0.945960,0.946020,0.945960,0.945980
1337297400,0.946010,0.946010,0.945990,0.946010
1337297460,0.946020,0.946120,0.946020,0.946110
1337297520,0.946100,0.946150,0.946080,0.946120
1337297580,0.946110,0.946150,0.946110,0.946140
1337297640,0.946120,0.946160,0.946110,0.946130
1337297700,0.946140,0.946160,0.946100,0.946120
1337297760,0.946100,0.946110,0.946100,0.946110
1337297820,0.946100,0.946160,0.946090,0.946130
1337297880,0.946120,0.946150,0.946010,0.946010
1337297940,0.946030,0.946030,0.945840,0.945870
1337298000,0.945860,0.945950,0.945860,0.945880
1337298060,0.945870,0.945920,0.945860,0.945870
1337298120,0.945890,0.945960,0.945870,0.945940
1337298180,0.945930,0.945940,0.945910,0.945930
1337298240,0.945920,0.945950,0.945860,0.945860
1337298300,0.945850,0.945950,0.945850,0.945910
1337298360,0.945900,0.945930,0.945880,0.945910
1337298420,0.945920,0.945950,0.945900,0.945950
1337298480,0.945910,0.945920,0.945900,0.945900
1337298540,0.945860,0.945870,0.945740,0.945840
1337298600,0.945820,0.945870,0.945790,0.945840
1337298660,0.945820,0.945860,0.945800,0.945820
1337298720,0.945800,0.945860,0.945730,0.945830
1337298780,0.945840,0.945860,0.945800,0.945860
1337298840,0.945840,0.945960,0.945800,0.945850
1337298900,0.945860,0.945860,0.945810,0.945850
1337298960,0.945830,0.945840,0.945730,0.945840
1337299020,0.945830,0.945880,0.945830,0.945840
1337299080,0.945860,0.945880,0.945790,0.945810
1337299140,0.945780,0.945800,0.945710,0.945760
1337299200,0.945730,0.946060,0.945730,0.946020
1337299260,0.946010,0.946060,0.945860,0.945930
1337299320,0.945950,0.945950,0.945660,0.945790
1337299380,0.945770,0.945790,0.945650,0.945720
1337299440,0.945740,0.945760,0.945660,0.945690
1337299500,0.945680,0.945870,0.945670,0.945760
1337299560,0.945770,0.945810,0.945650,0.945650
1337299620,0.945640,0.945640,0.945590,0.945600
1337299680,0.945620,0.945620,0.945350,0.945360
1337299740,0.945350,0.945440,0.945320,0.945380
1337299800,0.945370,0.945480,0.945360,0.945430
1337299860,0.945400,0.945480,0.945380,0.945450
1337299920,0.945420,0.945530,0.945340,0.945350
1337299980,0.945360,0.945370,0.945320,0.945360
1337300040,0.945350,0.945370,0.945220,0.945300
1337300100,0.945310,0.945330,0.945270,0.945310
1337300160,0.945320,0.945350,0.945160,0.945200
1337300220,0.945210,0.945260,0.945180,0.945230
1337300280,0.945220,0.945250,0.945130,0.945180
1337300340,0.945160,0.945320,0.945150,0.945230
1337300400,0.945240,0.945240,0.944980,0.944990
1337300460,0.944980,0.945080,0.944930,0.945030
1337300520,0.945040,0.945200,0.945000,0.945110
1337300580,0.945120,0.945150,0.945080,0.945100
1337300640,0.945110,0.945390,0.945110,0.945320
1337300700,0.945340,0.945350,0.945230,0.945290
1337300760,0.945320,0.945520,0.945310,0.945500
1337300820,0.945490,0.945640,0.945470,0.945630
1337300880,0.945610,0.945870,0.945520,0.945690
1337300940,0.945700,0.946100,0.945690,0.946030
1337301000,0.946020,0.946070,0.945730,0.945740
1337301060,0.945730,0.945940,0.945720,0.945900
1337301120,0.945930,0.945960,0.945820,0.945880
1337301180,0.945890,0.945990,0.945880,0.945960
1337301240,0.945940,0.946020,0.945910,0.945930
1337301300,0.945940,0.946350,0.945910,0.946310
1337301360,0.946300,0.946300,0.945860,0.945920
1337301420,0.945930,0.946450,0.945930,0.946210
1337301480,0.946200,0.946360,0.946120,0.946130
1337301540,0.946120,0.946390,0.945950,0.946290
1337301600,0.946280,0.946310,0.946130,0.946140
1337301660,0.946150,0.946170,0.946030,0.946100
1337301720,0.946110,0.946410,0.946100,0.946240
1337301780,0.946220,0.946250,0.946140,0.946190
1337301840,0.946200,0.946220,0.946180,0.946200
1337301900,0.946190,0.946210,0.946060,0.946070
1337301960,0.946060,0.946070,0.945880,0.945930
1337302020,0.945940,0.946080,0.945930,0.946000
1337302080,0.945990,0.946030,0.945950,0.945960
1337302140,0.945950,0.945960,0.945850,0.945930
1337302200,0.945920,0.945940,0.945620,0.945640
1337302260,0.945630,0.945680,0.945620,0.945630
1337302320,0.945620,0.945740,0.945610,0.945710
1337302380,0.945720,0.945790,0.945700,0.945790
1337302440,0.945780,0.945800,0.945610,0.945710
1337302500,0.945720,0.945920,0.945610,0.945900
1337302560,0.945910,0.946040,0.945900,0.945980
1337302620,0.946000,0.946160,0.945940,0.946150
1337302680,0.946140,0.946340,0.946030,0.946340
1337302740,0.946330,0.946620,0.946180,0.946550
1337302800,0.946560,0.946610,0.946290,0.946290
1337302860,0.946300,0.946510,0.946280,0.946510
1337302920,0.946520,0.946670,0.946400,0.946650
1337302980,0.946640,0.946640,0.946340,0.946350
1337303040,0.946330,0.946520,0.946230,0.946460
1337303100,0.946420,0.946420,0.946250,0.946390
1337303160,0.946400,0.946430,0.946280,0.946430
1337303220,0.946420,0.946560,0.946410,0.946550
1337303280,0.946540,0.946550,0.946290,0.946520
1337303340,0.946530,0.946660,0.946520,0.946630
1337303400,0.946600,0.946740,0.946560,0.946740
1337303460,0.946730,0.946750,0.946630,0.946680
1337303520,0.946690,0.946920,0.946680,0.946850
1337303580,0.946810,0.946850,0.946710,0.946820
1337303640,0.946790,0.946930,0.946790,0.946920
1337303700,0.946910,0.946920,0.946780,0.946820
1337303760,0.946830,0.946860,0.946660,0.946690
1337303820,0.946680,0.946770,0.946590,0.946630
1337303880,0.946670,0.946670,0.946520,0.946540
1337303940,0.946550,0.946700,0.946520,0.946680
1337304000,0.946670,0.946690,0.946630,0.946650
1337304060,0.946700,0.946800,0.946700,0.946750
1337304120,0.946810,0.946930,0.946730,0.946740
1337304180,0.946780,0.946890,0.946780,0.946810
1337304240,0.946820,0.946930,0.946760,0.946790
1337304300,0.946780,0.946890,0.946690,0.946730
1337304360,0.946740,0.946910,0.946700,0.946850
1337304420,0.946830,0.946950,0.946810,0.946910
1337304480,0.946890,0.947000,0.946890,0.946970
1337304540,0.946980,0.947150,0.946910,0.947150
1337304600,0.947180,0.947330,0.947100,0.947230
1337304660,0.947220,0.947220,0.947140,0.947150
1337304720,0.947160,0.947330,0.947060,0.947300
1337304780,0.947290,0.947480,0.947280,0.947400
1337304840,0.947380,0.947630,0.947360,0.947630
1337304900,0.947610,0.947770,0.947560,0.947610
1337304960,0.947580,0.947710,0.947560,0.947690
1337305020,0.947680,0.947710,0.947370,0.947420
1337305080,0.947430,0.947590,0.947240,0.947290
1337305140,0.947280,0.947470,0.947200,0.947470
1337305200,0.947450,0.947450,0.947260,0.947260
1337305260,0.947220,0.947280,0.947180,0.947240
1337305320,0.947250,0.947280,0.947100,0.947130
1337305380,0.947190,0.947230,0.947110,0.947180
1337305440,0.947200,0.947230,0.947090,0.947190
1337305500,0.947200,0.947220,0.947170,0.947220
1337305560,0.947200,0.947270,0.947170,0.947270
1337305620,0.947250,0.947350,0.947110,0.947110
1337305680,0.947120,0.947180,0.947060,0.947100
1337305740,0.947090,0.947130,0.947070,0.947110
1337305800,0.947100,0.947180,0.947070,0.947160
1337305860,0.947150,0.947230,0.947100,0.947130
1337305920,0.947140,0.947220,0.947130,0.947180
1337305980,0.947170,0.947180,0.947100,0.947100
1337306040,0.947090,0.947100,0.946890,0.946900
1337306100,0.946910,0.947060,0.946890,0.946980
1337306160,0.946970,0.947050,0.946960,0.947010
1337306220,0.947000,0.947120,0.946990,0.947090
1337306280,0.947080,0.947080,0.946970,0.947020
1337306340,0.947010,0.947010,0.946730,0.946820
1337306400,0.946810,0.946820,0.946520,0.946590
1337306460,0.946570,0.946660,0.946490,0.946510
1337306520,0.946480,0.946560,0.946470,0.946550
1337306580,0.946570,0.946640,0.946490,0.946500
1337306640,0.946490,0.946500,0.946330,0.946380
1337306700,0.946370,0.946650,0.946350,0.946650
1337306760,0.946640,0.946690,0.946550,0.946600
1337306820,0.946620,0.946820,0.946620,0.946780
1337306880,0.946790,0.946790,0.946710,0.946750
1337306940,0.946740,0.946770,0.946550,0.946560
1337307000,0.946570,0.946700,0.946570,0.946690
1337307060,0.946680,0.946700,0.946630,0.946630
1337307120,0.946640,0.946710,0.946600,0.946640
1337307180,0.946650,0.946760,0.946640,0.946760
1337307240,0.946730,0.946770,0.946630,0.946750
1337307300,0.946760,0.946900,0.946750,0.946900
1337307360,0.946890,0.946890,0.946790,0.946890
1337307420,0.946870,0.946940,0.946870,0.946910
1337307480,0.946930,0.946940,0.946860,0.946880
1337307540,0.946890,0.946920,0.946800,0.946840
1337307600,0.946830,0.946830,0.946780,0.946820
1337307660,0.946840,0.946930,0.946790,0.946790
1337307720,0.946800,0.946820,0.946660,0.946670
1337307780,0.946680,0.946740,0.946570,0.946610
1337307840,0.946580,0.946610,0.946550,0.946590
1337307900,0.946600,0.946600,0.946490,0.946500
1337307960,0.946490,0.946590,0.946480,0.946590
1337308020,0.946580,0.946600,0.946530,0.946590
1337308080,0.946600,0.946700,0.946590,0.946680
1337308140,0.946690,0.946690,0.946610,0.946610
1337308200,0.946620,0.946690,0.946620,0.946680
1337308260,0.946670,0.946740,0.946650,0.946730
1337308320,0.946740,0.946760,0.946710,0.946720
1337308380,0.946730,0.946770,0.946730,0.946730
1337308440,0.946740,0.946780,0.946700,0.946750
1337308500,0.946770,0.946830,0.946750,0.946830
1337308560,0.946800,0.946930,0.946800,0.946910
1337308620,0.946880,0.946890,0.946790,0.946810
1337308680,0.946820,0.946840,0.946820,0.946830
1337308740,0.946840,0.946840,0.946810,0.946820
1337308800,0.946810,0.946820,0.946800,0.946820
1337308860,0.946810,0.946860,0.946810,0.946830
1337308920,0.946840,0.947130,0.946840,0.947090
1337308980,0.947080,0.947110,0.946990,0.947050
1337309040,0.947060,0.947130,0.947030,0.947120
1337309100,0.947110,0.947200,0.947110,0.947190
1337309160,0.947210,0.947290,0.947170,0.947280
1337309220,0.947270,0.947340,0.947210,0.947260
1337309280,0.947250,0.947300,0.947240,0.947260
1337309340,0.947250,0.947260,0.947200,0.947200
1337309400,0.947190,0.947210,0.946980,0.947060
1337309460,0.947050,0.947050,0.946920,0.947020
1337309520,0.947010,0.947010,0.946880,0.946950
1337309580,0.946970,0.947090,0.946950,0.946980
1337309640,0.946990,0.947000,0.946890,0.946930
1337309700,0.946940,0.946960,0.946820,0.946910
1337309760,0.946890,0.946900,0.946780,0.946810
1337309820,0.946800,0.946820,0.946690,0.946700
1337309880,0.946710,0.946770,0.946620,0.946760
1337309940,0.946770,0.946900,0.946770,0.946870
1337310000,0.946860,0.946870,0.946700,0.946760
1337310060,0.946770,0.946900,0.946760,0.946790
1337310120,0.946830,0.947010,0.946830,0.946950
1337310180,0.946920,0.946940,0.946680,0.946680
1337310240,0.946670,0.946680,0.946450,0.946530
1337310300,0.946520,0.946600,0.946490,0.946540
1337310360,0.946530,0.946590,0.946450,0.946530
1337310420,0.946520,0.946580,0.946510,0.946580
1337310480,0.946620,0.946620,0.946550,0.946550
1337310540,0.946510,0.946550,0.946490,0.946520
1337310600,0.946540,0.946690,0.946320,0.946330
1337310660,0.946340,0.946550,0.946340,0.946500
1337310720,0.946480,0.946520,0.946380,0.946390
1337310780,0.946400,0.946400,0.946390,0.946390
1337310840,0.946380,0.946380,0.946280,0.946280
1337310900,0.946300,0.946340,0.946160,0.946180
1337310960,0.946200,0.946420,0.946200,0.946310
1337311020,0.946300,0.946410,0.946210,0.946270
1337311080,0.946280,0.946340,0.946280,0.946320
1337311140,0.946310,0.946320,0.946310,0.946320
1337311200,0.946310,0.946350,0.946290,0.946320
1337311260,0.946300,0.946560,0.946300,0.946520
1337311320,0.946530,0.946560,0.946450,0.946500
1337311380,0.946490,0.946600,0.946490,0.946600
1337311440,0.946570,0.946660,0.946550,0.946640
1337311500,0.946650,0.946920,0.946620,0.946760
1337311560,0.946750,0.946810,0.946690,0.946750
1337311620,0.946760,0.947290,0.946750,0.947120
1337311680,0.947100,0.947120,0.946890,0.946970
1337311740,0.947010,0.947120,0.947010,0.947040
1337311800,0.947010,0.947060,0.946870,0.946970
1337311860,0.946980,0.947010,0.946960,0.946960
1337311920,0.946970,0.946970,0.946850,0.946890
1337311980,0.946900,0.946930,0.946820,0.946840
1337312040,0.946850,0.946930,0.946850,0.946880
1337312100,0.946890,0.946900,0.946820,0.946890
1337312160,0.946900,0.946910,0.946820,0.946880
1337312220,0.946890,0.947010,0.946890,0.946960
1337312280,0.946970,0.947050,0.946880,0.947040
1337312340,0.947030,0.947160,0.946970,0.947120
1337312400,0.947110,0.947110,0.947060,0.947060
1337312460,0.947050,0.947060,0.946940,0.946980
1337312520,0.946970,0.947030,0.946950,0.946970
1337312580,0.946980,0.947040,0.946940,0.946960
1337312640,0.947000,0.947000,0.946820,0.946860
1337312700,0.946850,0.946910,0.946820,0.946900
1337312760,0.946890,0.946940,0.946890,0.946900
1337312820,0.946910,0.947040,0.946910,0.947010
1337312880,0.947030,0.947060,0.946870,0.946880
1337312940,0.946870,0.946870,0.946780,0.946840
1337313000,0.946830,0.946930,0.946830,0.946870
1337313060,0.946880,0.946880,0.946790,0.946810
1337313120,0.946820,0.946820,0.946760,0.946800
1337313180,0.946820,0.947040,0.946780,0.946910
1337313240,0.946890,0.947010,0.946890,0.946970
1337313300,0.946960,0.946970,0.946890,0.946900
1337313360,0.946890,0.946900,0.946860,0.946900
1337313420,0.946950,0.947020,0.946900,0.946970
1337313480,0.946950,0.946980,0.946890,0.946950
1337313540,0.946940,0.947110,0.946880,0.947110
