time,open,high,low,close
1308542400,129.470000,129.480000,129.460000,129.470000
1308542460,129.480000,129.480000,129.470000,129.470000
1308542520,129.480000,129.480000,129.470000,129.470000
1308542580,129.460000,129.480000,129.460000,129.470000
1308542640,129.480000,129.480000,129.460000,129.470000
1308542700,129.480000,129.480000,129.460000,129.470000
1308542760,129.480000,129.480000,129.470000,129.470000
1308542820,129.480000,129.480000,129.450000,129.450000
1308542880,129.460000,129.460000,129.460000,129.460000
1308542940,129.450000,129.450000,129.420000,129.440000
1308543000,129.450000,129.470000,129.450000,129.450000
1308543060,129.440000,129.450000,129.440000,129.440000
1308543180,129.450000,129.460000,129.450000,129.460000
1308543240,129.470000,129.480000,129.460000,129.470000
1308543300,129.460000,129.470000,129.430000,129.440000
1308543360,129.430000,129.430000,129.370000,129.410000
1308543420,129.420000,129.420000,129.400000,129.410000
1308543480,129.400000,129.410000,129.390000,129.400000
1308543540,129.410000,129.410000,129.380000,129.380000
1308543600,129.390000,129.400000,129.380000,129.400000
1308543660,129.390000,129.450000,129.390000,129.440000
1308543720,129.430000,129.440000,129.420000,129.420000
1308543780,129.410000,129.430000,129.400000,129.420000
1308543840,129.430000,129.430000,129.410000,129.420000
1308543900,129.410000,129.420000,129.410000,129.410000
1308543960,129.420000,129.420000,129.410000,129.410000
1308544020,129.420000,129.430000,129.410000,129.410000
1308544080,129.420000,129.420000,129.410000,129.410000
1308544140,129.420000,129.420000,129.410000,129.420000
1308544200,129.410000,129.420000,129.380000,129.380000
1308544260,129.390000,129.390000,129.330000,129.340000
1308544320,129.330000,129.350000,129.330000,129.350000
1308544380,129.340000,129.350000,129.340000,129.350000
1308544440,129.340000,129.360000,129.340000,129.350000
1308544500,129.340000,129.350000,129.340000,129.350000
1308544620,129.340000,129.360000,129.340000,129.350000
1308544680,129.340000,129.350000,129.320000,129.330000
1308544740,129.340000,129.340000,129.310000,129.320000
1308544800,129.330000,129.330000,129.320000,129.320000
1308544860,129.330000,129.340000,129.330000,129.340000
1308544920,129.350000,129.350000,129.310000,129.340000
1308544980,129.330000,129.330000,129.280000,129.280000
1308545040,129.290000,129.300000,129.260000,129.260000
1308545100,129.250000,129.300000,129.250000,129.280000
1308545160,129.270000,129.300000,129.270000,129.290000
1308545220,129.280000,129.300000,129.250000,129.250000
1308545280,129.260000,129.260000,129.250000,129.260000
1308545340,129.250000,129.280000,129.250000,129.270000
1308545400,129.260000,129.280000,129.260000,129.280000
1308545460,129.290000,129.290000,129.280000,129.290000
1308545520,129.300000,129.320000,129.290000,129.320000
1308545580,129.310000,129.330000,129.290000,129.300000
1308545640,129.290000,129.300000,129.290000,129.290000
1308545700,129.300000,129.300000,129.280000,129.290000
1308545760,129.280000,129.280000,129.270000,129.270000
1308545820,129.280000,129.280000,129.260000,129.270000
1308545880,129.290000,129.290000,129.270000,129.270000
1308545940,129.280000,129.290000,129.270000,129.280000
1308546000,129.290000,129.290000,129.270000,129.270000
1308546060,129.280000,129.290000,129.270000,129.280000
1308546120,129.270000,129.290000,129.270000,129.280000
1308546180,129.290000,129.290000,129.280000,129.290000
1308546240,129.280000,129.290000,129.280000,129.280000
1308546300,129.270000,129.280000,129.270000,129.270000
1308546360,129.260000,129.280000,129.260000,129.270000
1308546420,129.280000,129.280000,129.280000,129.280000
1308546480,129.270000,129.280000,129.270000,129.280000
1308546540,129.270000,129.280000,129.270000,129.280000
1308546600,129.290000,129.290000,129.270000,129.280000
1308546660,129.290000,129.310000,129.290000,129.310000
1308546720,129.300000,129.320000,129.300000,129.310000
1308546780,129.300000,129.320000,129.300000,129.310000
1308546840,129.320000,129.320000,129.290000,129.290000
1308546900,129.300000,129.300000,129.290000,129.290000
1308547020,129.300000,129.300000,129.270000,129.280000
1308547080,129.300000,129.300000,129.290000,129.300000
1308547140,129.290000,129.340000,129.290000,129.330000
1308547200,129.340000,129.360000,129.340000,129.350000
1308547260,129.360000,129.360000,129.340000,129.340000
1308547320,129.330000,129.350000,129.320000,129.350000
1308547380,129.340000,129.380000,129.340000,129.360000
1308547440,129.370000,129.370000,129.340000,129.350000
1308547500,129.340000,129.380000,129.340000,129.370000
1308547560,129.380000,129.380000,129.360000,129.370000
1308547620,129.360000,129.370000,129.340000,129.350000
1308547680,129.340000,129.340000,129.330000,129.330000
1308547740,129.320000,129.360000,129.320000,129.350000
1308547800,129.360000,129.360000,129.300000,129.310000
1308547860,129.300000,129.300000,129.290000,129.290000
1308547920,129.300000,129.300000,129.280000,129.280000
1308547980,129.270000,129.280000,129.250000,129.250000
1308548040,129.240000,129.250000,129.220000,129.230000
1308548100,129.220000,129.230000,129.180000,129.220000
1308548160,129.210000,129.220000,129.200000,129.210000
1308548220,129.220000,129.230000,129.210000,129.220000
1308548280,129.210000,129.210000,129.190000,129.200000
1308548340,129.190000,129.220000,129.190000,129.210000
1308548400,129.200000,129.240000,129.200000,129.230000
1308548460,129.240000,129.240000,129.220000,129.230000
1308548520,129.240000,129.260000,129.230000,129.260000
1308548580,129.270000,129.270000,129.270000,129.270000
1308548640,129.260000,129.280000,129.260000,129.270000
1308548700,129.260000,129.260000,129.260000,129.260000
1308548760,129.270000,129.280000,129.260000,129.280000
1308548820,129.290000,129.300000,129.290000,129.290000
1308548880,129.300000,129.330000,129.290000,129.320000
1308548940,129.310000,129.350000,129.310000,129.350000
1308549000,129.360000,129.380000,129.340000,129.380000
1308549060,129.390000,129.410000,129.380000,129.400000
1308549120,129.390000,129.390000,129.360000,129.360000
1308549180,129.370000,129.390000,129.370000,129.370000
1308549240,129.360000,129.370000,129.360000,129.370000
1308549300,129.380000,129.380000,129.360000,129.360000
1308549360,129.370000,129.370000,129.320000,129.320000
1308549420,129.330000,129.340000,129.310000,129.310000
1308549480,129.300000,129.320000,129.300000,129.310000
1308549540,129.300000,129.310000,129.290000,129.300000
1308549600,129.290000,129.320000,129.280000,129.310000
1308549660,129.300000,129.320000,129.280000,129.280000
1308549720,129.270000,129.330000,129.270000,129.330000
1308549780,129.340000,129.340000,129.320000,129.330000
1308549840,129.320000,129.390000,129.320000,129.380000
1308549900,129.370000,129.380000,129.360000,129.360000
1308549960,129.350000,129.370000,129.340000,129.340000
1308550020,129.350000,129.360000,129.330000,129.350000
1308550080,129.360000,129.360000,129.350000,129.350000
1308550140,129.340000,129.350000,129.340000,129.350000
1308550200,129.340000,129.360000,129.300000,129.350000
1308550260,129.340000,129.350000,129.330000,129.330000
1308550320,129.340000,129.360000,129.330000,129.340000
1308550380,129.330000,129.330000,129.300000,129.320000
1308550440,129.310000,129.340000,129.310000,129.320000
1308550500,129.310000,129.320000,129.300000,129.300000
1308550560,129.310000,129.330000,129.300000,129.310000
1308550620,129.320000,129.330000,129.300000,129.320000
1308550680,129.310000,129.320000,129.280000,129.280000
1308550740,129.290000,129.330000,129.290000,129.330000
1308550800,129.320000,129.350000,129.270000,129.270000
1308550860,129.280000,129.280000,129.240000,129.260000
1308550920,129.270000,129.270000,129.200000,129.220000
1308550980,129.230000,129.320000,129.230000,129.310000
1308551040,129.320000,129.320000,129.280000,129.320000
1308551100,129.330000,129.330000,129.290000,129.300000
1308551160,129.290000,129.300000,129.270000,129.290000
1308551220,129.280000,129.350000,129.280000,129.350000
1308551280,129.340000,129.360000,129.330000,129.350000
1308551340,129.340000,129.350000,129.330000,129.340000
1308551400,129.330000,129.370000,129.330000,129.340000
1308551460,129.350000,129.370000,129.310000,129.310000
1308551520,129.320000,129.330000,129.300000,129.320000
1308551580,129.310000,129.310000,129.280000,129.280000
1308551640,129.290000,129.330000,129.280000,129.280000
1308551700,129.290000,129.290000,129.260000,129.260000
1308551760,129.250000,129.260000,129.220000,129.230000
1308551820,129.240000,129.240000,129.190000,129.220000
1308551880,129.210000,129.220000,129.200000,129.200000
1308551940,129.190000,129.210000,129.170000,129.210000
1308552000,129.200000,129.230000,129.160000,129.220000
1308552060,129.210000,129.230000,129.200000,129.220000
1308552120,129.230000,129.230000,129.180000,129.190000
1308552180,129.180000,129.180000,129.140000,129.150000
1308552240,129.160000,129.180000,129.140000,129.150000
1308552300,129.140000,129.180000,129.120000,129.120000
1308552360,129.110000,129.130000,129.090000,129.090000
1308552420,129.100000,129.120000,129.090000,129.100000
1308552480,129.110000,129.130000,129.100000,129.120000
1308552540,129.130000,129.140000,129.110000,129.130000
1308552600,129.120000,129.150000,129.120000,129.150000
1308552660,129.140000,129.160000,129.130000,129.160000
1308552720,129.150000,129.160000,129.130000,129.130000
1308552780,129.120000,129.150000,129.120000,129.140000
1308552840,129.130000,129.140000,129.120000,129.140000
1308552900,129.130000,129.130000,129.100000,129.110000
1308552960,129.120000,129.120000,129.070000,129.120000
1308553020,129.110000,129.150000,129.110000,129.150000
1308553080,129.160000,129.190000,129.160000,129.170000
1308553140,129.180000,129.220000,129.180000,129.200000
1308553200,129.190000,129.190000,129.110000,129.120000
1308553260,129.110000,129.120000,129.060000,129.070000
1308553320,129.080000,129.110000,129.070000,129.100000
1308553380,129.090000,129.120000,129.090000,129.090000
1308553440,129.080000,129.090000,129.050000,129.090000
1308553500,129.080000,129.110000,129.050000,129.070000
1308553560,129.060000,129.080000,129.060000,129.070000
1308553620,129.060000,129.080000,129.050000,129.080000
1308553680,129.070000,129.070000,129.030000,129.040000
1308553740,129.030000,129.040000,128.900000,128.910000
1308553800,128.900000,128.940000,128.900000,128.930000
1308553860,128.920000,128.960000,128.910000,128.950000
1308553920,128.940000,129.020000,128.940000,129.000000
1308553980,129.010000,129.040000,129.010000,129.020000
1308554040,129.030000,129.080000,129.020000,129.080000
1308554100,129.090000,129.090000,129.060000,129.080000
1308554160,129.070000,129.130000,129.070000,129.110000
1308554220,129.120000,129.150000,129.100000,129.140000
1308554280,129.130000,129.140000,129.100000,129.140000
1308554340,129.130000,129.160000,129.120000,129.150000
1308554400,129.160000,129.170000,129.130000,129.170000
1308554460,129.180000,129.190000,129.170000,129.180000
1308554520,129.190000,129.260000,129.160000,129.230000
1308554580,129.240000,129.260000,129.230000,129.260000
1308554640,129.270000,129.300000,129.250000,129.260000
1308554700,129.250000,129.330000,129.250000,129.310000
1308554760,129.320000,129.360000,129.310000,129.340000
1308554820,129.330000,129.340000,129.260000,129.270000
1308554880,129.260000,129.300000,129.260000,129.300000
1308554940,129.290000,129.310000,129.280000,129.310000
1308555000,129.320000,129.340000,129.310000,129.310000
1308555060,129.320000,129.320000,129.260000,129.270000
1308555120,129.260000,129.270000,129.250000,129.250000
1308555180,129.240000,129.310000,129.240000,129.300000
1308555240,129.310000,129.320000,129.290000,129.290000
1308555300,129.280000,129.340000,129.280000,129.340000
1308555360,129.330000,129.390000,129.330000,129.370000
1308555420,129.380000,129.400000,129.350000,129.390000
1308555480,129.400000,129.460000,129.390000,129.460000
1308555540,129.450000,129.470000,129.400000,129.430000
1308555600,129.420000,129.440000,129.400000,129.410000
1308555660,129.400000,129.410000,129.380000,129.380000
1308555720,129.370000,129.380000,129.350000,129.370000
1308555780,129.360000,129.370000,129.300000,129.340000
1308555840,129.350000,129.360000,129.320000,129.330000
1308555900,129.320000,129.330000,129.300000,129.310000
1308555960,129.300000,129.300000,129.260000,129.270000
1308556020,129.280000,129.310000,129.270000,129.290000
1308556080,129.300000,129.320000,129.280000,129.290000
1308556140,129.280000,129.340000,129.270000,129.330000
1308556200,129.320000,129.320000,129.280000,129.280000
1308556260,129.270000,129.310000,129.250000,129.270000
1308556320,129.260000,129.290000,129.260000,129.280000
1308556380,129.270000,129.270000,129.230000,129.250000
1308556440,129.260000,129.260000,129.240000,129.240000
1308556500,129.230000,129.270000,129.230000,129.250000
1308556560,129.260000,129.290000,129.250000,129.260000
1308556620,129.270000,129.310000,129.260000,129.280000
1308556680,129.270000,129.300000,129.270000,129.280000
1308556740,129.270000,129.290000,129.250000,129.280000
1308556800,129.290000,129.290000,129.270000,129.290000
1308556860,129.280000,129.300000,129.280000,129.290000
1308556920,129.280000,129.320000,129.280000,129.310000
1308556980,129.320000,129.360000,129.310000,129.360000
1308557040,129.350000,129.350000,129.320000,129.350000
1308557100,129.360000,129.370000,129.340000,129.360000
1308557160,129.370000,129.380000,129.350000,129.350000
1308557220,129.340000,129.350000,129.310000,129.320000
1308557280,129.330000,129.350000,129.330000,129.330000
1308557340,129.320000,129.350000,129.320000,129.350000
1308557400,129.360000,129.390000,129.340000,129.390000
1308557460,129.400000,129.410000,129.390000,129.400000
1308557520,129.410000,129.410000,129.390000,129.410000
1308557580,129.400000,129.470000,129.390000,129.460000
1308557640,129.470000,129.500000,129.460000,129.490000
1308557700,129.480000,129.500000,129.460000,129.470000
1308557760,129.460000,129.460000,129.440000,129.450000
1308557820,129.460000,129.470000,129.440000,129.460000
1308557880,129.450000,129.450000,129.430000,129.430000
1308557940,129.440000,129.450000,129.420000,129.430000
1308558000,129.440000,129.460000,129.430000,129.440000
1308558060,129.430000,129.430000,129.410000,129.430000
1308558120,129.420000,129.430000,129.410000,129.430000
1308558180,129.420000,129.440000,129.400000,129.410000
1308558240,129.420000,129.430000,129.410000,129.420000
1308558300,129.430000,129.450000,129.420000,129.430000
1308558360,129.440000,129.440000,129.420000,129.420000
1308558420,129.430000,129.440000,129.420000,129.420000
1308558480,129.430000,129.440000,129.400000,129.440000
1308558540,129.450000,129.460000,129.400000,129.400000
1308558600,129.390000,129.390000,129.370000,129.370000
1308558660,129.360000,129.380000,129.360000,129.360000
1308558720,129.370000,129.390000,129.370000,129.370000
1308558780,129.380000,129.410000,129.370000,129.380000
1308558840,129.370000,129.420000,129.370000,129.380000
1308558900,129.390000,129.420000,129.390000,129.410000
1308558960,129.400000,129.430000,129.390000,129.400000
1308559020,129.410000,129.450000,129.400000,129.440000
1308559080,129.450000,129.480000,129.440000,129.450000
1308559140,129.460000,129.460000,129.440000,129.450000
1308559200,129.460000,129.470000,129.440000,129.450000
1308559260,129.440000,129.450000,129.410000,129.420000
1308559320,129.410000,129.420000,129.400000,129.420000
1308559380,129.430000,129.450000,129.430000,129.440000
1308559440,129.430000,129.450000,129.430000,129.440000
1308559500,129.430000,129.430000,129.400000,129.410000
1308559560,129.400000,129.420000,129.400000,129.420000
1308559620,129.430000,129.430000,129.410000,129.410000
1308559680,129.420000,129.440000,129.400000,129.440000
1308559740,129.430000,129.480000,129.430000,129.470000
1308559800,129.480000,129.620000,129.480000,129.580000
1308559860,129.570000,129.580000,129.500000,129.530000
1308559920,129.540000,129.640000,129.530000,129.630000
1308559980,129.640000,129.780000,129.630000,129.740000
1308560040,129.720000,129.720000,129.640000,129.650000
1308560100,129.640000,129.690000,129.640000,129.660000
1308560160,129.670000,129.670000,129.630000,129.630000
1308560220,129.620000,129.630000,129.570000,129.570000
1308560280,129.580000,129.580000,129.540000,129.550000
1308560340,129.560000,129.560000,129.520000,129.550000
1308560400,129.560000,129.650000,129.560000,129.640000
1308560460,129.650000,129.650000,129.630000,129.650000
1308560520,129.640000,129.650000,129.630000,129.640000
1308560580,129.630000,129.650000,129.620000,129.620000
1308560640,129.630000,129.660000,129.620000,129.650000
1308560700,129.660000,129.660000,129.620000,129.620000
1308560760,129.610000,129.630000,129.610000,129.610000
1308560820,129.600000,129.610000,129.590000,129.610000
1308560880,129.620000,129.660000,129.620000,129.660000
1308560940,129.650000,129.680000,129.640000,129.680000
1308561000,129.670000,129.750000,129.670000,129.750000
1308561060,129.740000,129.780000,129.720000,129.760000
1308561120,129.750000,129.780000,129.740000,129.750000
1308561180,129.740000,129.740000,129.700000,129.700000
1308561240,129.690000,129.700000,129.670000,129.680000
1308561300,129.690000,129.710000,129.690000,129.690000
1308561360,129.680000,129.690000,129.650000,129.660000
1308561420,129.650000,129.680000,129.650000,129.660000
1308561480,129.670000,129.720000,129.670000,129.700000
1308561540,129.710000,129.730000,129.690000,129.720000
1308561600,129.730000,129.740000,129.700000,129.730000
1308561660,129.720000,129.730000,129.720000,129.730000
1308561720,129.720000,129.760000,129.720000,129.730000
1308561780,129.720000,129.760000,129.720000,129.750000
1308561840,129.760000,129.770000,129.740000,129.750000
1308561900,129.740000,129.740000,129.690000,129.710000
1308561960,129.700000,129.710000,129.640000,129.670000
1308562020,129.660000,129.690000,129.660000,129.660000
1308562080,129.670000,129.670000,129.660000,129.660000
1308562140,129.650000,129.720000,129.640000,129.680000
1308562200,129.670000,129.730000,129.670000,129.720000
1308562260,129.730000,129.740000,129.730000,129.740000
1308562320,129.750000,129.770000,129.740000,129.760000
1308562380,129.750000,129.760000,129.720000,129.720000
1308562440,129.730000,129.740000,129.720000,129.730000
1308562500,129.720000,129.720000,129.660000,129.680000
1308562560,129.690000,129.710000,129.670000,129.710000
1308562620,129.700000,129.730000,129.700000,129.710000
1308562680,129.700000,129.720000,129.690000,129.700000
1308562740,129.690000,129.720000,129.690000,129.720000
1308562800,129.710000,129.740000,129.710000,129.740000
1308562860,129.750000,129.780000,129.750000,129.770000
1308562920,129.780000,129.780000,129.760000,129.760000
1308562980,129.770000,129.790000,129.750000,129.790000
1308563040,129.800000,129.820000,129.780000,129.800000
1308563100,129.790000,129.790000,129.760000,129.760000
1308563160,129.770000,129.780000,129.730000,129.740000
1308563220,129.750000,129.750000,129.720000,129.740000
1308563280,129.730000,129.740000,129.720000,129.740000
1308563340,129.730000,129.730000,129.720000,129.730000
1308563400,129.720000,129.730000,129.710000,129.720000
1308563460,129.730000,129.770000,129.720000,129.760000
1308563520,129.770000,129.770000,129.750000,129.760000
1308563580,129.750000,129.770000,129.750000,129.750000
1308563640,129.740000,129.780000,129.740000,129.770000
1308563700,129.780000,129.780000,129.760000,129.780000
1308563760,129.770000,129.780000,129.750000,129.760000
1308563820,129.770000,129.830000,129.760000,129.810000
1308563880,129.820000,129.860000,129.820000,129.840000
1308563940,129.850000,129.860000,129.810000,129.830000
1308564000,129.840000,129.850000,129.830000,129.840000
1308564060,129.830000,129.840000,129.780000,129.800000
1308564120,129.810000,129.850000,129.810000,129.850000
1308564180,129.860000,129.860000,129.810000,129.820000
1308564240,129.830000,129.830000,129.810000,129.820000
1308564300,129.830000,129.830000,129.810000,129.820000
1308564360,129.810000,129.820000,129.790000,129.800000
1308564420,129.790000,129.810000,129.780000,129.790000
1308564480,129.800000,129.800000,129.790000,129.790000
1308564540,129.780000,129.790000,129.780000,129.790000
1308564600,129.780000,129.830000,129.780000,129.820000
1308564660,129.830000,129.830000,129.800000,129.810000
1308564720,129.820000,129.840000,129.820000,129.820000
1308564780,129.810000,129.820000,129.790000,129.790000
1308564840,129.800000,129.840000,129.790000,129.830000
1308564900,129.820000,129.850000,129.820000,129.840000
1308564960,129.850000,129.850000,129.800000,129.810000
1308565020,129.800000,129.850000,129.800000,129.840000
1308565080,129.850000,129.860000,129.830000,129.830000
1308565140,129.840000,129.850000,129.830000,129.830000
1308565200,129.820000,129.820000,129.790000,129.800000
1308565260,129.810000,129.820000,129.800000,129.800000
1308565320,129.810000,129.810000,129.770000,129.770000
1308565380,129.780000,129.800000,129.780000,129.790000
1308565440,129.800000,129.810000,129.790000,129.800000
1308565500,129.810000,129.810000,129.800000,129.810000
1308565560,129.800000,129.800000,129.770000,129.780000
1308565620,129.790000,129.800000,129.780000,129.800000
1308565680,129.790000,129.800000,129.790000,129.800000
1308565740,129.790000,129.810000,129.790000,129.800000
1308565800,129.810000,129.820000,129.800000,129.810000
1308565860,129.820000,129.830000,129.800000,129.810000
1308565920,129.820000,129.820000,129.810000,129.810000
1308565980,129.820000,129.820000,129.790000,129.800000
1308566040,129.810000,129.830000,129.800000,129.820000
1308566100,129.810000,129.820000,129.790000,129.800000
1308566160,129.790000,129.790000,129.780000,129.790000
1308566220,129.780000,129.790000,129.760000,129.760000
1308566280,129.750000,129.760000,129.750000,129.760000
1308566340,129.770000,129.770000,129.760000,129.770000
1308566400,129.780000,129.780000,129.760000,129.760000
1308566460,129.770000,129.780000,129.770000,129.780000
1308566520,129.770000,129.800000,129.770000,129.790000
1308566580,129.800000,129.820000,129.790000,129.820000
1308566640,129.810000,129.820000,129.780000,129.780000
1308566700,129.770000,129.810000,129.770000,129.810000
1308566760,129.820000,129.860000,129.810000,129.860000
1308566820,129.880000,129.900000,129.870000,129.880000
1308566880,129.890000,129.890000,129.830000,129.840000
1308566940,129.830000,129.880000,129.830000,129.870000
1308567000,129.860000,129.870000,129.860000,129.860000
1308567060,129.850000,129.860000,129.830000,129.830000
1308567120,129.840000,129.890000,129.830000,129.880000
1308567180,129.870000,129.870000,129.850000,129.870000
1308567240,129.860000,129.890000,129.830000,129.830000
1308567300,129.820000,129.850000,129.820000,129.850000
1308567360,129.860000,129.860000,129.810000,129.830000
1308567420,129.820000,129.860000,129.820000,129.840000
1308567480,129.850000,129.850000,129.800000,129.850000
1308567540,129.860000,129.870000,129.820000,129.820000
1308567600,129.830000,129.830000,129.800000,129.800000
1308567660,129.810000,129.830000,129.790000,129.790000
1308567720,129.800000,129.840000,129.800000,129.800000
1308567780,129.810000,129.810000,129.790000,129.790000
1308567840,129.780000,129.800000,129.770000,129.800000
1308567900,129.810000,129.810000,129.760000,129.770000
1308567960,129.780000,129.810000,129.780000,129.800000
1308568020,129.810000,129.830000,129.800000,129.810000
1308568080,129.820000,129.840000,129.810000,129.840000
1308568140,129.850000,129.890000,129.850000,129.880000
1308568200,129.870000,129.930000,129.870000,129.930000
1308568260,129.920000,129.920000,129.880000,129.900000
1308568320,129.890000,129.900000,129.890000,129.890000
1308568380,129.880000,129.900000,129.880000,129.880000
1308568440,129.870000,129.870000,129.840000,129.840000
1308568500,129.850000,129.850000,129.810000,129.830000
1308568560,129.820000,129.860000,129.820000,129.840000
1308568620,129.830000,129.840000,129.800000,129.800000
1308568680,129.810000,129.810000,129.790000,129.790000
1308568740,129.800000,129.810000,129.800000,129.810000
1308568800,129.800000,129.800000,129.770000,129.780000
1308568860,129.770000,129.770000,129.770000,129.770000
1308568920,129.760000,129.770000,129.710000,129.720000
1308568980,129.710000,129.720000,129.690000,129.690000
1308569040,129.700000,129.710000,129.690000,129.690000
1308569100,129.700000,129.740000,129.700000,129.730000
1308569160,129.720000,129.730000,129.720000,129.730000
1308569220,129.740000,129.750000,129.730000,129.750000
1308569280,129.740000,129.800000,129.740000,129.800000
1308569340,129.810000,129.810000,129.770000,129.790000
1308569400,129.780000,129.790000,129.770000,129.790000
1308569460,129.780000,129.790000,129.770000,129.790000
1308569520,129.780000,129.790000,129.780000,129.780000
1308569580,129.770000,129.770000,129.750000,129.750000
1308569640,129.740000,129.750000,129.730000,129.740000
1308569700,129.750000,129.750000,129.700000,129.710000
1308569760,129.720000,129.740000,129.710000,129.740000
1308569820,129.730000,129.750000,129.730000,129.750000
1308569880,129.740000,129.750000,129.710000,129.730000
1308569940,129.720000,129.720000,129.680000,129.680000
1308570000,129.670000,129.700000,129.670000,129.700000
1308570060,129.690000,129.690000,129.640000,129.640000
1308570120,129.650000,129.660000,129.640000,129.650000
1308570180,129.640000,129.650000,129.630000,129.650000
1308570240,129.640000,129.670000,129.640000,129.660000
1308570300,129.670000,129.690000,129.660000,129.690000
1308570360,129.680000,129.730000,129.680000,129.720000
1308570420,129.730000,129.730000,129.710000,129.720000
1308570480,129.730000,129.760000,129.720000,129.760000
1308570540,129.770000,129.770000,129.740000,129.750000
1308570600,129.760000,129.770000,129.740000,129.740000
1308570660,129.730000,129.740000,129.720000,129.720000
1308570720,129.730000,129.730000,129.720000,129.720000
1308570780,129.710000,129.740000,129.710000,129.740000
1308570840,129.750000,129.780000,129.750000,129.770000
1308570900,129.760000,129.780000,129.760000,129.780000
1308570960,129.790000,129.820000,129.790000,129.810000
1308571020,129.820000,129.820000,129.800000,129.810000
1308571080,129.800000,129.810000,129.760000,129.800000
1308571140,129.790000,129.790000,129.760000,129.770000
1308571200,129.780000,129.790000,129.760000,129.790000
1308571260,129.780000,129.810000,129.780000,129.810000
1308571320,129.820000,129.840000,129.790000,129.840000
1308571380,129.830000,129.840000,129.800000,129.810000
1308571440,129.820000,129.840000,129.810000,129.830000
1308571500,129.840000,129.940000,129.840000,129.930000
1308571560,129.920000,129.970000,129.920000,129.940000
1308571620,129.950000,129.950000,129.920000,129.920000
1308571680,129.930000,129.940000,129.900000,129.910000
1308571740,129.900000,129.920000,129.890000,129.890000
1308571800,129.900000,129.910000,129.880000,129.890000
1308571860,129.880000,129.900000,129.860000,129.900000
1308571920,129.910000,129.950000,129.910000,129.940000
1308571980,129.950000,129.960000,129.910000,129.910000
1308572040,129.900000,129.900000,129.860000,129.860000
1308572100,129.850000,129.900000,129.850000,129.870000
1308572160,129.880000,129.910000,129.880000,129.910000
1308572220,129.900000,129.910000,129.890000,129.910000
1308572280,129.920000,129.920000,129.900000,129.910000
1308572340,129.920000,129.920000,129.850000,129.850000
1308572400,129.860000,129.880000,129.830000,129.880000
1308572460,129.890000,129.890000,129.870000,129.890000
1308572520,129.880000,129.910000,129.870000,129.910000
1308572580,129.920000,129.930000,129.880000,129.890000
1308572640,129.880000,129.900000,129.860000,129.860000
1308572700,129.870000,129.890000,129.850000,129.860000
1308572760,129.850000,129.890000,129.850000,129.860000
1308572820,129.850000,129.880000,129.850000,129.860000
1308572880,129.870000,129.870000,129.840000,129.840000
1308572940,129.850000,129.880000,129.840000,129.880000
1308573000,129.870000,129.950000,129.870000,129.930000
1308573060,129.940000,129.990000,129.910000,129.910000
1308573120,129.920000,129.930000,129.900000,129.900000
1308573180,129.890000,129.900000,129.850000,129.850000
1308573240,129.860000,129.860000,129.840000,129.840000
1308573300,129.850000,129.920000,129.850000,129.900000
1308573360,129.910000,129.920000,129.890000,129.890000
1308573420,129.900000,129.900000,129.850000,129.860000
1308573480,129.850000,129.860000,129.830000,129.840000
1308573540,129.830000,129.830000,129.790000,129.790000
1308573600,129.800000,129.800000,129.760000,129.780000
1308573660,129.790000,129.840000,129.780000,129.820000
1308573720,129.830000,129.870000,129.810000,129.870000
1308573780,129.860000,129.890000,129.860000,129.860000
1308573840,129.850000,129.850000,129.820000,129.830000
1308573900,129.820000,129.850000,129.810000,129.830000
1308573960,129.840000,129.840000,129.780000,129.780000
1308574020,129.790000,129.810000,129.770000,129.790000
1308574080,129.800000,129.810000,129.780000,129.780000
1308574140,129.790000,129.800000,129.770000,129.790000
1308574200,129.800000,129.820000,129.790000,129.820000
1308574260,129.810000,129.830000,129.800000,129.810000
1308574320,129.820000,129.850000,129.810000,129.830000
1308574380,129.840000,129.840000,129.830000,129.840000
1308574440,129.830000,129.840000,129.800000,129.820000
1308574500,129.810000,129.830000,129.800000,129.800000
1308574560,129.810000,129.820000,129.790000,129.820000
1308574620,129.810000,129.820000,129.800000,129.810000
1308574680,129.800000,129.820000,129.800000,129.820000
1308574740,129.810000,129.810000,129.790000,129.800000
1308574800,129.810000,129.860000,129.810000,129.820000
1308574860,129.830000,129.870000,129.820000,129.860000
1308574920,129.870000,129.900000,129.850000,129.890000
1308574980,129.900000,129.970000,129.880000,129.920000
1308575040,129.910000,129.910000,129.870000,129.870000
1308575100,129.880000,129.900000,129.870000,129.900000
1308575160,129.890000,129.950000,129.890000,129.920000
1308575220,129.910000,129.940000,129.900000,129.940000
1308575280,129.930000,129.990000,129.930000,129.980000
1308575340,129.970000,129.970000,129.910000,129.930000
1308575400,129.920000,129.940000,129.880000,129.880000
1308575460,129.890000,129.890000,129.840000,129.840000
1308575520,129.850000,129.890000,129.840000,129.870000
1308575580,129.860000,129.870000,129.840000,129.840000
1308575640,129.830000,129.840000,129.810000,129.840000
1308575700,129.830000,129.830000,129.810000,129.810000
1308575760,129.820000,129.820000,129.790000,129.800000
1308575820,129.810000,129.820000,129.800000,129.810000
1308575880,129.800000,129.810000,129.790000,129.790000
1308575940,129.780000,129.800000,129.780000,129.800000
1308576000,129.790000,129.800000,129.790000,129.800000
1308576060,129.790000,129.790000,129.770000,129.780000
1308576120,129.770000,129.830000,129.760000,129.830000
1308576180,129.840000,129.860000,129.840000,129.840000
1308576240,129.850000,129.870000,129.820000,129.830000
1308576300,129.820000,129.830000,129.800000,129.810000
1308576360,129.800000,129.800000,129.770000,129.790000
1308576420,129.800000,129.800000,129.760000,129.760000
1308576480,129.770000,129.770000,129.740000,129.750000
1308576540,129.760000,129.770000,129.750000,129.760000
1308576600,129.750000,129.770000,129.720000,129.760000
1308576660,129.770000,129.770000,129.730000,129.770000
1308576720,129.780000,129.840000,129.760000,129.840000
1308576780,129.860000,129.890000,129.850000,129.870000
1308576840,129.860000,129.890000,129.850000,129.860000
1308576900,129.850000,129.860000,129.800000,129.800000
1308576960,129.810000,129.820000,129.760000,129.770000
1308577020,129.780000,129.820000,129.770000,129.790000
1308577080,129.800000,129.830000,129.790000,129.820000
1308577140,129.810000,129.830000,129.790000,129.830000
1308577200,129.840000,129.890000,129.830000,129.870000
1308577260,129.860000,129.890000,129.860000,129.880000
1308577320,129.870000,129.900000,129.870000,129.880000
1308577380,129.890000,129.910000,129.880000,129.890000
1308577440,129.900000,129.900000,129.870000,129.870000
1308577500,129.880000,129.890000,129.850000,129.890000
1308577560,129.880000,129.880000,129.850000,129.850000
1308577620,129.840000,129.900000,129.830000,129.880000
1308577680,129.890000,129.890000,129.850000,129.880000
1308577740,129.890000,129.890000,129.860000,129.870000
1308577800,129.880000,129.960000,129.870000,129.940000
1308577860,129.950000,129.980000,129.930000,129.960000
1308577920,129.970000,129.980000,129.940000,129.960000
1308577980,129.970000,129.990000,129.960000,129.980000
1308578040,129.970000,129.980000,129.920000,129.930000
1308578100,129.920000,129.970000,129.920000,129.970000
1308578160,129.960000,129.960000,129.920000,129.920000
1308578220,129.930000,129.950000,129.930000,129.930000
1308578280,129.920000,129.960000,129.920000,129.930000
1308578340,129.940000,129.960000,129.930000,129.960000
1308578400,129.970000,130.030000,129.970000,130.010000
1308578460,130.020000,130.030000,129.990000,130.000000
1308578520,130.010000,130.020000,129.990000,129.990000
1308578580,129.970000,129.980000,129.940000,129.950000
1308578640,129.940000,129.960000,129.910000,129.930000
1308578700,129.920000,129.980000,129.920000,129.980000
1308578760,129.990000,130.010000,129.980000,130.000000
1308578820,130.010000,130.010000,129.980000,130.000000
1308578880,130.010000,130.020000,129.980000,129.990000
1308578940,129.980000,129.990000,129.960000,129.990000
1308579000,129.980000,129.980000,129.940000,129.950000
1308579060,129.940000,129.990000,129.940000,129.980000
1308579120,129.970000,130.000000,129.950000,129.980000
1308579180,129.970000,129.990000,129.930000,129.930000
1308579240,129.940000,129.970000,129.940000,129.950000
1308579300,129.940000,129.970000,129.940000,129.940000
1308579360,129.930000,129.970000,129.930000,129.950000
1308579420,129.940000,129.950000,129.930000,129.930000
1308579480,129.940000,129.960000,129.930000,129.940000
1308579540,129.950000,129.970000,129.930000,129.960000
1308579600,129.970000,129.990000,129.940000,129.970000
1308579660,129.960000,129.970000,129.930000,129.930000
1308579720,129.940000,129.970000,129.920000,129.930000
1308579780,129.920000,129.940000,129.920000,129.920000
1308579840,129.930000,129.930000,129.900000,129.920000
1308579900,129.910000,129.950000,129.910000,129.940000
1308579960,129.930000,130.000000,129.930000,129.980000
1308580020,129.970000,130.000000,129.960000,129.980000
1308580080,129.990000,130.020000,129.980000,130.010000
1308580140,130.020000,130.070000,130.010000,130.040000
1308580200,130.050000,130.090000,130.040000,130.070000
1308580260,130.060000,130.080000,130.040000,130.060000
1308580320,130.050000,130.060000,130.010000,130.030000
1308580380,130.020000,130.030000,130.000000,130.020000
1308580440,130.010000,130.040000,130.010000,130.040000
1308580500,130.050000,130.090000,130.040000,130.040000
1308580560,130.030000,130.040000,130.010000,130.010000
1308580620,130.020000,130.030000,130.010000,130.010000
1308580680,130.020000,130.030000,130.010000,130.020000
1308580740,130.030000,130.040000,130.010000,130.020000
1308580800,130.010000,130.050000,130.010000,130.040000
1308580860,130.050000,130.060000,130.040000,130.060000
1308580920,130.050000,130.060000,130.040000,130.060000
1308580980,130.050000,130.150000,130.040000,130.150000
1308581040,130.160000,130.190000,130.140000,130.140000
1308581100,130.150000,130.180000,130.140000,130.170000
1308581160,130.180000,130.190000,130.160000,130.180000
1308581220,130.170000,130.210000,130.160000,130.200000
1308581280,130.190000,130.200000,130.170000,130.180000
1308581340,130.170000,130.180000,130.150000,130.170000
1308581400,130.180000,130.180000,130.100000,130.100000
1308581460,130.090000,130.100000,130.080000,130.080000
1308581520,130.070000,130.090000,130.060000,130.090000
1308581580,130.100000,130.110000,130.090000,130.090000
1308581640,130.080000,130.080000,130.050000,130.070000
1308581700,130.080000,130.080000,130.050000,130.060000
1308581760,130.050000,130.090000,130.050000,130.080000
1308581820,130.090000,130.090000,130.060000,130.070000
1308581880,130.060000,130.080000,130.050000,130.060000
1308581940,130.070000,130.080000,130.040000,130.040000
1308582000,130.030000,130.050000,130.030000,130.030000
1308582060,130.020000,130.050000,130.010000,130.020000
1308582120,130.030000,130.050000,130.020000,130.040000
1308582180,130.030000,130.040000,130.010000,130.010000
1308582240,130.000000,130.010000,129.970000,129.990000
1308582300,130.000000,130.020000,129.990000,130.010000
1308582360,130.020000,130.020000,130.010000,130.020000
1308582420,130.010000,130.020000,129.990000,129.990000
1308582480,129.980000,129.980000,129.960000,129.960000
1308582540,129.950000,129.950000,129.910000,129.920000
1308582600,129.930000,129.930000,129.880000,129.900000
1308582660,129.890000,129.940000,129.890000,129.930000
1308582720,129.940000,129.950000,129.920000,129.920000
1308582780,129.940000,129.950000,129.910000,129.920000
1308582840,129.910000,129.930000,129.900000,129.930000
1308582900,129.920000,129.930000,129.910000,129.930000
1308582960,129.940000,129.940000,129.920000,129.920000
1308583020,129.930000,129.940000,129.920000,129.920000
1308583080,129.930000,129.950000,129.930000,129.950000
1308583140,129.940000,129.940000,129.920000,129.920000
1308583200,129.930000,129.950000,129.920000,129.950000
1308583260,129.940000,130.000000,129.920000,130.000000
1308583320,129.990000,130.000000,129.970000,129.990000
1308583380,129.980000,130.000000,129.980000,130.000000
1308583440,129.980000,130.060000,129.980000,130.060000
1308583500,130.050000,130.080000,130.040000,130.060000
1308583560,130.070000,130.080000,130.040000,130.040000
1308583620,130.030000,130.030000,130.010000,130.010000
1308583680,130.020000,130.020000,129.980000,129.990000
1308583740,129.980000,130.000000,129.980000,129.990000
1308583800,129.980000,130.030000,129.980000,130.020000
1308583860,130.010000,130.010000,129.970000,129.990000
1308583920,130.000000,130.000000,129.980000,129.990000
1308583980,130.000000,130.020000,129.990000,130.010000
1308584040,130.000000,130.010000,129.960000,129.990000
1308584100,129.980000,129.990000,129.970000,129.980000
1308584160,129.990000,129.990000,129.970000,129.970000
1308584220,129.980000,129.980000,129.970000,129.970000
1308584280,129.960000,129.970000,129.950000,129.970000
1308584340,129.960000,129.970000,129.960000,129.970000
1308584400,129.960000,129.970000,129.950000,129.950000
1308584460,129.940000,129.960000,129.940000,129.960000
1308584520,129.970000,130.010000,129.960000,130.000000
1308584580,130.010000,130.010000,130.000000,130.010000
1308584640,130.000000,130.040000,130.000000,130.040000
1308584700,130.050000,130.050000,130.040000,130.040000
1308584760,130.030000,130.040000,129.980000,129.990000
1308584820,129.980000,130.000000,129.980000,129.980000
1308584880,129.990000,130.010000,129.990000,130.010000
1308584940,130.020000,130.030000,130.000000,130.020000
1308585000,130.030000,130.030000,129.990000,129.990000
1308585060,129.980000,130.000000,129.980000,129.990000
1308585120,129.980000,130.000000,129.970000,129.990000
1308585180,130.000000,130.000000,129.990000,130.000000
1308585240,129.990000,130.010000,129.990000,129.990000
1308585300,130.000000,130.020000,130.000000,130.020000
1308585360,130.010000,130.030000,130.000000,130.010000
1308585420,130.020000,130.020000,130.000000,130.020000
1308585480,130.010000,130.050000,129.990000,130.050000
1308585540,130.060000,130.070000,130.040000,130.040000
1308585600,130.050000,130.090000,130.040000,130.090000
1308585660,130.100000,130.100000,130.080000,130.080000
1308585720,130.090000,130.090000,130.060000,130.060000
1308585780,130.050000,130.060000,130.030000,130.030000
1308585840,130.040000,130.050000,130.020000,130.030000
1308585900,130.040000,130.050000,130.040000,130.050000
1308585960,130.040000,130.040000,130.020000,130.030000
1308586020,130.040000,130.060000,130.040000,130.060000
1308586080,130.050000,130.050000,130.020000,130.020000
1308586140,130.010000,130.020000,130.010000,130.010000
1308586200,130.000000,130.010000,130.000000,130.000000
1308586260,129.990000,130.000000,129.990000,129.990000
1308586320,129.980000,129.980000,129.950000,129.970000
1308586380,129.980000,129.990000,129.980000,129.990000
1308586440,129.980000,129.990000,129.970000,129.970000
1308586500,129.960000,129.970000,129.940000,129.960000
1308586560,129.970000,129.970000,129.950000,129.960000
1308586620,129.970000,129.990000,129.970000,129.990000
1308586680,130.000000,130.000000,129.990000,129.990000
1308586740,130.000000,130.010000,130.000000,130.010000
1308586800,130.000000,130.000000,129.970000,129.980000
1308586860,129.970000,129.970000,129.950000,129.950000
1308586920,129.940000,129.990000,129.940000,129.990000
1308586980,129.980000,129.990000,129.970000,129.970000
1308587040,129.980000,130.000000,129.980000,130.000000
1308587100,130.010000,130.030000,130.000000,130.020000
1308587160,130.030000,130.030000,130.020000,130.020000
1308587220,130.010000,130.020000,130.010000,130.010000
1308587280,130.000000,130.000000,129.990000,130.000000
1308587340,129.990000,130.010000,129.990000,130.010000
1308587400,130.000000,130.020000,129.990000,129.990000
1308587460,130.000000,130.010000,129.980000,129.980000
1308587520,129.990000,129.990000,129.970000,129.970000
1308587580,129.980000,130.000000,129.970000,129.990000
1308587640,129.980000,129.990000,129.980000,129.990000
1308587700,129.980000,129.990000,129.980000,129.980000
1308587760,129.990000,129.990000,129.940000,129.950000
1308587820,129.940000,129.950000,129.910000,129.910000
1308587880,129.920000,129.940000,129.920000,129.930000
1308587940,129.920000,129.930000,129.920000,129.920000
1308588000,129.930000,129.940000,129.930000,129.940000
1308588060,129.950000,129.950000,129.930000,129.930000
1308588120,129.940000,129.940000,129.930000,129.940000
1308588300,129.950000,129.970000,129.940000,129.950000
1308588360,129.960000,129.960000,129.940000,129.940000
1308588420,129.950000,129.950000,129.940000,129.950000
1308588480,129.940000,129.950000,129.940000,129.950000
1308588540,129.940000,129.950000,129.930000,129.930000
1308588600,129.940000,129.950000,129.940000,129.940000
1308588660,129.950000,129.950000,129.920000,129.920000
1308588720,129.910000,129.910000,129.880000,129.890000
1308588780,129.880000,129.880000,129.850000,129.860000
1308588840,129.850000,129.860000,129.840000,129.850000
1308588900,129.840000,129.860000,129.840000,129.860000
1308588960,129.870000,129.880000,129.860000,129.870000
1308589020,129.860000,129.870000,129.850000,129.860000
1308589080,129.850000,129.880000,129.850000,129.870000
1308589140,129.860000,129.870000,129.850000,129.850000
1308589200,129.860000,129.880000,129.860000,129.880000
1308589260,129.890000,129.890000,129.880000,129.890000
1308589320,129.900000,129.910000,129.890000,129.910000
1308589380,129.900000,129.910000,129.890000,129.900000
1308589440,129.890000,129.900000,129.860000,129.860000
1308589500,129.870000,129.870000,129.850000,129.850000
1308589560,129.860000,129.870000,129.860000,129.860000
1308589620,129.870000,129.870000,129.860000,129.870000
1308589680,129.880000,129.880000,129.850000,129.860000
1308589740,129.880000,129.890000,129.870000,129.880000
1308589800,129.870000,129.890000,129.870000,129.890000
1308589860,129.880000,129.890000,129.870000,129.870000
1308589920,129.880000,129.880000,129.840000,129.850000
1308589980,129.860000,129.860000,129.830000,129.830000
1308590040,129.820000,129.830000,129.820000,129.820000
1308590100,129.810000,129.840000,129.810000,129.840000
1308590160,129.850000,129.870000,129.850000,129.860000
1308590220,129.850000,129.860000,129.850000,129.850000
1308590280,129.860000,129.860000,129.850000,129.860000
1308590340,129.850000,129.880000,129.850000,129.880000
1308590400,129.870000,129.880000,129.850000,129.870000
1308590460,129.860000,129.870000,129.860000,129.870000
1308590520,129.880000,129.890000,129.880000,129.890000
1308590580,129.900000,129.900000,129.890000,129.890000
1308590640,129.880000,129.940000,129.880000,129.930000
1308590700,129.940000,129.940000,129.930000,129.930000
1308590760,129.940000,129.940000,129.930000,129.940000
1308590820,129.930000,129.940000,129.920000,129.940000
1308590880,129.930000,129.950000,129.930000,129.930000
1308590940,129.920000,129.930000,129.910000,129.920000
1308591000,129.930000,129.930000,129.920000,129.930000
1308591060,129.920000,129.930000,129.920000,129.930000
1308591120,129.920000,129.930000,129.920000,129.930000
1308591180,129.920000,129.930000,129.920000,129.930000
1308591240,129.920000,129.940000,129.920000,129.930000
1308591300,129.940000,129.940000,129.930000,129.940000
1308591360,129.950000,129.950000,129.940000,129.940000
1308591420,129.930000,129.940000,129.930000,129.930000
1308591480,129.920000,129.930000,129.910000,129.920000
1308591540,129.910000,129.920000,129.910000,129.920000
1308591600,129.930000,129.940000,129.930000,129.940000
1308591660,129.930000,129.930000,129.910000,129.920000
1308591720,129.910000,129.930000,129.910000,129.920000
1308591780,129.930000,129.930000,129.920000,129.920000
1308591840,129.930000,129.930000,129.900000,129.910000
1308591900,129.920000,129.920000,129.910000,129.920000
1308591960,129.910000,129.920000,129.900000,129.910000
1308592020,129.920000,129.920000,129.900000,129.910000
1308592080,129.920000,129.930000,129.910000,129.920000
1308592140,129.930000,129.930000,129.910000,129.920000
1308592200,129.910000,129.910000,129.900000,129.900000
1308592260,129.890000,129.900000,129.890000,129.890000
1308592320,129.900000,129.910000,129.890000,129.900000
1308592380,129.890000,129.900000,129.870000,129.880000
1308592440,129.890000,129.890000,129.880000,129.880000
1308592500,129.890000,129.910000,129.890000,129.890000
1308592560,129.900000,129.930000,129.900000,129.920000
1308592620,129.910000,129.910000,129.870000,129.880000
1308592680,129.890000,129.890000,129.880000,129.890000
1308592740,129.880000,129.880000,129.870000,129.880000
1308592800,129.870000,129.890000,129.870000,129.890000
1308592860,129.880000,129.900000,129.870000,129.880000
1308592980,129.890000,129.910000,129.890000,129.910000
1308593040,129.900000,129.900000,129.860000,129.870000
1308593100,129.860000,129.880000,129.860000,129.880000
1308593160,129.870000,129.880000,129.870000,129.880000
1308593220,129.890000,129.890000,129.870000,129.870000
1308593280,129.880000,129.880000,129.870000,129.870000
1308593340,129.860000,129.900000,129.860000,129.890000
1308593400,129.880000,129.890000,129.880000,129.890000
1308593460,129.880000,129.890000,129.880000,129.890000
1308593520,129.880000,129.890000,129.850000,129.860000
1308593580,129.850000,129.850000,129.840000,129.850000
1308593640,129.860000,129.860000,129.850000,129.860000
1308593700,129.870000,129.870000,129.850000,129.850000
1308593760,129.840000,129.860000,129.840000,129.850000
1308593820,129.840000,129.840000,129.830000,129.840000
1308593880,129.830000,129.840000,129.830000,129.840000
1308593940,129.830000,129.840000,129.830000,129.840000
1308594000,129.830000,129.850000,129.830000,129.840000
1308594060,129.850000,129.850000,129.840000,129.840000
1308594120,129.850000,129.850000,129.810000,129.810000
1308594180,129.800000,129.810000,129.770000,129.790000
1308594240,129.800000,129.830000,129.800000,129.830000
1308594300,129.820000,129.820000,129.800000,129.800000
1308594360,129.810000,129.820000,129.810000,129.810000
1308594420,129.820000,129.830000,129.800000,129.810000
1308594480,129.800000,129.800000,129.790000,129.800000
1308594540,129.810000,129.810000,129.800000,129.810000
1308594600,129.820000,129.820000,129.810000,129.820000
1308594660,129.830000,129.830000,129.830000,129.830000
1308594720,129.820000,129.840000,129.820000,129.820000
1308594840,129.830000,129.840000,129.820000,129.830000
1308594900,129.840000,129.870000,129.840000,129.860000
1308594960,129.850000,129.850000,129.830000,129.830000
1308595020,129.840000,129.840000,129.830000,129.830000
1308595080,129.820000,129.830000,129.820000,129.830000
1308595140,129.820000,129.820000,129.820000,129.820000
1308595200,129.810000,129.820000,129.800000,129.810000
1308595260,129.820000,129.850000,129.820000,129.850000
1308595320,129.840000,129.870000,129.840000,129.850000
1308595380,129.860000,129.880000,129.850000,129.880000
1308595440,129.870000,129.880000,129.870000,129.880000
1308595500,129.890000,129.890000,129.880000,129.890000
1308595560,129.880000,129.920000,129.880000,129.920000
1308595620,129.930000,129.940000,129.920000,129.920000
1308595680,129.930000,129.930000,129.890000,129.900000
1308595740,129.910000,129.910000,129.880000,129.880000
1308595800,129.870000,129.900000,129.870000,129.900000
1308595860,129.890000,129.890000,129.860000,129.860000
1308595920,129.850000,129.870000,129.850000,129.870000
1308595980,129.880000,129.900000,129.870000,129.890000
1308596040,129.880000,129.890000,129.880000,129.880000
1308596100,129.890000,129.920000,129.890000,129.920000
1308596160,129.910000,129.910000,129.910000,129.910000
1308596220,129.900000,129.900000,129.890000,129.900000
1308596280,129.890000,129.890000,129.870000,129.880000
1308596340,129.870000,129.910000,129.870000,129.900000
1308596400,129.890000,129.890000,129.870000,129.870000
1308596460,129.860000,129.880000,129.860000,129.880000
1308596520,129.870000,129.880000,129.870000,129.870000
1308596580,129.880000,129.920000,129.880000,129.910000
1308596640,129.900000,129.910000,129.880000,129.880000
1308596700,129.890000,129.890000,129.880000,129.880000
1308596760,129.890000,129.890000,129.880000,129.880000
1308596820,129.870000,129.880000,129.870000,129.880000
1308596880,129.870000,129.870000,129.810000,129.810000
1308596940,129.820000,129.820000,129.810000,129.820000
1308597000,129.810000,129.820000,129.790000,129.800000
1308597060,129.790000,129.790000,129.780000,129.780000
1308597120,129.790000,129.790000,129.780000,129.780000
1308597180,129.790000,129.810000,129.790000,129.810000
1308597240,129.820000,129.820000,129.790000,129.790000
1308597300,129.800000,129.820000,129.800000,129.820000
1308597360,129.810000,129.820000,129.800000,129.810000
1308597420,129.800000,129.800000,129.760000,129.770000
1308597480,129.780000,129.790000,129.770000,129.790000
1308597540,129.780000,129.780000,129.770000,129.770000
1308597600,129.780000,129.790000,129.760000,129.780000
1308597660,129.790000,129.800000,129.790000,129.790000
1308597720,129.800000,129.820000,129.800000,129.800000
1308597780,129.790000,129.820000,129.790000,129.820000
1308597840,129.830000,129.840000,129.830000,129.840000
1308597900,129.830000,129.850000,129.830000,129.840000
1308597960,129.830000,129.860000,129.830000,129.860000
1308598020,129.850000,129.860000,129.850000,129.860000
1308598080,129.870000,129.870000,129.860000,129.860000
1308598140,129.870000,129.880000,129.860000,129.870000
1308598200,129.880000,129.880000,129.870000,129.870000
1308598260,129.880000,129.890000,129.870000,129.890000
1308598320,129.900000,129.920000,129.890000,129.910000
1308598380,129.900000,129.920000,129.900000,129.910000
1308598440,129.920000,129.930000,129.910000,129.930000
1308598500,129.920000,129.930000,129.910000,129.930000
1308598560,129.920000,129.950000,129.920000,129.950000
1308598620,129.940000,129.960000,129.930000,129.940000
1308598680,129.950000,129.950000,129.920000,129.920000
1308598740,129.930000,129.980000,129.920000,129.970000
1308598800,129.960000,129.960000,129.930000,129.950000
1308598860,129.960000,129.970000,129.950000,129.960000
1308598920,129.950000,129.950000,129.940000,129.940000
1308598980,129.950000,129.960000,129.940000,129.960000
1308599040,129.970000,129.980000,129.970000,129.980000
1308599100,129.970000,129.990000,129.960000,129.980000
1308599160,129.990000,130.010000,129.980000,130.010000
1308599220,130.000000,130.020000,130.000000,130.000000
1308599280,129.990000,130.020000,129.990000,130.010000
1308599340,130.020000,130.050000,130.020000,130.050000
1308599400,130.040000,130.050000,130.040000,130.040000
1308599460,130.050000,130.050000,130.030000,130.030000
1308599520,130.020000,130.070000,130.020000,130.070000
1308599580,130.080000,130.080000,130.070000,130.070000
1308599700,130.080000,130.080000,130.070000,130.070000
1308599760,130.060000,130.070000,130.050000,130.050000
1308599820,130.040000,130.060000,130.040000,130.050000
1308599880,130.060000,130.060000,130.040000,130.040000
1308599940,130.050000,130.070000,130.050000,130.070000
1308600000,130.060000,130.070000,130.030000,130.030000
1308600060,130.040000,130.050000,130.020000,130.050000
1308600120,130.040000,130.050000,130.040000,130.050000
1308600180,130.040000,130.050000,130.040000,130.040000
1308600240,130.050000,130.050000,130.050000,130.050000
1308600360,130.060000,130.060000,130.060000,130.060000
1308600420,130.050000,130.060000,130.050000,130.060000
1308600480,130.050000,130.060000,130.040000,130.050000
1308600540,130.060000,130.070000,130.060000,130.060000
1308600600,130.070000,130.080000,130.060000,130.060000
1308600660,130.070000,130.070000,130.060000,130.060000
1308600720,130.070000,130.080000,130.070000,130.070000
1308600780,130.080000,130.100000,130.070000,130.070000
1308600840,130.080000,130.080000,130.070000,130.070000
1308600900,130.080000,130.080000,130.050000,130.050000
1308601020,130.040000,130.050000,130.040000,130.040000
1308601080,130.050000,130.060000,130.050000,130.050000
1308601200,130.040000,130.040000,130.040000,130.040000
1308601260,130.050000,130.050000,130.040000,130.050000
1308601320,130.040000,130.050000,130.030000,130.030000
1308601380,130.020000,130.020000,130.020000,130.020000
1308601500,130.010000,130.020000,130.010000,130.020000
1308601560,130.030000,130.030000,130.020000,130.020000
1308601680,130.030000,130.030000,130.020000,130.030000
1308601740,130.020000,130.030000,130.020000,130.020000
1308601800,130.030000,130.030000,130.020000,130.020000
1308601860,130.030000,130.030000,130.030000,130.030000
1308601920,130.020000,130.020000,130.010000,130.010000
1308601980,130.020000,130.020000,130.010000,130.010000
1308602040,130.020000,130.020000,130.020000,130.020000
1308602100,130.010000,130.010000,130.000000,130.000000
1308602160,130.010000,130.020000,130.010000,130.010000
1308602220,130.020000,130.020000,130.010000,130.020000
1308602280,130.030000,130.040000,130.020000,130.040000
1308602400,130.030000,130.050000,130.030000,130.040000
1308602460,130.050000,130.060000,130.040000,130.050000
1308602520,130.060000,130.060000,130.040000,130.050000
1308602580,130.040000,130.040000,130.030000,130.040000
1308602640,130.030000,130.040000,130.030000,130.030000
1308602700,130.040000,130.040000,130.030000,130.040000
1308602760,130.030000,130.050000,130.010000,130.010000
1308602820,130.020000,130.020000,130.010000,130.010000
1308602880,130.000000,130.010000,130.000000,130.000000
1308602940,130.010000,130.010000,130.000000,130.000000
1308603000,130.010000,130.010000,129.980000,129.980000
1308603060,129.970000,129.970000,129.950000,129.960000
1308603120,129.950000,129.980000,129.950000,129.950000
1308603180,129.960000,129.970000,129.960000,129.960000
1308603240,129.950000,129.980000,129.950000,129.980000
1308603300,129.990000,129.990000,129.990000,129.990000
1308603360,130.000000,130.000000,129.990000,129.990000
1308603420,129.980000,129.990000,129.970000,129.980000
1308603480,129.990000,129.990000,129.980000,129.990000
1308603540,129.980000,130.010000,129.980000,130.010000
1308603600,130.060000,130.060000,130.040000,130.040000
1308603660,130.050000,130.060000,130.050000,130.060000
1308603720,130.050000,130.060000,130.050000,130.050000
1308603780,130.060000,130.060000,130.060000,130.060000
1308603900,130.050000,130.050000,130.040000,130.040000
1308604020,130.030000,130.040000,130.030000,130.030000
1308604080,130.040000,130.040000,130.020000,130.020000
1308604140,129.940000,130.010000,129.940000,130.000000
1308604200,130.010000,130.010000,129.990000,130.000000
1308604260,130.010000,130.020000,130.010000,130.010000
1308604320,130.000000,130.010000,130.000000,130.010000
1308604380,130.020000,130.050000,130.020000,130.040000
1308604440,130.050000,130.050000,130.040000,130.040000
1308604500,130.050000,130.060000,130.050000,130.060000
1308604560,130.070000,130.070000,130.050000,130.050000
1308604620,130.040000,130.040000,130.020000,130.020000
1308604680,130.030000,130.030000,130.000000,130.020000
1308604740,130.010000,130.010000,130.000000,130.010000
1308604800,130.020000,130.020000,130.020000,130.020000
1308604980,130.010000,130.010000,130.010000,130.010000
1308605040,130.020000,130.020000,130.010000,130.020000
1308605100,130.010000,130.020000,130.010000,130.020000
1308605160,130.040000,130.040000,130.020000,130.020000
1308605220,130.030000,130.030000,130.020000,130.030000
1308605280,130.020000,130.020000,130.020000,130.020000
1308605340,130.010000,130.040000,130.010000,130.040000
1308605400,130.050000,130.050000,130.010000,130.010000
1308605460,130.000000,130.010000,130.000000,130.010000
1308605520,130.000000,130.010000,130.000000,130.010000
1308605580,130.000000,130.010000,130.000000,130.000000
1308605700,129.990000,130.000000,129.990000,129.990000
1308605820,130.000000,130.020000,129.990000,130.020000
1308605880,130.010000,130.030000,130.010000,130.010000
1308606000,130.020000,130.020000,130.020000,130.020000
1308606060,130.030000,130.050000,130.020000,130.050000
1308606120,130.060000,130.060000,130.060000,130.060000
1308606180,130.050000,130.070000,130.050000,130.070000
1308606240,130.060000,130.070000,130.060000,130.070000
1308606300,130.080000,130.080000,130.070000,130.070000
1308606360,130.060000,130.060000,130.040000,130.050000
1308606420,130.060000,130.060000,130.060000,130.060000
1308606480,130.050000,130.060000,130.050000,130.050000
1308606540,130.060000,130.070000,130.050000,130.070000
1308606600,130.060000,130.070000,130.060000,130.070000
1308606660,130.060000,130.070000,130.050000,130.070000
1308606720,130.080000,130.080000,130.070000,130.070000
1308606780,130.080000,130.090000,130.040000,130.050000
1308606840,130.040000,130.040000,130.040000,130.040000
1308606900,130.030000,130.050000,130.030000,130.050000
1308606960,130.040000,130.040000,130.030000,130.030000
1308607020,130.040000,130.040000,130.030000,130.030000
1308607080,130.040000,130.040000,130.040000,130.040000
1308607140,130.030000,130.040000,130.030000,130.040000
1308607200,130.050000,130.050000,130.030000,130.040000
1308607260,130.050000,130.070000,130.030000,130.070000
1308607320,130.080000,130.110000,130.080000,130.100000
1308607380,130.110000,130.120000,130.090000,130.110000
1308607440,130.120000,130.190000,130.120000,130.120000
1308607500,130.130000,130.170000,130.130000,130.140000
1308607560,130.130000,130.140000,130.130000,130.130000
1308607620,130.120000,130.130000,130.110000,130.110000
1308607680,130.100000,130.100000,130.090000,130.100000
1308607740,130.090000,130.090000,130.080000,130.080000
1308607800,130.070000,130.080000,130.070000,130.080000
1308607860,130.090000,130.110000,130.090000,130.110000
1308607920,130.100000,130.120000,130.100000,130.120000
1308607980,130.110000,130.110000,130.110000,130.110000
1308608040,130.120000,130.120000,130.100000,130.120000
1308608100,130.110000,130.120000,130.110000,130.120000
1308608160,130.110000,130.110000,130.090000,130.090000
1308608220,130.080000,130.090000,130.080000,130.090000
1308608280,130.080000,130.080000,130.080000,130.080000
1308608340,130.070000,130.080000,130.060000,130.060000
1308608400,130.050000,130.060000,130.030000,130.040000
1308608460,130.050000,130.050000,130.040000,130.050000
1308608520,130.060000,130.060000,130.040000,130.040000
1308608580,130.030000,130.040000,130.010000,130.020000
1308608700,130.010000,130.020000,130.010000,130.020000
1308608760,130.010000,130.010000,129.980000,129.990000
1308608820,130.000000,130.010000,130.000000,130.010000
1308608880,130.000000,130.000000,130.000000,130.000000
1308608940,130.010000,130.010000,130.010000,130.010000
1308609060,130.000000,130.000000,130.000000,130.000000
1308609240,129.990000,129.990000,129.990000,129.990000
1308609300,129.980000,130.000000,129.980000,130.000000
1308609360,130.010000,130.010000,130.010000,130.010000
1308609420,130.020000,130.030000,130.020000,130.030000
1308609540,130.040000,130.040000,130.030000,130.040000
1308609600,130.050000,130.050000,130.040000,130.040000
1308609660,130.030000,130.030000,130.030000,130.030000
1308609720,130.020000,130.020000,130.020000,130.020000
1308609780,130.010000,130.020000,130.010000,130.020000
1308609840,130.030000,130.030000,130.020000,130.020000
1308610020,130.030000,130.030000,130.030000,130.030000
1308610080,130.020000,130.020000,130.020000,130.020000
1308610200,130.030000,130.030000,130.030000,130.030000
1308610320,130.020000,130.020000,130.020000,130.020000
1308610380,130.030000,130.040000,130.030000,130.030000
1308610500,130.040000,130.040000,130.030000,130.040000
1308610560,130.030000,130.030000,130.010000,130.020000
1308610620,130.030000,130.030000,130.020000,130.030000
1308610680,130.020000,130.030000,130.010000,130.010000
1308610740,130.020000,130.020000,130.000000,130.020000
1308610800,130.010000,130.050000,130.010000,130.020000
1308610860,130.030000,130.070000,130.010000,130.070000
1308610920,130.060000,130.070000,130.060000,130.070000
1308610980,130.060000,130.070000,130.040000,130.040000
1308611040,130.050000,130.060000,130.040000,130.050000
1308611100,130.040000,130.050000,130.040000,130.050000
1308611160,130.040000,130.040000,130.040000,130.040000
1308611220,130.050000,130.050000,130.050000,130.050000
1308611280,130.060000,130.060000,130.050000,130.050000
1308611340,130.060000,130.060000,130.050000,130.060000
1308611400,130.070000,130.080000,130.060000,130.080000
1308611460,130.090000,130.130000,130.080000,130.110000
1308611520,130.120000,130.130000,130.110000,130.110000
1308611580,130.120000,130.120000,130.100000,130.100000
1308611640,130.110000,130.110000,130.090000,130.110000
1308611700,130.120000,130.120000,130.100000,130.110000
1308611760,130.100000,130.150000,130.100000,130.150000
1308611820,130.160000,130.180000,130.130000,130.140000
1308611880,130.150000,130.180000,130.130000,130.180000
1308611940,130.170000,130.180000,130.160000,130.180000
1308612000,130.170000,130.180000,130.160000,130.170000
1308612060,130.160000,130.160000,130.150000,130.160000
1308612120,130.150000,130.160000,130.150000,130.160000
1308612180,130.170000,130.180000,130.160000,130.170000
1308612240,130.180000,130.180000,130.170000,130.180000
1308612300,130.170000,130.170000,130.160000,130.170000
1308612360,130.160000,130.160000,130.130000,130.130000
1308612420,130.120000,130.120000,130.100000,130.100000
1308612480,130.110000,130.120000,130.100000,130.110000
1308612540,130.100000,130.100000,130.090000,130.100000
1308612600,130.090000,130.130000,130.090000,130.120000
1308612660,130.110000,130.170000,130.110000,130.170000
1308612720,130.160000,130.170000,130.150000,130.160000
1308612780,130.170000,130.180000,130.170000,130.170000
1308612840,130.180000,130.180000,130.170000,130.170000
1308612900,130.180000,130.190000,130.180000,130.190000
1308612960,130.200000,130.340000,130.190000,130.270000
1308613020,130.280000,130.320000,130.240000,130.240000
1308613080,130.250000,130.250000,130.220000,130.240000
1308613140,130.250000,130.250000,130.230000,130.240000
1308613200,130.230000,130.250000,130.190000,130.190000
1308613260,130.200000,130.210000,130.180000,130.200000
1308613320,130.210000,130.220000,130.190000,130.200000
1308613380,130.210000,130.230000,130.200000,130.230000
1308613440,130.220000,130.230000,130.170000,130.180000
1308613500,130.190000,130.190000,130.150000,130.160000
1308613560,130.150000,130.180000,130.150000,130.170000
1308613620,130.180000,130.200000,130.170000,130.180000
1308613680,130.190000,130.190000,130.170000,130.180000
1308613740,130.190000,130.210000,130.180000,130.190000
1308613800,130.180000,130.200000,130.180000,130.180000
1308613860,130.170000,130.170000,130.160000,130.170000
1308613920,130.180000,130.180000,130.150000,130.160000
1308613980,130.150000,130.170000,130.150000,130.160000
1308614040,130.170000,130.170000,130.160000,130.160000
1308614100,130.170000,130.180000,130.160000,130.170000
1308614160,130.180000,130.180000,130.170000,130.170000
1308614220,130.180000,130.180000,130.180000,130.180000
1308614280,130.170000,130.180000,130.170000,130.180000
1308614340,130.190000,130.190000,130.180000,130.180000
1308614400,130.170000,130.190000,130.150000,130.180000
1308614460,130.170000,130.170000,130.130000,130.130000
1308614520,130.140000,130.150000,130.120000,130.130000
1308614580,130.140000,130.170000,130.140000,130.170000
1308614640,130.160000,130.200000,130.160000,130.190000
1308614700,130.180000,130.200000,130.170000,130.170000
1308614760,130.180000,130.180000,130.170000,130.180000
1308614820,130.190000,130.190000,130.160000,130.160000
1308614880,130.170000,130.190000,130.160000,130.190000
1308614940,130.180000,130.210000,130.180000,130.200000
1308615000,130.210000,130.240000,130.200000,130.220000
1308615060,130.230000,130.240000,130.230000,130.230000
1308615120,130.220000,130.250000,130.220000,130.240000
1308615180,130.250000,130.250000,130.240000,130.250000
1308615240,130.260000,130.270000,130.250000,130.260000
1308615300,130.250000,130.260000,130.240000,130.250000
1308615360,130.240000,130.240000,130.190000,130.190000
1308615420,130.200000,130.200000,130.170000,130.180000
1308615480,130.190000,130.200000,130.180000,130.200000
1308615540,130.210000,130.210000,130.200000,130.210000
1308615600,130.200000,130.210000,130.200000,130.200000
1308615660,130.210000,130.210000,130.210000,130.210000
1308615780,130.200000,130.210000,130.200000,130.200000
1308615840,130.190000,130.190000,130.160000,130.160000
1308615900,130.170000,130.180000,130.170000,130.180000
1308615960,130.170000,130.170000,130.080000,130.120000
1308616020,130.110000,130.130000,130.110000,130.130000
1308616080,130.120000,130.130000,130.120000,130.130000
1308616140,130.120000,130.120000,130.110000,130.120000
1308616200,130.130000,130.130000,130.110000,130.120000
1308616260,130.110000,130.140000,130.110000,130.130000
1308616320,130.120000,130.150000,130.120000,130.140000
1308616380,130.130000,130.150000,130.130000,130.140000
1308616440,130.150000,130.170000,130.140000,130.150000
1308616500,130.140000,130.150000,130.130000,130.140000
1308616560,130.130000,130.150000,130.130000,130.140000
1308616620,130.130000,130.150000,130.130000,130.140000
1308616680,130.130000,130.140000,130.130000,130.130000
1308616740,130.120000,130.140000,130.120000,130.120000
1308616800,130.130000,130.140000,130.120000,130.130000
1308616860,130.120000,130.130000,130.110000,130.120000
1308616920,130.110000,130.110000,130.090000,130.100000
1308616980,130.090000,130.090000,130.070000,130.080000
1308617040,130.090000,130.090000,130.070000,130.080000
1308617100,130.070000,130.080000,130.050000,130.060000
1308617160,130.050000,130.070000,130.050000,130.050000
1308617220,130.040000,130.040000,130.040000,130.040000
1308617280,130.050000,130.050000,130.030000,130.030000
1308617340,130.040000,130.040000,130.020000,130.020000
1308617400,130.030000,130.050000,130.020000,130.040000
1308617460,130.050000,130.060000,130.040000,130.060000
1308617520,130.070000,130.070000,130.050000,130.050000
1308617580,130.060000,130.080000,130.050000,130.070000
1308617640,130.060000,130.070000,130.060000,130.060000
1308617700,130.050000,130.050000,130.030000,130.040000
1308617760,130.050000,130.060000,130.020000,130.040000
1308617820,130.050000,130.070000,130.050000,130.060000
1308617880,130.050000,130.060000,130.050000,130.060000
1308617940,130.070000,130.080000,130.060000,130.080000
1308618000,130.070000,130.070000,130.060000,130.060000
1308618060,130.050000,130.050000,130.040000,130.040000
1308618120,130.050000,130.050000,130.040000,130.040000
1308618180,130.050000,130.060000,130.050000,130.050000
1308618240,130.040000,130.050000,130.030000,130.040000
1308618300,130.050000,130.060000,130.050000,130.050000
1308618360,130.060000,130.060000,130.050000,130.050000
1308618420,130.040000,130.040000,130.040000,130.040000
1308618480,130.050000,130.050000,130.040000,130.040000
1308618540,130.050000,130.050000,130.040000,130.040000
1308618600,130.050000,130.070000,130.050000,130.070000
1308618660,130.060000,130.060000,130.040000,130.060000
1308618720,130.050000,130.060000,130.050000,130.050000
1308618780,130.060000,130.060000,130.050000,130.050000
1308618840,130.060000,130.060000,130.060000,130.060000
1308618900,130.050000,130.060000,130.050000,130.060000
1308618960,130.050000,130.070000,130.050000,130.060000
1308619020,130.050000,130.060000,130.030000,130.050000
1308619080,130.060000,130.060000,130.050000,130.050000
1308619140,130.060000,130.070000,130.040000,130.070000
1308619200,130.060000,130.080000,130.060000,130.080000
1308619260,130.090000,130.090000,130.080000,130.090000
1308619320,130.080000,130.090000,130.080000,130.090000
1308619380,130.080000,130.090000,130.070000,130.080000
1308619440,130.070000,130.070000,130.040000,130.050000
1308619500,130.040000,130.040000,130.040000,130.040000
1308619560,130.050000,130.050000,130.030000,130.050000
1308619620,130.040000,130.080000,130.040000,130.080000
1308619680,130.070000,130.090000,130.070000,130.070000
1308619740,130.080000,130.090000,130.070000,130.080000
1308619800,130.070000,130.080000,130.030000,130.040000
1308619860,130.030000,130.030000,129.970000,129.970000
1308619920,129.960000,129.970000,129.880000,129.950000
1308619980,129.960000,129.960000,129.790000,129.790000
1308620040,129.780000,129.830000,129.770000,129.810000
1308620100,129.820000,129.890000,129.820000,129.850000
1308620160,129.860000,129.930000,129.860000,129.930000
1308620220,129.920000,129.920000,129.880000,129.920000
1308620280,129.910000,129.950000,129.910000,129.950000
1308620340,129.960000,129.970000,129.940000,129.950000
1308620400,129.960000,129.960000,129.920000,129.930000
1308620460,129.920000,129.930000,129.890000,129.900000
1308620520,129.910000,129.930000,129.900000,129.920000
1308620580,129.930000,129.980000,129.930000,129.980000
1308620640,129.970000,130.000000,129.970000,129.990000
1308620700,129.980000,129.990000,129.970000,129.980000
1308620760,129.970000,129.990000,129.970000,129.990000
1308620820,130.000000,130.000000,129.980000,130.000000
1308620880,130.010000,130.030000,130.000000,130.010000
1308620940,130.000000,130.010000,129.970000,129.990000
1308621000,130.000000,130.010000,129.990000,130.000000
1308621060,130.010000,130.040000,130.000000,130.030000
1308621120,130.020000,130.050000,130.020000,130.040000
1308621180,130.030000,130.030000,129.990000,129.990000
1308621240,129.980000,130.080000,129.980000,130.040000
1308621300,130.030000,130.030000,129.980000,129.980000
1308621360,129.970000,130.010000,129.970000,130.000000
1308621420,130.010000,130.020000,129.980000,130.010000
1308621480,130.020000,130.050000,130.020000,130.040000
1308621540,130.030000,130.030000,129.970000,129.970000
1308621600,129.960000,129.990000,129.950000,129.980000
1308621660,129.970000,130.000000,129.970000,130.000000
1308621720,129.990000,129.990000,129.970000,129.980000
1308621780,129.990000,129.990000,129.970000,129.980000
1308621840,129.970000,130.000000,129.970000,129.980000
1308621900,129.990000,130.010000,129.970000,130.010000
1308621960,130.000000,130.020000,129.980000,130.010000
1308622020,130.020000,130.020000,129.970000,129.970000
1308622080,129.960000,129.990000,129.960000,129.970000
1308622140,129.960000,129.960000,129.940000,129.940000
1308622200,129.930000,129.940000,129.900000,129.920000
1308622260,129.930000,129.950000,129.920000,129.930000
1308622320,129.940000,129.960000,129.940000,129.940000
1308622380,129.930000,129.950000,129.930000,129.930000
1308622440,129.940000,129.940000,129.920000,129.930000
1308622500,129.940000,129.950000,129.910000,129.920000
1308622560,129.930000,129.930000,129.920000,129.920000
1308622620,129.930000,129.930000,129.920000,129.920000
1308622680,129.910000,129.930000,129.910000,129.930000
1308622740,129.920000,129.940000,129.910000,129.920000
1308622800,129.910000,129.970000,129.910000,129.950000
1308622860,129.960000,129.960000,129.940000,129.950000
1308622920,129.960000,129.960000,129.950000,129.950000
1308622980,129.960000,129.980000,129.960000,129.980000
1308623040,129.970000,129.980000,129.970000,129.980000
1308623100,129.990000,129.990000,129.950000,129.950000
1308623160,129.960000,129.990000,129.960000,129.980000
1308623220,129.970000,129.980000,129.950000,129.960000
1308623280,129.950000,129.960000,129.930000,129.940000
1308623340,129.930000,129.930000,129.920000,129.930000
1308623400,129.940000,129.940000,129.920000,129.940000
1308623460,129.930000,129.930000,129.880000,129.900000
1308623520,129.910000,129.920000,129.880000,129.900000
1308623580,129.910000,129.920000,129.900000,129.920000
1308623640,129.910000,129.930000,129.900000,129.900000
1308623700,129.890000,129.930000,129.880000,129.930000
1308623760,129.940000,129.950000,129.920000,129.930000
1308623820,129.940000,129.950000,129.940000,129.950000
1308623880,129.960000,129.960000,129.930000,129.940000
1308623940,129.950000,129.970000,129.940000,129.950000
1308624000,129.940000,129.950000,129.930000,129.940000
1308624060,129.950000,129.950000,129.930000,129.950000
1308624120,129.940000,129.980000,129.940000,129.970000
1308624180,129.960000,129.980000,129.960000,129.970000
1308624240,129.980000,129.980000,129.970000,129.980000
1308624300,129.970000,129.990000,129.970000,129.980000
1308624360,129.990000,130.000000,129.980000,130.000000
1308624420,129.990000,130.010000,129.990000,130.000000
1308624480,129.990000,130.000000,129.990000,129.990000
1308624540,129.980000,129.990000,129.970000,129.990000
1308624600,129.980000,129.980000,129.960000,129.970000
1308624660,129.960000,129.970000,129.950000,129.960000
1308624720,129.950000,129.960000,129.940000,129.960000
1308624780,129.950000,129.960000,129.940000,129.950000
1308624840,129.940000,129.950000,129.940000,129.940000
1308624900,129.950000,129.950000,129.940000,129.940000
1308624960,129.950000,129.960000,129.950000,129.960000
1308625020,129.970000,129.990000,129.960000,129.970000
1308625080,129.980000,129.980000,129.970000,129.970000
1308625140,129.960000,129.980000,129.960000,129.970000
1308625200,129.960000,129.960000,129.940000,129.940000
1308625260,129.950000,129.950000,129.940000,129.950000
1308625320,129.940000,129.950000,129.940000,129.940000
1308625380,129.950000,129.960000,129.950000,129.960000
1308625440,129.950000,129.990000,129.950000,129.990000
1308625500,129.980000,129.990000,129.970000,129.980000
1308625560,129.990000,129.990000,129.990000,129.990000
1308625740,130.000000,130.000000,129.970000,129.980000
1308625800,129.990000,129.990000,129.980000,129.990000
1308625860,130.000000,130.000000,129.980000,130.000000
1308625920,129.990000,130.000000,129.990000,129.990000
1308625980,129.980000,129.990000,129.980000,129.990000
1308626040,129.980000,129.990000,129.970000,129.990000
1308626100,129.980000,129.990000,129.970000,129.970000
1308626160,129.980000,129.980000,129.960000,129.970000
1308626220,129.980000,129.980000,129.970000,129.970000
1308626280,129.980000,129.980000,129.960000,129.960000
1308626340,129.970000,129.970000,129.960000,129.960000
1308626400,129.950000,129.960000,129.930000,129.930000
1308626460,129.940000,129.940000,129.930000,129.940000
1308626520,129.930000,129.950000,129.930000,129.940000
1308626580,129.950000,129.970000,129.940000,129.950000
1308626640,129.960000,129.960000,129.950000,129.950000
1308626700,129.940000,129.960000,129.940000,129.960000
1308626760,129.970000,129.970000,129.960000,129.960000
1308626820,129.950000,129.960000,129.950000,129.950000
1308626880,129.960000,129.960000,129.950000,129.960000
1308626940,129.970000,129.970000,129.950000,129.950000
1308627000,129.940000,129.950000,129.930000,129.950000
1308627060,129.960000,129.960000,129.940000,129.950000
1308627120,129.940000,129.940000,129.920000,129.930000
1308627240,129.920000,129.930000,129.920000,129.920000
1308627300,129.930000,129.940000,129.930000,129.940000
1308627480,129.950000,129.960000,129.950000,129.960000
1308627540,129.950000,129.960000,129.950000,129.960000
1308627660,129.970000,129.970000,129.960000,129.960000
1308627720,129.970000,129.970000,129.960000,129.960000
1308627780,129.950000,129.950000,129.940000,129.940000
1308627840,129.930000,129.940000,129.930000,129.940000
1308627900,129.950000,129.950000,129.940000,129.940000
1308627960,129.930000,129.940000,129.920000,129.920000
1308628020,129.930000,129.930000,129.910000,129.920000
1308628080,129.930000,129.940000,129.930000,129.930000
1308628140,129.920000,129.930000,129.910000,129.920000
1308628200,129.910000,129.920000,129.910000,129.920000
1308628320,129.930000,129.940000,129.920000,129.940000
1308628380,129.930000,129.940000,129.920000,129.940000
1308628440,129.930000,129.930000,129.930000,129.930000
1308628500,129.920000,129.940000,129.920000,129.940000
1308628560,129.930000,129.930000,129.920000,129.930000
1308628620,129.920000,129.930000,129.920000,129.930000
1308628680,129.940000,129.940000,129.920000,129.930000
1308628740,129.920000,129.930000,129.920000,129.920000
