time,open,high,low,close
1578286800,108.062000,108.070000,108.062000,108.062000
1578286860,108.062000,108.063000,108.059000,108.060000
1578286920,108.060000,108.060000,108.051000,108.051000
1578286980,108.051000,108.060000,108.051000,108.059000
1578287040,108.060000,108.060000,108.053000,108.055000
1578287100,108.055000,108.056000,108.051000,108.056000
1578287160,108.055000,108.056000,108.049000,108.051000
1578287220,108.050000,108.065000,108.045000,108.062000
1578287280,108.062000,108.062000,108.057000,108.058000
1578287340,108.058000,108.059000,108.057000,108.057000
1578287400,108.058000,108.059000,108.052000,108.052000
1578287460,108.051000,108.052000,108.046000,108.049000
1578287520,108.048000,108.050000,108.047000,108.050000
1578287580,108.049000,108.050000,108.045000,108.046000
1578287640,108.046000,108.046000,108.046000,108.046000
1578287700,108.045000,108.045000,108.033000,108.038000
1578287760,108.038000,108.039000,108.036000,108.037000
1578287820,108.037000,108.039000,108.037000,108.038000
1578287880,108.038000,108.046000,108.037000,108.046000
1578287940,108.046000,108.046000,108.046000,108.046000
1578288000,108.047000,108.049000,108.046000,108.047000
1578288060,108.047000,108.050000,108.046000,108.049000
1578288120,108.050000,108.050000,108.044000,108.048000
1578288180,108.048000,108.064000,108.048000,108.064000
1578288240,108.063000,108.073000,108.061000,108.061000
1578288300,108.063000,108.063000,108.055000,108.061000
1578288360,108.061000,108.061000,108.051000,108.053000
1578288420,108.053000,108.064000,108.053000,108.064000
1578288480,108.065000,108.066000,108.058000,108.058000
1578288540,108.058000,108.058000,108.051000,108.056000
1578288600,108.054000,108.057000,108.051000,108.057000
1578288660,108.056000,108.056000,108.047000,108.047000
1578288720,108.047000,108.050000,108.046000,108.049000
1578288780,108.048000,108.052000,108.045000,108.052000
1578288840,108.052000,108.056000,108.052000,108.053000
1578288900,108.053000,108.057000,108.049000,108.053000
1578288960,108.053000,108.057000,108.052000,108.053000
1578289020,108.052000,108.057000,108.052000,108.054000
1578289080,108.054000,108.055000,108.052000,108.052000
1578289140,108.055000,108.056000,108.051000,108.052000
1578289200,108.052000,108.052000,108.045000,108.047000
1578289260,108.048000,108.052000,108.048000,108.052000
1578289320,108.051000,108.058000,108.051000,108.054000
1578289380,108.055000,108.058000,108.047000,108.048000
1578289440,108.048000,108.049000,108.044000,108.046000
1578289500,108.047000,108.052000,108.046000,108.049000
1578289560,108.049000,108.054000,108.049000,108.051000
1578289620,108.052000,108.059000,108.052000,108.057000
1578289680,108.056000,108.057000,108.056000,108.056000
1578289740,108.055000,108.055000,108.047000,108.048000
1578289800,108.047000,108.053000,108.047000,108.052000
1578289860,108.052000,108.056000,108.052000,108.054000
1578289920,108.055000,108.059000,108.054000,108.057000
1578289980,108.059000,108.065000,108.058000,108.065000
1578290040,108.065000,108.065000,108.061000,108.061000
1578290100,108.061000,108.061000,108.057000,108.059000
1578290160,108.059000,108.060000,108.058000,108.058000
1578290220,108.058000,108.058000,108.058000,108.058000
1578290280,108.057000,108.061000,108.057000,108.060000
1578290340,108.060000,108.061000,108.058000,108.058000
1578290400,108.060000,108.061000,108.051000,108.053000
1578290460,108.053000,108.056000,108.052000,108.056000
1578290520,108.055000,108.055000,108.045000,108.046000
1578290580,108.046000,108.050000,108.045000,108.047000
1578290640,108.046000,108.047000,108.041000,108.044000
1578290700,108.045000,108.045000,108.039000,108.040000
1578290760,108.040000,108.043000,108.039000,108.040000
1578290820,108.042000,108.042000,108.031000,108.032000
1578290880,108.033000,108.033000,108.020000,108.021000
1578290940,108.020000,108.025000,108.020000,108.023000
1578291000,108.023000,108.028000,108.022000,108.026000
1578291060,108.026000,108.031000,108.021000,108.021000
1578291120,108.020000,108.020000,108.005000,108.005000
1578291180,108.005000,108.005000,107.991000,107.991000
1578291240,107.990000,107.991000,107.970000,107.991000
1578291300,107.991000,107.994000,107.973000,107.982000
1578291360,107.985000,107.986000,107.976000,107.979000
1578291420,107.980000,107.987000,107.979000,107.987000
1578291480,107.987000,107.987000,107.978000,107.986000
1578291540,107.986000,107.987000,107.982000,107.983000
1578291600,107.983000,107.993000,107.982000,107.989000
1578291660,107.989000,107.999000,107.989000,107.993000
1578291720,107.993000,108.009000,107.993000,108.007000
1578291780,108.007000,108.019000,108.007000,108.012000
1578291840,108.011000,108.012000,108.008000,108.008000
1578291900,108.008000,108.008000,108.002000,108.006000
1578291960,108.006000,108.006000,107.999000,107.999000
1578292020,107.998000,107.999000,107.991000,107.991000
1578292080,107.991000,107.995000,107.990000,107.992000
1578292140,107.991000,107.991000,107.984000,107.991000
1578292200,107.990000,107.991000,107.986000,107.989000
1578292260,107.988000,107.992000,107.987000,107.990000
1578292320,107.990000,107.997000,107.990000,107.996000
1578292380,107.996000,108.001000,107.987000,107.988000
1578292440,107.987000,107.991000,107.987000,107.990000
1578292500,107.989000,107.992000,107.986000,107.992000
1578292560,107.992000,107.993000,107.988000,107.992000
1578292620,107.990000,107.996000,107.989000,107.992000
1578292680,107.991000,107.998000,107.991000,107.998000
1578292740,107.998000,107.998000,107.990000,107.991000
1578292800,107.991000,107.997000,107.990000,107.992000
1578292860,107.993000,108.002000,107.993000,107.999000
1578292920,108.000000,108.003000,107.996000,107.997000
1578292980,107.998000,108.010000,107.997000,108.004000
1578293040,108.006000,108.016000,108.006000,108.009000
1578293100,108.010000,108.016000,108.004000,108.005000
1578293160,108.006000,108.009000,108.003000,108.008000
1578293220,108.008000,108.040000,108.008000,108.035000
1578293280,108.035000,108.059000,108.035000,108.058000
1578293340,108.059000,108.059000,108.046000,108.052000
1578293400,108.052000,108.057000,108.046000,108.053000
1578293460,108.054000,108.057000,108.052000,108.052000
1578293520,108.053000,108.059000,108.052000,108.058000
1578293580,108.054000,108.058000,108.048000,108.053000
1578293640,108.052000,108.053000,108.046000,108.053000
1578293700,108.050000,108.070000,108.050000,108.064000
1578293760,108.063000,108.071000,108.056000,108.063000
1578293820,108.063000,108.063000,108.055000,108.058000
1578293880,108.057000,108.063000,108.054000,108.057000
1578293940,108.058000,108.059000,108.051000,108.052000
1578294000,108.053000,108.068000,108.045000,108.060000
1578294060,108.061000,108.062000,108.052000,108.052000
1578294120,108.050000,108.054000,108.041000,108.046000
1578294180,108.046000,108.060000,108.041000,108.057000
1578294240,108.056000,108.061000,108.052000,108.059000
1578294300,108.059000,108.064000,108.056000,108.063000
1578294360,108.064000,108.064000,108.054000,108.059000
1578294420,108.060000,108.062000,108.058000,108.062000
1578294480,108.062000,108.062000,108.047000,108.049000
1578294540,108.050000,108.051000,108.041000,108.042000
1578294600,108.041000,108.045000,108.036000,108.043000
1578294660,108.044000,108.047000,108.042000,108.042000
1578294720,108.043000,108.047000,108.040000,108.041000
1578294780,108.041000,108.046000,108.040000,108.044000
1578294840,108.044000,108.046000,108.041000,108.043000
1578294900,108.043000,108.047000,108.037000,108.043000
1578294960,108.042000,108.051000,108.027000,108.049000
1578295020,108.049000,108.053000,108.040000,108.048000
1578295080,108.049000,108.071000,108.047000,108.066000
1578295140,108.066000,108.073000,108.060000,108.063000
1578295200,108.063000,108.063000,108.062000,108.063000
1578295260,108.065000,108.070000,108.061000,108.070000
1578295320,108.070000,108.070000,108.065000,108.065000
1578295380,108.066000,108.069000,108.065000,108.067000
1578295440,108.066000,108.081000,108.066000,108.079000
1578295500,108.079000,108.104000,108.079000,108.102000
1578295560,108.101000,108.104000,108.095000,108.101000
1578295620,108.101000,108.124000,108.101000,108.122000
1578295680,108.123000,108.135000,108.120000,108.121000
1578295740,108.120000,108.122000,108.116000,108.119000
1578295800,108.118000,108.176000,108.117000,108.166000
1578295860,108.165000,108.166000,108.146000,108.150000
1578295920,108.149000,108.161000,108.146000,108.149000
1578295980,108.149000,108.153000,108.137000,108.138000
1578296040,108.138000,108.153000,108.136000,108.150000
1578296100,108.149000,108.149000,108.136000,108.139000
1578296160,108.139000,108.141000,108.133000,108.134000
1578296220,108.135000,108.137000,108.131000,108.134000
1578296280,108.134000,108.140000,108.130000,108.140000
1578296340,108.141000,108.148000,108.137000,108.146000
1578296400,108.146000,108.158000,108.143000,108.157000
1578296460,108.157000,108.164000,108.152000,108.162000
1578296520,108.162000,108.162000,108.160000,108.161000
1578296580,108.161000,108.163000,108.154000,108.160000
1578296640,108.160000,108.160000,108.154000,108.157000
1578296700,108.155000,108.164000,108.152000,108.152000
1578296760,108.153000,108.159000,108.153000,108.157000
1578296820,108.154000,108.156000,108.145000,108.146000
1578296880,108.147000,108.147000,108.142000,108.145000
1578296940,108.145000,108.146000,108.142000,108.145000
1578297000,108.144000,108.147000,108.136000,108.136000
1578297060,108.136000,108.137000,108.134000,108.134000
1578297120,108.134000,108.138000,108.129000,108.129000
1578297180,108.130000,108.130000,108.123000,108.127000
1578297240,108.126000,108.141000,108.123000,108.141000
1578297300,108.141000,108.141000,108.133000,108.133000
1578297360,108.132000,108.132000,108.111000,108.115000
1578297420,108.115000,108.122000,108.110000,108.110000
1578297480,108.110000,108.112000,108.105000,108.110000
1578297540,108.109000,108.110000,108.094000,108.102000
1578297600,108.101000,108.129000,108.101000,108.121000
1578297660,108.122000,108.134000,108.120000,108.125000
1578297720,108.126000,108.131000,108.104000,108.116000
1578297780,108.117000,108.127000,108.115000,108.127000
1578297840,108.131000,108.134000,108.112000,108.120000
1578297900,108.120000,108.129000,108.113000,108.128000
1578297960,108.129000,108.132000,108.110000,108.111000
1578298020,108.112000,108.124000,108.106000,108.115000
1578298080,108.115000,108.115000,108.096000,108.097000
1578298140,108.097000,108.110000,108.096000,108.107000
1578298200,108.108000,108.109000,108.098000,108.103000
1578298260,108.103000,108.104000,108.095000,108.097000
1578298320,108.096000,108.096000,108.086000,108.091000
1578298380,108.089000,108.089000,108.079000,108.080000
1578298440,108.079000,108.079000,108.056000,108.069000
1578298500,108.069000,108.085000,108.069000,108.082000
1578298560,108.081000,108.090000,108.080000,108.087000
1578298620,108.085000,108.089000,108.082000,108.083000
1578298680,108.082000,108.083000,108.074000,108.076000
1578298740,108.076000,108.079000,108.066000,108.069000
1578298800,108.068000,108.081000,108.068000,108.074000
1578298860,108.074000,108.075000,108.069000,108.072000
1578298920,108.071000,108.072000,108.062000,108.069000
1578298980,108.067000,108.069000,108.059000,108.059000
1578299040,108.058000,108.061000,108.051000,108.051000
1578299100,108.054000,108.056000,108.030000,108.035000
1578299160,108.036000,108.048000,108.035000,108.040000
1578299220,108.041000,108.042000,108.021000,108.021000
1578299280,108.021000,108.033000,108.011000,108.023000
1578299340,108.022000,108.027000,108.016000,108.016000
1578299400,108.017000,108.018000,108.006000,108.007000
1578299460,108.007000,108.008000,108.002000,108.002000
1578299520,108.002000,108.006000,107.994000,108.001000
1578299580,108.000000,108.001000,107.988000,107.991000
1578299640,107.992000,108.011000,107.990000,108.009000
1578299700,108.010000,108.012000,108.007000,108.011000
1578299760,108.010000,108.021000,108.010000,108.016000
1578299820,108.015000,108.015000,108.009000,108.009000
1578299880,108.009000,108.009000,108.001000,108.004000
1578299940,108.005000,108.007000,108.002000,108.006000
1578300000,108.005000,108.005000,107.983000,107.983000
1578300060,107.984000,107.985000,107.964000,107.968000
1578300120,107.969000,107.978000,107.966000,107.969000
1578300180,107.970000,107.970000,107.956000,107.964000
1578300240,107.964000,107.978000,107.964000,107.975000
1578300300,107.975000,107.976000,107.962000,107.973000
1578300360,107.972000,107.974000,107.962000,107.964000
1578300420,107.964000,107.965000,107.954000,107.956000
1578300480,107.956000,107.962000,107.950000,107.956000
1578300540,107.955000,107.971000,107.952000,107.962000
1578300600,107.962000,107.966000,107.951000,107.953000
1578300660,107.954000,107.962000,107.954000,107.960000
1578300720,107.961000,107.973000,107.956000,107.962000
1578300780,107.962000,107.972000,107.962000,107.967000
1578300840,107.965000,107.967000,107.961000,107.962000
1578300900,107.961000,107.984000,107.956000,107.976000
1578300960,107.975000,107.976000,107.966000,107.967000
1578301020,107.968000,107.970000,107.960000,107.965000
1578301080,107.966000,107.973000,107.963000,107.971000
1578301140,107.971000,107.977000,107.969000,107.977000
1578301200,107.977000,108.003000,107.974000,108.002000
1578301260,108.003000,108.008000,107.996000,108.004000
1578301320,108.005000,108.016000,108.005000,108.014000
1578301380,108.016000,108.026000,108.010000,108.022000
1578301440,108.024000,108.036000,108.024000,108.033000
1578301500,108.032000,108.032000,108.007000,108.007000
1578301560,108.008000,108.013000,108.001000,108.005000
1578301620,108.005000,108.007000,107.985000,107.989000
1578301680,107.988000,107.988000,107.978000,107.987000
1578301740,107.986000,107.991000,107.983000,107.991000
1578301800,107.991000,107.993000,107.971000,107.972000
1578301860,107.975000,107.978000,107.970000,107.970000
1578301920,107.969000,107.974000,107.966000,107.972000
1578301980,107.972000,107.972000,107.966000,107.967000
1578302040,107.967000,107.970000,107.966000,107.967000
1578302100,107.967000,107.970000,107.962000,107.965000
1578302160,107.965000,107.972000,107.965000,107.968000
1578302220,107.968000,107.973000,107.968000,107.971000
1578302280,107.972000,107.972000,107.965000,107.966000
1578302340,107.966000,107.971000,107.963000,107.968000
1578302400,107.968000,107.974000,107.964000,107.972000
1578302460,107.972000,107.973000,107.966000,107.967000
1578302520,107.967000,107.972000,107.958000,107.966000
1578302580,107.965000,107.968000,107.959000,107.966000
1578302640,107.965000,107.966000,107.956000,107.956000
1578302700,107.956000,107.962000,107.956000,107.961000
1578302760,107.961000,107.966000,107.958000,107.958000
1578302820,107.959000,107.964000,107.943000,107.950000
1578302880,107.951000,107.958000,107.947000,107.949000
1578302940,107.949000,107.956000,107.949000,107.951000
1578303000,107.953000,107.954000,107.943000,107.943000
1578303060,107.944000,107.944000,107.933000,107.933000
1578303120,107.933000,107.939000,107.926000,107.928000
1578303180,107.929000,107.937000,107.926000,107.931000
1578303240,107.931000,107.937000,107.927000,107.931000
1578303300,107.931000,107.943000,107.931000,107.942000
1578303360,107.942000,107.943000,107.938000,107.940000
1578303420,107.941000,107.956000,107.941000,107.956000
1578303480,107.957000,107.959000,107.954000,107.956000
1578303540,107.958000,107.963000,107.952000,107.956000
1578303600,107.957000,107.962000,107.956000,107.962000
1578303660,107.963000,107.963000,107.957000,107.961000
1578303720,107.961000,107.986000,107.961000,107.979000
1578303780,107.978000,107.982000,107.964000,107.969000
1578303840,107.969000,107.969000,107.947000,107.960000
1578303900,107.960000,107.967000,107.960000,107.967000
1578303960,107.967000,107.967000,107.965000,107.967000
1578304020,107.968000,107.978000,107.968000,107.977000
1578304080,107.978000,107.987000,107.977000,107.986000
1578304140,107.986000,107.999000,107.986000,107.997000
1578304200,107.998000,108.016000,107.998000,108.007000
1578304260,108.007000,108.009000,108.001000,108.004000
1578304320,108.004000,108.005000,107.992000,107.994000
1578304380,107.994000,107.999000,107.986000,107.986000
1578304440,107.985000,108.000000,107.982000,108.000000
1578304500,107.998000,108.000000,107.984000,107.985000
1578304560,107.985000,107.988000,107.983000,107.986000
1578304620,107.984000,107.984000,107.981000,107.983000
1578304680,107.983000,107.989000,107.983000,107.988000
1578304740,107.987000,107.991000,107.984000,107.984000
1578304800,107.985000,107.992000,107.985000,107.987000
1578304860,107.986000,107.988000,107.981000,107.984000
1578304920,107.985000,108.001000,107.985000,108.001000
1578304980,108.000000,108.009000,107.998000,107.999000
1578305040,107.999000,108.014000,107.998000,108.013000
1578305100,108.013000,108.027000,108.011000,108.027000
1578305160,108.027000,108.027000,108.012000,108.014000
1578305220,108.013000,108.020000,108.010000,108.014000
1578305280,108.013000,108.026000,108.013000,108.026000
1578305340,108.025000,108.033000,108.024000,108.032000
1578305400,108.032000,108.035000,108.031000,108.031000
1578305460,108.031000,108.031000,108.014000,108.024000
1578305520,108.024000,108.029000,108.019000,108.020000
1578305580,108.018000,108.020000,108.012000,108.018000
1578305640,108.018000,108.019000,108.013000,108.015000
1578305700,108.014000,108.019000,108.012000,108.013000
1578305760,108.013000,108.032000,108.011000,108.023000
1578305820,108.023000,108.025000,108.022000,108.024000
1578305880,108.025000,108.029000,108.024000,108.027000
1578305940,108.026000,108.027000,108.019000,108.023000
1578306000,108.024000,108.035000,108.023000,108.032000
1578306060,108.032000,108.032000,108.026000,108.026000
1578306120,108.027000,108.027000,108.007000,108.008000
1578306180,108.007000,108.007000,108.001000,108.006000
1578306240,108.007000,108.024000,108.007000,108.023000
1578306300,108.022000,108.022000,108.004000,108.005000
1578306360,108.003000,108.009000,108.000000,108.000000
1578306420,108.001000,108.008000,107.996000,108.008000
1578306480,108.008000,108.015000,108.001000,108.001000
1578306540,108.000000,108.001000,107.995000,107.996000
1578306600,107.999000,108.007000,107.998000,107.998000
1578306660,107.998000,108.000000,107.994000,107.994000
1578306720,107.994000,107.994000,107.989000,107.992000
1578306780,107.991000,107.995000,107.983000,107.994000
1578306840,107.994000,107.995000,107.990000,107.993000
1578306900,107.992000,107.998000,107.984000,107.998000
1578306960,107.997000,108.000000,107.992000,107.996000
1578307020,107.995000,108.001000,107.995000,108.000000
1578307080,108.001000,108.007000,108.000000,108.005000
1578307140,108.005000,108.021000,108.005000,108.014000
1578307200,108.015000,108.017000,108.014000,108.015000
1578307260,108.016000,108.020000,108.015000,108.018000
1578307320,108.019000,108.023000,108.017000,108.023000
1578307380,108.024000,108.026000,108.019000,108.023000
1578307440,108.023000,108.026000,108.018000,108.018000
1578307500,108.018000,108.018000,108.007000,108.009000
1578307560,108.009000,108.009000,107.998000,107.998000
1578307620,107.999000,108.004000,107.996000,107.999000
1578307680,107.998000,108.001000,107.996000,107.999000
1578307740,107.997000,108.003000,107.996000,108.000000
1578307800,108.000000,108.012000,108.000000,108.009000
1578307860,108.009000,108.013000,108.006000,108.013000
1578307920,108.013000,108.016000,108.013000,108.014000
1578307980,108.015000,108.018000,108.013000,108.014000
1578308040,108.013000,108.014000,108.012000,108.014000
1578308100,108.017000,108.018000,108.008000,108.008000
1578308160,108.008000,108.011000,107.997000,107.997000
1578308220,107.998000,108.000000,107.991000,107.992000
1578308280,107.992000,107.999000,107.992000,107.999000
1578308340,108.000000,108.000000,107.998000,107.999000
1578308400,108.000000,108.005000,108.000000,108.004000
1578308460,108.005000,108.012000,108.002000,108.002000
1578308520,108.002000,108.007000,108.002000,108.007000
1578308580,108.005000,108.005000,108.001000,108.003000
1578308640,108.003000,108.003000,107.996000,107.997000
1578308700,107.997000,107.997000,107.989000,107.989000
1578308760,107.989000,108.008000,107.989000,108.008000
1578308820,108.004000,108.015000,108.004000,108.015000
1578308880,108.015000,108.019000,108.013000,108.019000
1578308940,108.018000,108.020000,108.016000,108.020000
1578309000,108.020000,108.020000,108.012000,108.018000
1578309060,108.019000,108.026000,108.019000,108.021000
1578309120,108.020000,108.022000,108.020000,108.021000
1578309180,108.021000,108.023000,108.020000,108.023000
1578309240,108.023000,108.023000,108.005000,108.008000
1578309300,108.009000,108.015000,108.008000,108.013000
1578309360,108.015000,108.020000,108.015000,108.019000
1578309420,108.019000,108.030000,108.019000,108.028000
1578309480,108.027000,108.031000,108.027000,108.031000
1578309540,108.031000,108.031000,108.027000,108.029000
1578309600,108.029000,108.030000,108.013000,108.017000
1578309660,108.017000,108.026000,108.017000,108.024000
1578309720,108.024000,108.032000,108.024000,108.031000
1578309780,108.030000,108.030000,108.025000,108.027000
1578309840,108.027000,108.032000,108.025000,108.032000
1578309900,108.033000,108.033000,108.025000,108.031000
1578309960,108.031000,108.041000,108.031000,108.036000
1578310020,108.037000,108.040000,108.036000,108.039000
1578310080,108.037000,108.039000,108.036000,108.038000
1578310140,108.036000,108.039000,108.033000,108.038000
1578310200,108.039000,108.061000,108.038000,108.059000
1578310260,108.059000,108.062000,108.051000,108.054000
1578310320,108.055000,108.078000,108.055000,108.078000
1578310380,108.077000,108.083000,108.065000,108.071000
1578310440,108.072000,108.075000,108.060000,108.060000
1578310500,108.060000,108.074000,108.060000,108.068000
1578310560,108.068000,108.076000,108.068000,108.071000
1578310620,108.071000,108.076000,108.071000,108.072000
1578310680,108.071000,108.071000,108.066000,108.067000
1578310740,108.067000,108.068000,108.060000,108.060000
1578310800,108.061000,108.076000,108.061000,108.067000
1578310860,108.067000,108.070000,108.067000,108.067000
1578310920,108.068000,108.075000,108.068000,108.075000
1578310980,108.073000,108.073000,108.060000,108.065000
1578311040,108.064000,108.065000,108.061000,108.065000
1578311100,108.065000,108.071000,108.061000,108.061000
1578311160,108.060000,108.060000,108.055000,108.058000
1578311220,108.058000,108.059000,108.056000,108.056000
1578311280,108.055000,108.055000,108.043000,108.043000
1578311340,108.042000,108.047000,108.042000,108.044000
1578311400,108.046000,108.055000,108.045000,108.049000
1578311460,108.049000,108.060000,108.049000,108.060000
1578311520,108.060000,108.073000,108.060000,108.066000
1578311580,108.065000,108.067000,108.063000,108.067000
1578311640,108.068000,108.070000,108.068000,108.069000
1578311700,108.068000,108.068000,108.056000,108.056000
1578311760,108.058000,108.060000,108.054000,108.055000
1578311820,108.054000,108.059000,108.046000,108.047000
1578311880,108.045000,108.050000,108.045000,108.045000
1578311940,108.045000,108.062000,108.045000,108.060000
1578312000,108.061000,108.083000,108.061000,108.065000
1578312060,108.065000,108.066000,108.054000,108.054000
1578312120,108.056000,108.057000,108.048000,108.052000
1578312180,108.052000,108.054000,108.048000,108.051000
1578312240,108.051000,108.051000,108.043000,108.043000
1578312300,108.044000,108.063000,108.044000,108.062000
1578312360,108.062000,108.072000,108.062000,108.071000
1578312420,108.072000,108.085000,108.071000,108.075000
1578312480,108.075000,108.082000,108.075000,108.076000
1578312540,108.075000,108.075000,108.070000,108.072000
1578312600,108.072000,108.074000,108.070000,108.074000
1578312660,108.074000,108.075000,108.068000,108.075000
1578312720,108.075000,108.088000,108.075000,108.088000
1578312780,108.087000,108.098000,108.087000,108.089000
1578312840,108.088000,108.090000,108.080000,108.090000
1578312900,108.088000,108.093000,108.081000,108.092000
1578312960,108.092000,108.098000,108.091000,108.095000
1578313020,108.095000,108.101000,108.094000,108.094000
1578313080,108.094000,108.094000,108.087000,108.088000
1578313140,108.088000,108.097000,108.088000,108.094000
1578313200,108.094000,108.094000,108.088000,108.088000
1578313260,108.088000,108.093000,108.088000,108.089000
1578313320,108.089000,108.090000,108.087000,108.089000
1578313380,108.089000,108.093000,108.089000,108.092000
1578313440,108.092000,108.097000,108.091000,108.096000
1578313500,108.098000,108.104000,108.098000,108.100000
1578313560,108.100000,108.106000,108.100000,108.106000
1578313620,108.107000,108.116000,108.106000,108.111000
1578313680,108.111000,108.115000,108.108000,108.113000
1578313740,108.114000,108.116000,108.105000,108.106000
1578313800,108.105000,108.106000,108.099000,108.101000
1578313860,108.101000,108.102000,108.090000,108.090000
1578313920,108.089000,108.089000,108.074000,108.075000
1578313980,108.075000,108.089000,108.075000,108.089000
1578314040,108.091000,108.099000,108.091000,108.099000
1578314100,108.097000,108.099000,108.097000,108.099000
1578314160,108.099000,108.128000,108.099000,108.126000
1578314220,108.125000,108.133000,108.122000,108.124000
1578314280,108.124000,108.127000,108.118000,108.125000
1578314340,108.125000,108.132000,108.125000,108.130000
1578314400,108.129000,108.144000,108.129000,108.141000
1578314460,108.140000,108.140000,108.130000,108.134000
1578314520,108.135000,108.140000,108.135000,108.140000
1578314580,108.138000,108.139000,108.135000,108.135000
1578314640,108.136000,108.146000,108.136000,108.145000
1578314700,108.147000,108.148000,108.142000,108.144000
1578314760,108.145000,108.150000,108.139000,108.139000
1578314820,108.138000,108.140000,108.137000,108.140000
1578314880,108.141000,108.145000,108.136000,108.136000
1578314940,108.135000,108.135000,108.130000,108.130000
1578315000,108.131000,108.134000,108.122000,108.122000
1578315060,108.121000,108.123000,108.121000,108.123000
1578315120,108.127000,108.142000,108.127000,108.139000
1578315180,108.140000,108.145000,108.139000,108.145000
1578315240,108.144000,108.159000,108.143000,108.157000
1578315300,108.156000,108.162000,108.151000,108.159000
1578315360,108.158000,108.159000,108.145000,108.145000
1578315420,108.145000,108.151000,108.139000,108.151000
1578315480,108.152000,108.152000,108.147000,108.151000
1578315540,108.151000,108.159000,108.151000,108.159000
1578315600,108.156000,108.163000,108.154000,108.157000
1578315660,108.160000,108.161000,108.150000,108.151000
1578315720,108.150000,108.150000,108.140000,108.140000
1578315780,108.140000,108.140000,108.127000,108.133000
1578315840,108.133000,108.145000,108.133000,108.145000
1578315900,108.144000,108.146000,108.136000,108.137000
1578315960,108.139000,108.152000,108.136000,108.142000
1578316020,108.143000,108.147000,108.141000,108.146000
1578316080,108.146000,108.150000,108.142000,108.144000
1578316140,108.144000,108.145000,108.140000,108.140000
1578316200,108.139000,108.145000,108.135000,108.144000
1578316260,108.144000,108.145000,108.139000,108.139000
1578316320,108.139000,108.140000,108.137000,108.139000
1578316380,108.137000,108.138000,108.127000,108.128000
1578316440,108.128000,108.131000,108.105000,108.105000
1578316500,108.105000,108.111000,108.102000,108.104000
1578316560,108.104000,108.116000,108.102000,108.114000
1578316620,108.114000,108.126000,108.105000,108.109000
1578316680,108.108000,108.117000,108.103000,108.113000
1578316740,108.112000,108.116000,108.106000,108.111000
1578316800,108.107000,108.111000,108.099000,108.099000
1578316860,108.100000,108.103000,108.093000,108.094000
1578316920,108.095000,108.098000,108.092000,108.098000
1578316980,108.098000,108.105000,108.098000,108.100000
1578317040,108.100000,108.124000,108.098000,108.117000
1578317100,108.116000,108.116000,108.104000,108.104000
1578317160,108.104000,108.117000,108.104000,108.116000
1578317220,108.115000,108.116000,108.106000,108.106000
1578317280,108.106000,108.109000,108.099000,108.099000
1578317340,108.102000,108.102000,108.092000,108.099000
1578317400,108.099000,108.102000,108.096000,108.099000
1578317460,108.099000,108.099000,108.087000,108.087000
1578317520,108.087000,108.087000,108.074000,108.075000
1578317580,108.074000,108.106000,108.073000,108.093000
1578317640,108.096000,108.099000,108.091000,108.099000
1578317700,108.098000,108.098000,108.092000,108.092000
1578317760,108.093000,108.097000,108.092000,108.092000
1578317820,108.092000,108.093000,108.089000,108.092000
1578317880,108.092000,108.093000,108.082000,108.093000
1578317940,108.093000,108.105000,108.093000,108.105000
1578318000,108.104000,108.104000,108.087000,108.094000
1578318060,108.095000,108.098000,108.094000,108.094000
1578318120,108.094000,108.098000,108.091000,108.098000
1578318180,108.098000,108.098000,108.095000,108.096000
1578318240,108.096000,108.096000,108.091000,108.095000
1578318300,108.095000,108.102000,108.095000,108.098000
1578318360,108.098000,108.108000,108.098000,108.108000
1578318420,108.107000,108.107000,108.091000,108.093000
1578318480,108.093000,108.096000,108.091000,108.093000
1578318540,108.092000,108.092000,108.082000,108.084000
1578318600,108.084000,108.087000,108.082000,108.087000
1578318660,108.088000,108.089000,108.082000,108.083000
1578318720,108.085000,108.088000,108.081000,108.081000
1578318780,108.081000,108.086000,108.081000,108.081000
1578318840,108.082000,108.083000,108.077000,108.077000
1578318900,108.080000,108.082000,108.077000,108.081000
1578318960,108.081000,108.081000,108.076000,108.078000
1578319020,108.079000,108.090000,108.079000,108.088000
1578319080,108.088000,108.105000,108.088000,108.105000
1578319140,108.105000,108.121000,108.105000,108.121000
1578319200,108.120000,108.120000,108.063000,108.094000
1578319260,108.096000,108.106000,108.096000,108.099000
1578319320,108.101000,108.104000,108.096000,108.103000
1578319380,108.102000,108.107000,108.102000,108.106000
1578319440,108.106000,108.110000,108.106000,108.107000
1578319500,108.107000,108.113000,108.106000,108.113000
1578319560,108.116000,108.124000,108.113000,108.124000
1578319620,108.126000,108.141000,108.126000,108.140000
1578319680,108.141000,108.149000,108.136000,108.137000
1578319740,108.136000,108.136000,108.120000,108.127000
1578319800,108.126000,108.127000,108.120000,108.120000
1578319860,108.120000,108.126000,108.116000,108.124000
1578319920,108.124000,108.128000,108.122000,108.126000
1578319980,108.124000,108.125000,108.115000,108.115000
1578320040,108.115000,108.115000,108.104000,108.108000
1578320100,108.109000,108.113000,108.108000,108.111000
1578320160,108.112000,108.121000,108.112000,108.120000
1578320220,108.123000,108.124000,108.102000,108.102000
1578320280,108.102000,108.112000,108.101000,108.108000
1578320340,108.108000,108.114000,108.107000,108.112000
1578320400,108.110000,108.113000,108.108000,108.111000
1578320460,108.112000,108.114000,108.109000,108.109000
1578320520,108.109000,108.119000,108.109000,108.119000
1578320580,108.118000,108.119000,108.109000,108.112000
1578320640,108.113000,108.116000,108.109000,108.111000
1578320700,108.112000,108.114000,108.109000,108.110000
1578320760,108.109000,108.121000,108.109000,108.121000
1578320820,108.121000,108.121000,108.105000,108.108000
1578320880,108.107000,108.107000,108.093000,108.102000
1578320940,108.102000,108.104000,108.094000,108.094000
1578321000,108.096000,108.096000,108.071000,108.087000
1578321060,108.089000,108.108000,108.084000,108.087000
1578321120,108.088000,108.109000,108.088000,108.099000
1578321180,108.098000,108.113000,108.095000,108.098000
1578321240,108.099000,108.104000,108.094000,108.100000
1578321300,108.100000,108.108000,108.096000,108.108000
1578321360,108.110000,108.117000,108.110000,108.112000
1578321420,108.112000,108.123000,108.112000,108.117000
1578321480,108.117000,108.117000,108.097000,108.098000
1578321540,108.100000,108.109000,108.100000,108.106000
1578321600,108.111000,108.112000,108.101000,108.112000
1578321660,108.112000,108.130000,108.112000,108.130000
1578321720,108.130000,108.130000,108.126000,108.126000
1578321780,108.126000,108.129000,108.125000,108.127000
1578321840,108.128000,108.128000,108.120000,108.122000
1578321900,108.121000,108.131000,108.121000,108.130000
1578321960,108.129000,108.152000,108.129000,108.135000
1578322020,108.138000,108.138000,108.121000,108.122000
1578322080,108.124000,108.134000,108.124000,108.134000
1578322140,108.134000,108.137000,108.113000,108.123000
1578322200,108.124000,108.136000,108.124000,108.130000
1578322260,108.131000,108.150000,108.130000,108.131000
1578322320,108.131000,108.131000,108.108000,108.114000
1578322380,108.113000,108.114000,108.097000,108.109000
1578322440,108.110000,108.113000,108.097000,108.097000
1578322500,108.096000,108.102000,108.083000,108.101000
1578322560,108.101000,108.108000,108.091000,108.107000
1578322620,108.106000,108.113000,108.103000,108.111000
1578322680,108.111000,108.113000,108.096000,108.113000
1578322740,108.113000,108.147000,108.113000,108.140000
1578322800,108.140000,108.147000,108.130000,108.131000
1578322860,108.131000,108.138000,108.124000,108.137000
1578322920,108.138000,108.138000,108.134000,108.136000
1578322980,108.136000,108.141000,108.125000,108.125000
1578323040,108.126000,108.131000,108.118000,108.123000
1578323100,108.122000,108.139000,108.121000,108.128000
1578323160,108.127000,108.131000,108.118000,108.119000
1578323220,108.119000,108.119000,108.106000,108.110000
1578323280,108.110000,108.115000,108.106000,108.113000
1578323340,108.114000,108.129000,108.114000,108.128000
1578323400,108.129000,108.138000,108.127000,108.131000
1578323460,108.131000,108.138000,108.126000,108.133000
1578323520,108.136000,108.138000,108.132000,108.133000
1578323580,108.134000,108.139000,108.127000,108.127000
1578323640,108.127000,108.127000,108.116000,108.121000
1578323700,108.122000,108.131000,108.121000,108.129000
1578323760,108.129000,108.133000,108.122000,108.129000
1578323820,108.130000,108.132000,108.125000,108.128000
1578323880,108.127000,108.139000,108.127000,108.134000
1578323940,108.135000,108.141000,108.135000,108.140000
1578324000,108.141000,108.158000,108.141000,108.152000
1578324060,108.153000,108.163000,108.152000,108.159000
1578324120,108.159000,108.204000,108.159000,108.188000
1578324180,108.190000,108.199000,108.187000,108.199000
1578324240,108.198000,108.198000,108.180000,108.198000
1578324300,108.197000,108.204000,108.186000,108.204000
1578324360,108.202000,108.233000,108.202000,108.230000
1578324420,108.229000,108.243000,108.229000,108.241000
1578324480,108.237000,108.239000,108.219000,108.228000
1578324540,108.228000,108.243000,108.228000,108.234000
1578324600,108.235000,108.238000,108.220000,108.221000
1578324660,108.221000,108.223000,108.216000,108.219000
1578324720,108.220000,108.221000,108.201000,108.202000
1578324780,108.201000,108.201000,108.185000,108.190000
1578324840,108.190000,108.199000,108.176000,108.197000
1578324900,108.196000,108.213000,108.196000,108.209000
1578324960,108.208000,108.208000,108.197000,108.197000
1578325020,108.199000,108.208000,108.196000,108.202000
1578325080,108.203000,108.220000,108.196000,108.209000
1578325140,108.212000,108.216000,108.209000,108.213000
1578325200,108.214000,108.226000,108.212000,108.217000
1578325260,108.218000,108.233000,108.218000,108.230000
1578325320,108.231000,108.245000,108.228000,108.232000
1578325380,108.229000,108.294000,108.227000,108.290000
1578325440,108.287000,108.332000,108.267000,108.312000
1578325500,108.313000,108.354000,108.311000,108.320000
1578325560,108.320000,108.320000,108.297000,108.304000
1578325620,108.306000,108.321000,108.300000,108.319000
1578325680,108.321000,108.333000,108.320000,108.333000
1578325740,108.333000,108.339000,108.316000,108.321000
1578325800,108.322000,108.353000,108.322000,108.348000
1578325860,108.347000,108.350000,108.327000,108.338000
1578325920,108.338000,108.361000,108.338000,108.357000
1578325980,108.357000,108.365000,108.351000,108.356000
1578326040,108.357000,108.360000,108.349000,108.349000
1578326100,108.348000,108.350000,108.335000,108.336000
1578326160,108.336000,108.349000,108.304000,108.304000
1578326220,108.304000,108.306000,108.296000,108.301000
1578326280,108.302000,108.307000,108.298000,108.307000
1578326340,108.307000,108.321000,108.305000,108.321000
1578326400,108.322000,108.322000,108.303000,108.307000
1578326460,108.309000,108.327000,108.309000,108.326000
1578326520,108.326000,108.326000,108.306000,108.306000
1578326580,108.307000,108.320000,108.302000,108.306000
1578326640,108.306000,108.306000,108.293000,108.302000
1578326700,108.303000,108.326000,108.302000,108.326000
1578326760,108.325000,108.336000,108.323000,108.331000
1578326820,108.333000,108.342000,108.331000,108.335000
1578326880,108.336000,108.346000,108.331000,108.342000
1578326940,108.342000,108.353000,108.341000,108.353000
1578327000,108.355000,108.356000,108.347000,108.356000
1578327060,108.354000,108.357000,108.340000,108.341000
1578327120,108.342000,108.344000,108.334000,108.336000
1578327180,108.336000,108.337000,108.330000,108.335000
1578327240,108.337000,108.340000,108.331000,108.335000
1578327300,108.332000,108.332000,108.325000,108.325000
1578327360,108.324000,108.338000,108.319000,108.335000
1578327420,108.336000,108.341000,108.336000,108.341000
1578327480,108.341000,108.353000,108.337000,108.347000
1578327540,108.346000,108.354000,108.336000,108.338000
1578327600,108.341000,108.349000,108.336000,108.348000
1578327660,108.349000,108.355000,108.344000,108.347000
1578327720,108.348000,108.357000,108.346000,108.348000
1578327780,108.349000,108.362000,108.348000,108.361000
1578327840,108.361000,108.373000,108.361000,108.372000
1578327900,108.368000,108.370000,108.364000,108.367000
1578327960,108.366000,108.369000,108.356000,108.360000
1578328020,108.360000,108.366000,108.355000,108.355000
1578328080,108.355000,108.364000,108.355000,108.363000
1578328140,108.364000,108.372000,108.361000,108.369000
1578328200,108.371000,108.377000,108.367000,108.377000
1578328260,108.377000,108.380000,108.366000,108.371000
1578328320,108.370000,108.382000,108.369000,108.381000
1578328380,108.380000,108.388000,108.378000,108.387000
1578328440,108.386000,108.389000,108.379000,108.388000
1578328500,108.390000,108.393000,108.377000,108.385000
1578328560,108.386000,108.386000,108.378000,108.382000
1578328620,108.383000,108.383000,108.372000,108.372000
1578328680,108.373000,108.378000,108.371000,108.376000
1578328740,108.376000,108.386000,108.375000,108.385000
1578328800,108.387000,108.412000,108.383000,108.408000
1578328860,108.408000,108.410000,108.401000,108.402000
1578328920,108.402000,108.414000,108.402000,108.405000
1578328980,108.406000,108.407000,108.403000,108.407000
1578329040,108.407000,108.411000,108.402000,108.406000
1578329100,108.407000,108.410000,108.404000,108.410000
1578329160,108.411000,108.411000,108.394000,108.395000
1578329220,108.393000,108.395000,108.381000,108.392000
1578329280,108.391000,108.394000,108.390000,108.393000
1578329340,108.392000,108.394000,108.386000,108.392000
1578329400,108.394000,108.400000,108.393000,108.400000
1578329460,108.400000,108.403000,108.393000,108.395000
1578329520,108.396000,108.398000,108.393000,108.393000
1578329580,108.392000,108.406000,108.392000,108.400000
1578329640,108.401000,108.406000,108.394000,108.394000
1578329700,108.396000,108.411000,108.378000,108.380000
1578329760,108.381000,108.386000,108.380000,108.383000
1578329820,108.381000,108.392000,108.381000,108.392000
1578329880,108.392000,108.393000,108.387000,108.387000
1578329940,108.385000,108.385000,108.368000,108.369000
1578330000,108.369000,108.374000,108.366000,108.373000
1578330060,108.373000,108.376000,108.368000,108.376000
1578330120,108.376000,108.376000,108.369000,108.375000
1578330180,108.373000,108.374000,108.363000,108.364000
1578330240,108.365000,108.371000,108.363000,108.370000
1578330300,108.373000,108.376000,108.370000,108.376000
1578330360,108.378000,108.378000,108.367000,108.367000
1578330420,108.366000,108.370000,108.364000,108.369000
1578330480,108.368000,108.372000,108.365000,108.371000
1578330540,108.373000,108.374000,108.370000,108.370000
1578330600,108.370000,108.370000,108.363000,108.364000
1578330660,108.364000,108.364000,108.363000,108.364000
1578330720,108.362000,108.362000,108.357000,108.358000
1578330780,108.358000,108.370000,108.358000,108.368000
1578330840,108.369000,108.375000,108.369000,108.370000
1578330900,108.370000,108.370000,108.363000,108.369000
1578330960,108.369000,108.372000,108.368000,108.369000
1578331020,108.367000,108.367000,108.357000,108.361000
1578331080,108.362000,108.362000,108.352000,108.353000
1578331140,108.355000,108.357000,108.354000,108.355000
1578331200,108.355000,108.356000,108.350000,108.353000
1578331260,108.353000,108.363000,108.352000,108.362000
1578331320,108.362000,108.371000,108.362000,108.368000
1578331380,108.369000,108.370000,108.367000,108.368000
1578331440,108.367000,108.369000,108.362000,108.365000
1578331500,108.364000,108.369000,108.363000,108.367000
1578331560,108.370000,108.376000,108.369000,108.375000
1578331620,108.375000,108.376000,108.374000,108.374000
1578331680,108.374000,108.374000,108.374000,108.374000
1578331740,108.373000,108.373000,108.370000,108.373000
1578331800,108.373000,108.381000,108.373000,108.376000
1578331860,108.375000,108.376000,108.372000,108.374000
1578331920,108.374000,108.380000,108.374000,108.380000
1578331980,108.379000,108.389000,108.379000,108.388000
1578332040,108.389000,108.391000,108.386000,108.386000
1578332100,108.386000,108.386000,108.379000,108.379000
1578332160,108.379000,108.379000,108.374000,108.374000
1578332220,108.374000,108.374000,108.368000,108.368000
1578332280,108.369000,108.374000,108.366000,108.368000
1578332340,108.368000,108.369000,108.358000,108.359000
1578332400,108.357000,108.368000,108.357000,108.368000
1578332460,108.370000,108.383000,108.370000,108.382000
1578332520,108.382000,108.389000,108.379000,108.389000
1578332580,108.389000,108.395000,108.386000,108.387000
1578332640,108.388000,108.389000,108.382000,108.388000
1578332700,108.390000,108.391000,108.381000,108.383000
1578332760,108.382000,108.389000,108.381000,108.382000
1578332820,108.383000,108.385000,108.377000,108.382000
1578332880,108.382000,108.390000,108.382000,108.390000
1578332940,108.390000,108.398000,108.390000,108.395000
1578333000,108.395000,108.399000,108.390000,108.397000
1578333060,108.398000,108.398000,108.389000,108.390000
1578333120,108.389000,108.389000,108.376000,108.376000
1578333180,108.374000,108.381000,108.371000,108.380000
1578333240,108.378000,108.381000,108.377000,108.381000
1578333300,108.381000,108.386000,108.379000,108.382000
1578333360,108.382000,108.382000,108.370000,108.371000
1578333420,108.370000,108.374000,108.370000,108.371000
1578333480,108.374000,108.374000,108.358000,108.364000
1578333540,108.363000,108.363000,108.346000,108.349000
1578333600,108.347000,108.371000,108.346000,108.367000
1578333660,108.367000,108.371000,108.363000,108.366000
1578333720,108.366000,108.370000,108.363000,108.366000
1578333780,108.366000,108.380000,108.365000,108.379000
1578333840,108.380000,108.383000,108.370000,108.382000
1578333900,108.380000,108.381000,108.378000,108.381000
1578333960,108.379000,108.394000,108.378000,108.380000
1578334020,108.379000,108.380000,108.370000,108.376000
1578334080,108.376000,108.376000,108.371000,108.372000
1578334140,108.372000,108.372000,108.362000,108.364000
1578334200,108.363000,108.364000,108.358000,108.358000
1578334260,108.359000,108.365000,108.359000,108.359000
1578334320,108.358000,108.363000,108.358000,108.363000
1578334380,108.363000,108.367000,108.362000,108.365000
1578334440,108.366000,108.367000,108.364000,108.364000
1578334500,108.362000,108.362000,108.359000,108.359000
1578334560,108.360000,108.361000,108.357000,108.361000
1578334620,108.363000,108.365000,108.358000,108.365000
1578334680,108.364000,108.364000,108.355000,108.356000
1578334740,108.356000,108.358000,108.353000,108.353000
1578334800,108.353000,108.361000,108.353000,108.358000
1578334860,108.357000,108.358000,108.353000,108.354000
1578334920,108.354000,108.354000,108.349000,108.351000
1578334980,108.350000,108.351000,108.341000,108.342000
1578335040,108.344000,108.350000,108.344000,108.350000
1578335100,108.350000,108.353000,108.349000,108.352000
1578335160,108.352000,108.352000,108.349000,108.349000
1578335220,108.348000,108.348000,108.348000,108.348000
1578335280,108.348000,108.358000,108.347000,108.348000
1578335340,108.348000,108.358000,108.348000,108.357000
1578335400,108.358000,108.360000,108.357000,108.360000
1578335460,108.359000,108.360000,108.355000,108.355000
1578335520,108.355000,108.355000,108.351000,108.351000
1578335580,108.351000,108.355000,108.348000,108.348000
1578335640,108.348000,108.353000,108.345000,108.353000
1578335700,108.352000,108.358000,108.352000,108.358000
1578335760,108.357000,108.362000,108.357000,108.360000
1578335820,108.360000,108.360000,108.359000,108.359000
1578335880,108.360000,108.367000,108.359000,108.359000
1578335940,108.359000,108.363000,108.359000,108.363000
1578336000,108.361000,108.361000,108.357000,108.357000
1578336060,108.357000,108.360000,108.357000,108.358000
1578336120,108.357000,108.359000,108.357000,108.359000
1578336180,108.359000,108.362000,108.358000,108.360000
1578336240,108.358000,108.360000,108.357000,108.357000
1578336300,108.357000,108.363000,108.357000,108.359000
1578336360,108.359000,108.367000,108.359000,108.364000
1578336420,108.363000,108.365000,108.352000,108.352000
1578336480,108.352000,108.358000,108.352000,108.357000
1578336540,108.357000,108.362000,108.356000,108.357000
1578336600,108.356000,108.361000,108.351000,108.359000
1578336660,108.360000,108.364000,108.358000,108.362000
1578336720,108.363000,108.368000,108.362000,108.368000
1578336780,108.370000,108.372000,108.362000,108.364000
1578336840,108.362000,108.367000,108.360000,108.365000
1578336900,108.365000,108.366000,108.363000,108.366000
1578336960,108.365000,108.366000,108.361000,108.364000
1578337020,108.366000,108.368000,108.366000,108.368000
1578337080,108.367000,108.367000,108.364000,108.364000
1578337140,108.366000,108.367000,108.366000,108.367000
1578337200,108.367000,108.367000,108.358000,108.358000
1578337260,108.357000,108.364000,108.355000,108.355000
1578337320,108.355000,108.359000,108.355000,108.359000
1578337380,108.359000,108.378000,108.359000,108.374000
1578337440,108.373000,108.375000,108.370000,108.371000
1578337500,108.372000,108.372000,108.369000,108.370000
1578337560,108.370000,108.375000,108.370000,108.374000
1578337620,108.375000,108.375000,108.372000,108.374000
1578337680,108.375000,108.386000,108.374000,108.386000
1578337740,108.385000,108.392000,108.384000,108.384000
1578337800,108.385000,108.403000,108.384000,108.400000
1578337860,108.401000,108.408000,108.401000,108.406000
1578337920,108.405000,108.417000,108.403000,108.411000
1578337980,108.411000,108.416000,108.409000,108.415000
1578338040,108.415000,108.415000,108.407000,108.413000
1578338100,108.413000,108.426000,108.412000,108.425000
1578338160,108.425000,108.432000,108.422000,108.431000
1578338220,108.430000,108.437000,108.427000,108.437000
1578338280,108.438000,108.453000,108.438000,108.442000
1578338340,108.441000,108.441000,108.437000,108.441000
1578338400,108.442000,108.451000,108.442000,108.449000
1578338460,108.448000,108.448000,108.442000,108.442000
1578338520,108.443000,108.444000,108.443000,108.444000
1578338580,108.444000,108.451000,108.442000,108.451000
1578338640,108.450000,108.451000,108.442000,108.446000
1578338700,108.446000,108.448000,108.439000,108.444000
1578338760,108.445000,108.449000,108.445000,108.448000
1578338820,108.447000,108.453000,108.447000,108.452000
1578338880,108.451000,108.458000,108.450000,108.452000
1578338940,108.452000,108.455000,108.442000,108.447000
1578339000,108.448000,108.459000,108.443000,108.459000
1578339060,108.458000,108.463000,108.455000,108.455000
1578339120,108.454000,108.459000,108.454000,108.456000
1578339180,108.456000,108.470000,108.455000,108.470000
1578339240,108.468000,108.468000,108.463000,108.466000
1578339300,108.467000,108.474000,108.466000,108.472000
1578339360,108.473000,108.473000,108.469000,108.472000
1578339420,108.473000,108.475000,108.472000,108.473000
1578339480,108.474000,108.475000,108.472000,108.473000
1578339540,108.473000,108.476000,108.473000,108.473000
1578339600,108.472000,108.475000,108.472000,108.474000
1578339660,108.475000,108.475000,108.468000,108.473000
1578339720,108.472000,108.474000,108.468000,108.474000
1578339780,108.475000,108.479000,108.473000,108.478000
1578339840,108.480000,108.490000,108.480000,108.490000
1578339900,108.489000,108.491000,108.484000,108.485000
1578339960,108.485000,108.487000,108.479000,108.480000
1578340020,108.480000,108.485000,108.471000,108.473000
1578340080,108.474000,108.480000,108.474000,108.480000
1578340140,108.482000,108.486000,108.479000,108.486000
1578340200,108.485000,108.488000,108.485000,108.485000
1578340260,108.487000,108.492000,108.483000,108.491000
1578340320,108.491000,108.492000,108.490000,108.492000
1578340380,108.491000,108.505000,108.488000,108.504000
1578340440,108.504000,108.505000,108.494000,108.495000
1578340500,108.494000,108.494000,108.472000,108.478000
1578340560,108.478000,108.481000,108.477000,108.479000
1578340620,108.479000,108.482000,108.472000,108.472000
1578340680,108.472000,108.472000,108.460000,108.460000
1578340740,108.459000,108.459000,108.449000,108.453000
1578340800,108.453000,108.453000,108.442000,108.442000
1578340860,108.441000,108.454000,108.440000,108.452000
1578340920,108.451000,108.458000,108.451000,108.453000
1578340980,108.453000,108.454000,108.450000,108.454000
1578341040,108.456000,108.461000,108.454000,108.454000
1578341100,108.453000,108.458000,108.450000,108.458000
1578341160,108.457000,108.457000,108.445000,108.446000
1578341220,108.446000,108.452000,108.443000,108.445000
1578341280,108.445000,108.446000,108.441000,108.442000
1578341340,108.441000,108.442000,108.441000,108.442000
1578341400,108.442000,108.447000,108.438000,108.447000
1578341460,108.447000,108.452000,108.447000,108.447000
1578341520,108.447000,108.447000,108.445000,108.445000
1578341580,108.445000,108.451000,108.445000,108.451000
1578341640,108.451000,108.452000,108.449000,108.449000
1578341700,108.449000,108.449000,108.447000,108.448000
1578341760,108.448000,108.448000,108.439000,108.441000
1578341820,108.440000,108.442000,108.440000,108.442000
1578341880,108.442000,108.443000,108.439000,108.440000
1578341940,108.439000,108.441000,108.439000,108.441000
1578342000,108.441000,108.445000,108.441000,108.443000
1578342060,108.442000,108.442000,108.439000,108.442000
1578342120,108.442000,108.442000,108.434000,108.436000
1578342180,108.437000,108.451000,108.436000,108.449000
1578342240,108.449000,108.455000,108.449000,108.453000
1578342300,108.455000,108.455000,108.454000,108.455000
1578342360,108.455000,108.455000,108.451000,108.452000
1578342420,108.452000,108.452000,108.441000,108.442000
1578342480,108.442000,108.445000,108.440000,108.441000
1578342540,108.442000,108.447000,108.442000,108.442000
1578342600,108.444000,108.445000,108.435000,108.435000
1578342660,108.436000,108.438000,108.429000,108.430000
1578342720,108.432000,108.432000,108.426000,108.430000
1578342780,108.428000,108.431000,108.427000,108.430000
1578342840,108.430000,108.430000,108.425000,108.429000
1578342900,108.427000,108.430000,108.426000,108.426000
1578342960,108.425000,108.425000,108.424000,108.424000
1578343020,108.425000,108.429000,108.425000,108.429000
1578343080,108.429000,108.429000,108.425000,108.425000
1578343140,108.424000,108.429000,108.424000,108.427000
1578343200,108.427000,108.435000,108.427000,108.433000
1578343260,108.433000,108.433000,108.430000,108.430000
1578343320,108.429000,108.429000,108.429000,108.429000
1578343380,108.428000,108.432000,108.428000,108.430000
1578343440,108.429000,108.430000,108.429000,108.429000
1578343500,108.429000,108.430000,108.426000,108.429000
1578343560,108.429000,108.440000,108.429000,108.437000
1578343620,108.437000,108.439000,108.435000,108.438000
1578343680,108.439000,108.442000,108.437000,108.437000
1578343740,108.437000,108.438000,108.431000,108.431000
1578343800,108.432000,108.435000,108.427000,108.429000
1578343860,108.428000,108.429000,108.424000,108.424000
1578343920,108.425000,108.427000,108.424000,108.427000
1578343980,108.425000,108.426000,108.424000,108.425000
1578344040,108.424000,108.433000,108.420000,108.433000
1578344100,108.434000,108.437000,108.427000,108.437000
1578344160,108.439000,108.441000,108.437000,108.439000
1578344220,108.439000,108.441000,108.437000,108.440000
1578344280,108.440000,108.450000,108.440000,108.450000
1578344340,108.449000,108.449000,108.435000,108.439000
1578344400,108.440000,108.447000,108.436000,108.436000
1578344460,108.437000,108.442000,108.436000,108.442000
1578344520,108.440000,108.440000,108.435000,108.440000
1578344580,108.440000,108.442000,108.438000,108.442000
1578344640,108.443000,108.443000,108.443000,108.443000
1578344700,108.443000,108.443000,108.437000,108.439000
1578344760,108.438000,108.441000,108.438000,108.441000
1578344820,108.442000,108.442000,108.437000,108.438000
1578344880,108.438000,108.438000,108.426000,108.426000
1578344940,108.425000,108.425000,108.421000,108.423000
1578345000,108.423000,108.428000,108.423000,108.428000
1578345060,108.428000,108.428000,108.420000,108.420000
1578345120,108.420000,108.421000,108.420000,108.421000
1578345180,108.419000,108.419000,108.416000,108.416000
1578345240,108.417000,108.419000,108.416000,108.418000
1578345300,108.417000,108.418000,108.416000,108.418000
1578345360,108.417000,108.417000,108.416000,108.417000
1578345420,108.417000,108.417000,108.416000,108.417000
1578345480,108.416000,108.417000,108.416000,108.417000
1578345540,108.417000,108.417000,108.417000,108.417000
1578345600,108.417000,108.418000,108.417000,108.418000
1578345660,108.417000,108.417000,108.417000,108.417000
1578345720,108.417000,108.417000,108.415000,108.415000
1578345780,108.414000,108.417000,108.413000,108.417000
1578345840,108.417000,108.421000,108.410000,108.410000
1578345900,108.411000,108.411000,108.411000,108.411000
1578345960,108.412000,108.412000,108.404000,108.404000
1578346020,108.404000,108.410000,108.404000,108.405000
1578346080,108.405000,108.405000,108.405000,108.405000
1578346140,108.405000,108.405000,108.403000,108.404000
1578346200,108.404000,108.406000,108.400000,108.400000
1578346260,108.399000,108.404000,108.399000,108.400000
1578346320,108.399000,108.401000,108.398000,108.398000
1578346380,108.398000,108.409000,108.398000,108.405000
1578346440,108.405000,108.406000,108.404000,108.406000
1578346500,108.405000,108.405000,108.405000,108.405000
1578346620,108.404000,108.405000,108.404000,108.405000
1578346680,108.410000,108.410000,108.403000,108.404000
1578346740,108.403000,108.403000,108.403000,108.403000
1578346800,108.403000,108.404000,108.397000,108.399000
1578346860,108.398000,108.399000,108.393000,108.393000
1578346920,108.395000,108.396000,108.392000,108.395000
1578346980,108.394000,108.395000,108.392000,108.392000
1578347040,108.393000,108.395000,108.393000,108.393000
1578347100,108.393000,108.393000,108.381000,108.382000
1578347160,108.382000,108.386000,108.382000,108.385000
1578347220,108.385000,108.387000,108.385000,108.387000
1578347280,108.388000,108.392000,108.387000,108.392000
1578347340,108.392000,108.392000,108.389000,108.390000
1578347400,108.389000,108.389000,108.386000,108.387000
1578347460,108.387000,108.387000,108.387000,108.387000
1578347520,108.387000,108.387000,108.381000,108.382000
1578347580,108.383000,108.385000,108.382000,108.382000
1578347640,108.382000,108.382000,108.374000,108.376000
1578347700,108.376000,108.376000,108.375000,108.375000
1578347760,108.374000,108.374000,108.374000,108.374000
1578347820,108.374000,108.376000,108.370000,108.370000
1578347880,108.374000,108.375000,108.371000,108.371000
1578347940,108.373000,108.374000,108.363000,108.363000
1578348000,108.361000,108.361000,108.240000,108.320000
1578348060,108.319000,108.319000,108.280000,108.282000
1578348120,108.319000,108.319000,108.282000,108.308000
1578348180,108.307000,108.343000,108.307000,108.342000
1578348240,108.343000,108.343000,108.333000,108.343000
1578348300,108.342000,108.343000,108.331000,108.343000
1578348360,108.338000,108.341000,108.335000,108.338000
1578348420,108.338000,108.338000,108.333000,108.333000
1578348480,108.333000,108.353000,108.329000,108.351000
1578348540,108.348000,108.354000,108.348000,108.349000
1578348600,108.347000,108.349000,108.347000,108.349000
1578348660,108.345000,108.352000,108.345000,108.352000
1578348720,108.352000,108.352000,108.347000,108.347000
1578348780,108.347000,108.353000,108.347000,108.353000
1578348840,108.353000,108.353000,108.348000,108.351000
1578348900,108.349000,108.350000,108.348000,108.349000
1578348960,108.349000,108.349000,108.346000,108.346000
1578349020,108.346000,108.347000,108.346000,108.346000
1578349080,108.346000,108.346000,108.346000,108.346000
1578349140,108.346000,108.354000,108.346000,108.353000
1578349200,108.348000,108.355000,108.348000,108.355000
1578349260,108.355000,108.355000,108.352000,108.352000
1578349320,108.352000,108.352000,108.348000,108.348000
1578349380,108.348000,108.348000,108.344000,108.344000
1578349440,108.345000,108.349000,108.345000,108.349000
1578349500,108.347000,108.354000,108.347000,108.351000
1578349560,108.354000,108.354000,108.354000,108.354000
1578349620,108.352000,108.355000,108.352000,108.354000
1578349680,108.354000,108.354000,108.350000,108.354000
1578349740,108.354000,108.355000,108.348000,108.348000
1578349800,108.348000,108.351000,108.348000,108.349000
1578349860,108.349000,108.349000,108.347000,108.347000
1578349920,108.347000,108.347000,108.347000,108.347000
1578349980,108.348000,108.353000,108.348000,108.353000
1578350040,108.350000,108.350000,108.350000,108.350000
1578350100,108.350000,108.353000,108.348000,108.348000
1578350160,108.349000,108.360000,108.318000,108.338000
1578350220,108.340000,108.348000,108.340000,108.344000
1578350280,108.344000,108.344000,108.340000,108.344000
1578350340,108.344000,108.347000,108.342000,108.344000
1578350400,108.346000,108.348000,108.342000,108.346000
1578350460,108.346000,108.347000,108.343000,108.343000
1578350520,108.342000,108.349000,108.342000,108.347000
1578350580,108.348000,108.351000,108.344000,108.350000
1578350640,108.349000,108.352000,108.348000,108.352000
1578350700,108.353000,108.354000,108.352000,108.353000
1578350760,108.353000,108.353000,108.352000,108.352000
1578350820,108.353000,108.353000,108.353000,108.353000
1578350880,108.352000,108.352000,108.351000,108.351000
1578350940,108.351000,108.352000,108.351000,108.352000
1578351000,108.352000,108.353000,108.352000,108.353000
1578351060,108.353000,108.353000,108.352000,108.352000
1578351120,108.352000,108.353000,108.352000,108.352000
1578351180,108.352000,108.353000,108.351000,108.351000
1578351240,108.352000,108.353000,108.352000,108.353000
1578351300,108.353000,108.361000,108.353000,108.361000
1578351360,108.359000,108.373000,108.359000,108.369000
1578351420,108.372000,108.373000,108.367000,108.369000
1578351480,108.369000,108.374000,108.367000,108.374000
1578351540,108.374000,108.375000,108.371000,108.371000
1578351600,108.371000,108.380000,108.365000,108.375000
1578351660,108.378000,108.385000,108.376000,108.376000
1578351720,108.377000,108.385000,108.377000,108.382000
1578351780,108.382000,108.391000,108.381000,108.390000
1578351840,108.392000,108.412000,108.391000,108.411000
1578351900,108.412000,108.412000,108.399000,108.403000
1578351960,108.404000,108.405000,108.397000,108.397000
1578352020,108.397000,108.398000,108.396000,108.397000
1578352080,108.398000,108.398000,108.395000,108.398000
1578352140,108.395000,108.396000,108.392000,108.392000
1578352200,108.392000,108.400000,108.392000,108.400000
1578352260,108.400000,108.406000,108.400000,108.406000
1578352320,108.406000,108.408000,108.399000,108.399000
1578352380,108.397000,108.414000,108.397000,108.412000
1578352440,108.412000,108.416000,108.409000,108.409000
1578352500,108.411000,108.418000,108.411000,108.415000
1578352560,108.417000,108.418000,108.410000,108.412000
1578352620,108.412000,108.415000,108.412000,108.415000
1578352680,108.415000,108.416000,108.406000,108.406000
1578352740,108.406000,108.407000,108.401000,108.407000
1578352800,108.406000,108.406000,108.401000,108.405000
1578352860,108.405000,108.412000,108.404000,108.412000
1578352920,108.412000,108.412000,108.409000,108.411000
1578352980,108.409000,108.413000,108.405000,108.412000
1578353040,108.412000,108.413000,108.406000,108.412000
1578353100,108.411000,108.411000,108.405000,108.406000
1578353160,108.406000,108.406000,108.405000,108.405000
1578353220,108.406000,108.406000,108.398000,108.398000
1578353280,108.399000,108.399000,108.393000,108.395000
1578353340,108.396000,108.397000,108.391000,108.391000
1578353400,108.391000,108.392000,108.383000,108.389000
1578353460,108.387000,108.389000,108.382000,108.383000
1578353520,108.383000,108.389000,108.382000,108.389000
1578353580,108.390000,108.391000,108.390000,108.391000
1578353640,108.391000,108.391000,108.382000,108.382000
1578353700,108.382000,108.384000,108.381000,108.384000
1578353760,108.385000,108.390000,108.383000,108.390000
1578353820,108.393000,108.395000,108.392000,108.392000
1578353880,108.392000,108.392000,108.390000,108.390000
1578353940,108.388000,108.388000,108.382000,108.383000
1578354000,108.384000,108.384000,108.377000,108.382000
1578354060,108.382000,108.382000,108.377000,108.377000
1578354120,108.377000,108.383000,108.376000,108.381000
1578354180,108.381000,108.384000,108.378000,108.378000
1578354240,108.379000,108.381000,108.379000,108.381000
1578354300,108.380000,108.381000,108.373000,108.377000
1578354360,108.377000,108.385000,108.373000,108.380000
1578354420,108.379000,108.379000,108.370000,108.377000
1578354480,108.377000,108.381000,108.377000,108.381000
1578354540,108.381000,108.401000,108.381000,108.398000
1578354600,108.398000,108.398000,108.395000,108.397000
1578354660,108.397000,108.410000,108.397000,108.410000
1578354720,108.410000,108.413000,108.404000,108.408000
1578354780,108.409000,108.409000,108.397000,108.400000
1578354840,108.401000,108.403000,108.396000,108.403000
1578354900,108.403000,108.414000,108.402000,108.414000
1578354960,108.414000,108.420000,108.409000,108.420000
1578355020,108.419000,108.419000,108.408000,108.410000
1578355080,108.409000,108.409000,108.404000,108.404000
1578355140,108.404000,108.413000,108.404000,108.413000
1578355200,108.413000,108.416000,108.399000,108.404000
1578355260,108.404000,108.416000,108.403000,108.412000
1578355320,108.412000,108.442000,108.412000,108.441000
1578355380,108.441000,108.446000,108.413000,108.416000
1578355440,108.418000,108.428000,108.405000,108.408000
1578355500,108.406000,108.410000,108.397000,108.402000
1578355560,108.403000,108.410000,108.397000,108.404000
1578355620,108.402000,108.416000,108.398000,108.403000
1578355680,108.403000,108.405000,108.397000,108.397000
1578355740,108.397000,108.402000,108.394000,108.397000
1578355800,108.397000,108.409000,108.397000,108.403000
1578355860,108.404000,108.408000,108.385000,108.392000
1578355920,108.393000,108.396000,108.391000,108.393000
1578355980,108.393000,108.393000,108.378000,108.379000
1578356040,108.378000,108.391000,108.377000,108.388000
1578356100,108.387000,108.396000,108.386000,108.395000
1578356160,108.396000,108.403000,108.394000,108.401000
1578356220,108.401000,108.403000,108.399000,108.403000
1578356280,108.403000,108.403000,108.391000,108.393000
1578356340,108.393000,108.396000,108.386000,108.386000
1578356400,108.386000,108.389000,108.385000,108.387000
1578356460,108.389000,108.410000,108.389000,108.407000
1578356520,108.407000,108.421000,108.403000,108.421000
1578356580,108.420000,108.421000,108.417000,108.420000
1578356640,108.420000,108.420000,108.399000,108.401000
1578356700,108.400000,108.404000,108.392000,108.392000
1578356760,108.391000,108.392000,108.388000,108.391000
1578356820,108.390000,108.395000,108.387000,108.394000
1578356880,108.394000,108.395000,108.392000,108.394000
1578356940,108.395000,108.401000,108.395000,108.401000
1578357000,108.401000,108.401000,108.395000,108.398000
1578357060,108.397000,108.407000,108.397000,108.405000
1578357120,108.405000,108.418000,108.401000,108.405000
1578357180,108.407000,108.409000,108.401000,108.406000
1578357240,108.405000,108.407000,108.404000,108.405000
1578357300,108.406000,108.416000,108.406000,108.411000
1578357360,108.411000,108.417000,108.410000,108.416000
1578357420,108.416000,108.416000,108.406000,108.413000
1578357480,108.413000,108.413000,108.408000,108.412000
1578357540,108.411000,108.412000,108.406000,108.412000
1578357600,108.412000,108.417000,108.412000,108.417000
1578357660,108.416000,108.416000,108.413000,108.413000
1578357720,108.413000,108.413000,108.410000,108.413000
1578357780,108.413000,108.426000,108.413000,108.426000
1578357840,108.429000,108.439000,108.428000,108.439000
1578357900,108.438000,108.455000,108.438000,108.454000
1578357960,108.451000,108.453000,108.446000,108.446000
1578358020,108.447000,108.448000,108.435000,108.439000
1578358080,108.441000,108.452000,108.441000,108.450000
1578358140,108.449000,108.450000,108.441000,108.449000
1578358200,108.448000,108.454000,108.448000,108.451000
1578358260,108.452000,108.453000,108.449000,108.452000
1578358320,108.450000,108.450000,108.433000,108.435000
1578358380,108.436000,108.448000,108.435000,108.447000
1578358440,108.447000,108.453000,108.429000,108.430000
1578358500,108.432000,108.432000,108.406000,108.411000
1578358560,108.413000,108.419000,108.412000,108.417000
1578358620,108.417000,108.426000,108.417000,108.419000
1578358680,108.421000,108.431000,108.420000,108.424000
1578358740,108.424000,108.429000,108.420000,108.428000
1578358800,108.428000,108.428000,108.422000,108.423000
1578358860,108.424000,108.427000,108.409000,108.417000
1578358920,108.417000,108.423000,108.411000,108.411000
1578358980,108.411000,108.412000,108.394000,108.395000
1578359040,108.396000,108.402000,108.394000,108.398000
1578359100,108.397000,108.399000,108.387000,108.387000
1578359160,108.388000,108.396000,108.388000,108.395000
1578359220,108.394000,108.397000,108.389000,108.397000
1578359280,108.396000,108.401000,108.390000,108.397000
1578359340,108.397000,108.397000,108.375000,108.384000
1578359400,108.383000,108.390000,108.380000,108.388000
1578359460,108.389000,108.389000,108.382000,108.382000
1578359520,108.382000,108.383000,108.375000,108.376000
1578359580,108.379000,108.396000,108.379000,108.391000
1578359640,108.390000,108.392000,108.387000,108.389000
1578359700,108.389000,108.398000,108.387000,108.398000
1578359760,108.397000,108.401000,108.394000,108.401000
1578359820,108.400000,108.407000,108.394000,108.395000
1578359880,108.394000,108.402000,108.391000,108.401000
1578359940,108.401000,108.411000,108.401000,108.407000
1578360000,108.407000,108.412000,108.404000,108.404000
1578360060,108.403000,108.406000,108.402000,108.406000
1578360120,108.406000,108.408000,108.395000,108.397000
1578360180,108.396000,108.399000,108.394000,108.395000
1578360240,108.395000,108.400000,108.395000,108.397000
1578360300,108.396000,108.401000,108.392000,108.401000
1578360360,108.400000,108.407000,108.400000,108.401000
1578360420,108.401000,108.401000,108.396000,108.398000
1578360480,108.398000,108.399000,108.390000,108.391000
1578360540,108.391000,108.392000,108.383000,108.385000
1578360600,108.385000,108.390000,108.383000,108.390000
1578360660,108.391000,108.395000,108.390000,108.395000
1578360720,108.397000,108.410000,108.395000,108.406000
1578360780,108.406000,108.407000,108.400000,108.401000
1578360840,108.401000,108.410000,108.400000,108.404000
1578360900,108.404000,108.410000,108.399000,108.406000
1578360960,108.407000,108.410000,108.404000,108.409000
1578361020,108.409000,108.417000,108.409000,108.417000
1578361080,108.419000,108.424000,108.418000,108.424000
1578361140,108.427000,108.447000,108.427000,108.441000
1578361200,108.443000,108.449000,108.435000,108.449000
1578361260,108.448000,108.449000,108.439000,108.441000
1578361320,108.442000,108.442000,108.433000,108.441000
1578361380,108.441000,108.441000,108.435000,108.436000
1578361440,108.435000,108.438000,108.431000,108.436000
1578361500,108.437000,108.441000,108.431000,108.432000
1578361560,108.433000,108.461000,108.433000,108.448000
1578361620,108.449000,108.455000,108.445000,108.449000
1578361680,108.449000,108.452000,108.444000,108.444000
1578361740,108.442000,108.444000,108.437000,108.441000
1578361800,108.442000,108.447000,108.441000,108.442000
1578361860,108.444000,108.448000,108.441000,108.445000
1578361920,108.445000,108.445000,108.432000,108.440000
1578361980,108.442000,108.444000,108.439000,108.444000
1578362040,108.444000,108.451000,108.441000,108.447000
1578362100,108.445000,108.451000,108.445000,108.447000
1578362160,108.446000,108.446000,108.440000,108.444000
1578362220,108.444000,108.447000,108.441000,108.444000
1578362280,108.444000,108.445000,108.431000,108.434000
1578362340,108.433000,108.441000,108.430000,108.432000
1578362400,108.432000,108.434000,108.423000,108.423000
1578362460,108.422000,108.435000,108.421000,108.435000
1578362520,108.434000,108.441000,108.434000,108.440000
1578362580,108.442000,108.446000,108.439000,108.444000
1578362640,108.445000,108.452000,108.445000,108.451000
1578362700,108.451000,108.463000,108.451000,108.458000
1578362760,108.459000,108.463000,108.459000,108.462000
1578362820,108.462000,108.482000,108.462000,108.472000
1578362880,108.473000,108.479000,108.462000,108.479000
1578362940,108.478000,108.478000,108.467000,108.470000
1578363000,108.469000,108.470000,108.465000,108.467000
1578363060,108.467000,108.467000,108.457000,108.466000
1578363120,108.468000,108.470000,108.461000,108.461000
1578363180,108.461000,108.469000,108.461000,108.466000
1578363240,108.467000,108.473000,108.460000,108.463000
1578363300,108.465000,108.478000,108.465000,108.473000
1578363360,108.474000,108.476000,108.473000,108.476000
1578363420,108.477000,108.477000,108.469000,108.475000
1578363480,108.474000,108.478000,108.474000,108.475000
1578363540,108.475000,108.476000,108.466000,108.466000
1578363600,108.466000,108.466000,108.447000,108.458000
1578363660,108.457000,108.460000,108.457000,108.460000
1578363720,108.460000,108.466000,108.456000,108.462000
1578363780,108.462000,108.466000,108.461000,108.465000
1578363840,108.467000,108.471000,108.462000,108.469000
1578363900,108.470000,108.470000,108.469000,108.469000
1578363960,108.469000,108.471000,108.469000,108.471000
1578364020,108.471000,108.472000,108.469000,108.469000
1578364080,108.469000,108.470000,108.452000,108.461000
1578364140,108.460000,108.462000,108.450000,108.458000
1578364200,108.458000,108.460000,108.456000,108.456000
1578364260,108.456000,108.460000,108.454000,108.459000
1578364320,108.458000,108.461000,108.457000,108.461000
1578364380,108.461000,108.471000,108.461000,108.471000
1578364440,108.470000,108.471000,108.464000,108.465000
1578364500,108.464000,108.464000,108.459000,108.460000
1578364560,108.460000,108.466000,108.459000,108.465000
1578364620,108.465000,108.467000,108.465000,108.467000
1578364680,108.469000,108.470000,108.460000,108.467000
1578364740,108.467000,108.470000,108.460000,108.460000
1578364800,108.460000,108.461000,108.460000,108.460000
1578364860,108.460000,108.463000,108.460000,108.462000
1578364920,108.464000,108.464000,108.449000,108.451000
1578364980,108.450000,108.462000,108.450000,108.457000
1578365040,108.459000,108.461000,108.457000,108.460000
1578365100,108.460000,108.461000,108.458000,108.461000
1578365160,108.461000,108.465000,108.459000,108.461000
1578365220,108.464000,108.469000,108.454000,108.460000
1578365280,108.460000,108.465000,108.460000,108.465000
1578365340,108.465000,108.466000,108.462000,108.465000
1578365400,108.465000,108.465000,108.460000,108.464000
1578365460,108.464000,108.465000,108.462000,108.465000
1578365520,108.466000,108.471000,108.465000,108.469000
1578365580,108.469000,108.471000,108.466000,108.468000
1578365640,108.468000,108.470000,108.467000,108.468000
1578365700,108.468000,108.469000,108.467000,108.468000
1578365760,108.468000,108.474000,108.468000,108.474000
1578365820,108.474000,108.480000,108.472000,108.480000
1578365880,108.480000,108.481000,108.479000,108.480000
1578365940,108.480000,108.480000,108.472000,108.472000
1578366000,108.472000,108.480000,108.472000,108.480000
1578366060,108.481000,108.492000,108.481000,108.488000
1578366120,108.488000,108.496000,108.488000,108.492000
1578366180,108.492000,108.494000,108.491000,108.493000
1578366240,108.493000,108.494000,108.490000,108.494000
1578366300,108.494000,108.495000,108.489000,108.489000
1578366360,108.489000,108.495000,108.488000,108.488000
1578366420,108.488000,108.494000,108.485000,108.486000
1578366480,108.485000,108.487000,108.483000,108.483000
1578366540,108.483000,108.488000,108.483000,108.485000
1578366600,108.486000,108.489000,108.480000,108.484000
1578366660,108.485000,108.489000,108.485000,108.485000
1578366720,108.487000,108.489000,108.485000,108.487000
1578366780,108.488000,108.488000,108.477000,108.479000
1578366840,108.478000,108.479000,108.476000,108.477000
1578366900,108.477000,108.477000,108.465000,108.466000
1578366960,108.467000,108.469000,108.455000,108.456000
1578367020,108.455000,108.460000,108.455000,108.459000
1578367080,108.464000,108.468000,108.454000,108.455000
1578367140,108.455000,108.457000,108.449000,108.449000
1578367200,108.448000,108.455000,108.447000,108.450000
1578367260,108.450000,108.454000,108.450000,108.451000
1578367320,108.449000,108.450000,108.444000,108.449000
1578367380,108.450000,108.458000,108.450000,108.452000
1578367440,108.453000,108.457000,108.444000,108.447000
1578367500,108.449000,108.451000,108.446000,108.451000
1578367560,108.452000,108.467000,108.452000,108.466000
1578367620,108.466000,108.470000,108.461000,108.466000
1578367680,108.466000,108.467000,108.466000,108.467000
1578367740,108.469000,108.470000,108.460000,108.460000
1578367800,108.460000,108.465000,108.460000,108.465000
1578367860,108.464000,108.465000,108.463000,108.465000
1578367920,108.465000,108.465000,108.459000,108.465000
1578367980,108.463000,108.465000,108.462000,108.462000
1578368040,108.462000,108.477000,108.460000,108.472000
1578368100,108.472000,108.472000,108.456000,108.456000
1578368160,108.455000,108.458000,108.452000,108.458000
1578368220,108.458000,108.460000,108.454000,108.460000
1578368280,108.461000,108.463000,108.455000,108.463000
1578368340,108.461000,108.464000,108.458000,108.459000
1578368400,108.459000,108.467000,108.459000,108.466000
1578368460,108.465000,108.466000,108.465000,108.465000
1578368520,108.463000,108.468000,108.461000,108.468000
1578368580,108.468000,108.478000,108.466000,108.476000
1578368640,108.476000,108.476000,108.468000,108.471000
1578368700,108.471000,108.471000,108.471000,108.471000
1578368760,108.470000,108.470000,108.470000,108.470000
1578368820,108.471000,108.471000,108.471000,108.471000
1578368880,108.470000,108.472000,108.470000,108.472000
1578368940,108.472000,108.472000,108.463000,108.465000
1578369000,108.463000,108.465000,108.459000,108.465000
1578369060,108.465000,108.465000,108.465000,108.465000
1578369120,108.464000,108.464000,108.462000,108.463000
1578369180,108.465000,108.465000,108.465000,108.465000
1578369240,108.470000,108.470000,108.464000,108.466000
1578369300,108.465000,108.466000,108.464000,108.466000
1578369360,108.466000,108.467000,108.461000,108.461000
1578369420,108.463000,108.469000,108.455000,108.458000
1578369480,108.458000,108.464000,108.454000,108.458000
1578369540,108.457000,108.472000,108.455000,108.470000
1578369600,108.471000,108.471000,108.459000,108.467000
1578369660,108.468000,108.468000,108.463000,108.466000
1578369720,108.466000,108.479000,108.466000,108.478000
1578369780,108.478000,108.485000,108.478000,108.481000
1578369840,108.481000,108.481000,108.475000,108.475000
1578369900,108.475000,108.475000,108.470000,108.470000
1578369960,108.469000,108.478000,108.469000,108.477000
1578370020,108.477000,108.483000,108.476000,108.479000
1578370080,108.480000,108.486000,108.479000,108.483000
1578370140,108.483000,108.483000,108.480000,108.482000
1578370200,108.483000,108.484000,108.482000,108.482000
1578370260,108.482000,108.498000,108.482000,108.490000
1578370320,108.489000,108.489000,108.484000,108.485000
1578370380,108.484000,108.496000,108.484000,108.496000
1578370440,108.496000,108.500000,108.495000,108.499000
1578370500,108.499000,108.499000,108.492000,108.492000
1578370560,108.492000,108.500000,108.492000,108.494000
1578370620,108.494000,108.504000,108.494000,108.500000
1578370680,108.500000,108.500000,108.492000,108.499000
1578370740,108.500000,108.500000,108.492000,108.492000
1578370800,108.492000,108.494000,108.488000,108.494000
1578370860,108.493000,108.495000,108.492000,108.492000
1578370920,108.493000,108.495000,108.492000,108.495000
1578370980,108.493000,108.494000,108.493000,108.493000
1578371040,108.493000,108.493000,108.480000,108.480000
1578371100,108.481000,108.488000,108.480000,108.487000
1578371160,108.489000,108.490000,108.487000,108.487000
1578371220,108.487000,108.488000,108.485000,108.487000
1578371280,108.486000,108.487000,108.486000,108.487000
1578371340,108.488000,108.489000,108.487000,108.489000
1578371400,108.489000,108.491000,108.489000,108.491000
1578371460,108.491000,108.491000,108.486000,108.488000
1578371520,108.487000,108.496000,108.486000,108.489000
1578371580,108.489000,108.489000,108.484000,108.484000
1578371640,108.485000,108.487000,108.484000,108.486000
1578371700,108.485000,108.488000,108.485000,108.488000
1578371760,108.488000,108.494000,108.488000,108.491000
1578371820,108.491000,108.491000,108.488000,108.489000
1578371880,108.489000,108.489000,108.486000,108.488000
1578371940,108.487000,108.489000,108.486000,108.489000
1578372000,108.489000,108.496000,108.489000,108.496000
1578372060,108.495000,108.495000,108.490000,108.495000
1578372120,108.495000,108.495000,108.487000,108.489000
1578372180,108.489000,108.489000,108.487000,108.488000
1578372240,108.489000,108.495000,108.489000,108.490000
1578372300,108.491000,108.491000,108.488000,108.491000
1578372360,108.492000,108.492000,108.490000,108.492000
1578372420,108.493000,108.495000,108.491000,108.493000
1578372480,108.493000,108.493000,108.484000,108.484000
1578372540,108.485000,108.490000,108.483000,108.485000
1578372600,108.484000,108.485000,108.483000,108.485000
1578372660,108.487000,108.488000,108.484000,108.484000
1578372720,108.485000,108.495000,108.485000,108.495000
1578372780,108.496000,108.497000,108.492000,108.496000
1578372840,108.496000,108.496000,108.488000,108.489000
1578372900,108.488000,108.491000,108.488000,108.489000
1578372960,108.490000,108.495000,108.490000,108.495000
1578373020,108.495000,108.498000,108.491000,108.492000
1578373080,108.492000,108.501000,108.492000,108.500000
1578373140,108.500000,108.501000,108.495000,108.497000
