time,open,high,low,close
1051675200,132.760000,132.780000,132.730000,132.740000
1051675260,132.750000,132.750000,132.720000,132.730000
1051675320,132.740000,132.740000,132.720000,132.730000
1051675380,132.720000,132.750000,132.710000,132.720000
1051675440,132.740000,132.740000,132.700000,132.710000
1051675500,132.740000,132.750000,132.710000,132.740000
1051675560,132.730000,132.740000,132.710000,132.720000
1051675620,132.710000,132.740000,132.710000,132.740000
1051675680,132.750000,132.750000,132.710000,132.720000
1051675740,132.710000,132.730000,132.690000,132.710000
1051675800,132.720000,132.740000,132.710000,132.710000
1051675860,132.700000,132.710000,132.690000,132.710000
1051675920,132.720000,132.740000,132.720000,132.720000
1051675980,132.730000,132.740000,132.690000,132.710000
1051676040,132.700000,132.710000,132.690000,132.710000
1051676100,132.700000,132.710000,132.700000,132.710000
1051676160,132.700000,132.710000,132.700000,132.710000
1051676280,132.720000,132.720000,132.680000,132.680000
1051676340,132.670000,132.670000,132.660000,132.670000
1051676400,132.660000,132.680000,132.660000,132.680000
1051676460,132.670000,132.690000,132.670000,132.690000
1051676520,132.700000,132.700000,132.700000,132.700000
1051676580,132.690000,132.690000,132.680000,132.680000
1051676640,132.690000,132.710000,132.690000,132.710000
1051676700,132.720000,132.720000,132.710000,132.720000
1051676760,132.730000,132.730000,132.710000,132.720000
1051676820,132.710000,132.720000,132.710000,132.710000
1051676880,132.720000,132.730000,132.710000,132.710000
1051676940,132.700000,132.730000,132.700000,132.720000
1051677000,132.710000,132.710000,132.710000,132.710000
1051677060,132.720000,132.720000,132.710000,132.720000
1051677120,132.710000,132.740000,132.710000,132.730000
1051677180,132.740000,132.740000,132.730000,132.730000
1051677240,132.720000,132.730000,132.710000,132.720000
1051677300,132.730000,132.740000,132.730000,132.740000
1051677360,132.730000,132.760000,132.720000,132.760000
1051677420,132.750000,132.790000,132.740000,132.770000
1051677480,132.760000,132.770000,132.750000,132.750000
1051677540,132.760000,132.770000,132.740000,132.760000
1051677600,132.740000,132.750000,132.730000,132.740000
1051677660,132.750000,132.760000,132.750000,132.750000
1051677720,132.740000,132.750000,132.720000,132.740000
1051677780,132.750000,132.790000,132.720000,132.790000
1051677840,132.800000,132.910000,132.780000,132.830000
1051677900,132.840000,132.840000,132.790000,132.800000
1051677960,132.820000,132.880000,132.790000,132.880000
1051678020,132.890000,132.900000,132.820000,132.820000
1051678080,132.830000,132.830000,132.800000,132.820000
1051678140,132.810000,132.810000,132.790000,132.810000
1051678200,132.800000,132.850000,132.790000,132.840000
1051678260,132.830000,132.830000,132.810000,132.820000
1051678320,132.830000,132.830000,132.810000,132.820000
1051678380,132.830000,132.830000,132.800000,132.820000
1051678440,132.830000,132.850000,132.830000,132.840000
1051678500,132.850000,132.870000,132.840000,132.860000
1051678560,132.870000,132.880000,132.860000,132.870000
1051678620,132.860000,132.890000,132.840000,132.860000
1051678680,132.850000,132.850000,132.820000,132.830000
1051678740,132.840000,132.850000,132.810000,132.840000
1051678800,132.830000,132.850000,132.790000,132.800000
1051678860,132.820000,132.820000,132.790000,132.790000
1051678920,132.810000,132.820000,132.810000,132.820000
1051678980,132.790000,132.820000,132.770000,132.780000
1051679040,132.770000,132.790000,132.760000,132.770000
1051679100,132.780000,132.800000,132.770000,132.770000
1051679160,132.780000,132.790000,132.770000,132.770000
1051679220,132.780000,132.780000,132.710000,132.740000
1051679280,132.750000,132.760000,132.730000,132.730000
1051679340,132.720000,132.740000,132.690000,132.700000
1051679400,132.710000,132.740000,132.710000,132.730000
1051679460,132.720000,132.750000,132.710000,132.740000
1051679520,132.730000,132.740000,132.690000,132.710000
1051679580,132.720000,132.730000,132.710000,132.710000
1051679640,132.700000,132.710000,132.690000,132.710000
1051679700,132.690000,132.720000,132.680000,132.700000
1051679760,132.690000,132.690000,132.680000,132.690000
1051679820,132.700000,132.730000,132.700000,132.720000
1051679880,132.730000,132.730000,132.690000,132.710000
1051679940,132.720000,132.730000,132.710000,132.720000
1051680000,132.730000,132.730000,132.710000,132.730000
1051680060,132.740000,132.740000,132.720000,132.730000
1051680120,132.740000,132.740000,132.720000,132.720000
1051680180,132.730000,132.750000,132.720000,132.740000
1051680240,132.750000,132.790000,132.750000,132.770000
1051680300,132.760000,132.790000,132.750000,132.770000
1051680360,132.780000,132.790000,132.770000,132.770000
1051680420,132.780000,132.820000,132.770000,132.790000
1051680480,132.800000,132.810000,132.790000,132.800000
1051680540,132.790000,132.800000,132.780000,132.800000
1051680600,132.790000,132.820000,132.790000,132.810000
1051680660,132.790000,132.790000,132.790000,132.790000
1051680720,132.780000,132.780000,132.760000,132.770000
1051680780,132.780000,132.780000,132.760000,132.770000
1051680840,132.760000,132.780000,132.760000,132.770000
1051680900,132.780000,132.780000,132.740000,132.750000
1051680960,132.760000,132.760000,132.750000,132.750000
1051681020,132.760000,132.760000,132.750000,132.750000
1051681080,132.760000,132.770000,132.750000,132.760000
1051681140,132.770000,132.770000,132.760000,132.770000
1051681200,132.780000,132.820000,132.770000,132.790000
1051681260,132.800000,132.840000,132.790000,132.840000
1051681320,132.830000,132.840000,132.810000,132.820000
1051681380,132.830000,132.830000,132.800000,132.830000
1051681440,132.820000,132.840000,132.810000,132.830000
1051681500,132.820000,132.840000,132.810000,132.820000
1051681560,132.810000,132.820000,132.790000,132.800000
1051681620,132.790000,132.800000,132.780000,132.790000
1051681680,132.800000,132.800000,132.770000,132.790000
1051681740,132.780000,132.780000,132.760000,132.770000
1051681800,132.760000,132.770000,132.730000,132.760000
1051681860,132.770000,132.770000,132.750000,132.760000
1051681920,132.750000,132.760000,132.730000,132.740000
1051681980,132.750000,132.760000,132.740000,132.750000
1051682040,132.740000,132.760000,132.740000,132.750000
1051682100,132.760000,132.770000,132.750000,132.770000
1051682160,132.760000,132.790000,132.760000,132.790000
1051682280,132.810000,132.820000,132.790000,132.790000
1051682340,132.820000,132.820000,132.780000,132.790000
1051682400,132.770000,132.790000,132.770000,132.790000
1051682460,132.770000,132.790000,132.770000,132.780000
1051682520,132.770000,132.770000,132.710000,132.740000
1051682580,132.730000,132.730000,132.700000,132.700000
1051682640,132.710000,132.710000,132.650000,132.660000
1051682700,132.670000,132.670000,132.610000,132.630000
1051682760,132.620000,132.660000,132.610000,132.640000
1051682820,132.650000,132.660000,132.630000,132.660000
1051682880,132.640000,132.660000,132.630000,132.640000
1051682940,132.650000,132.650000,132.610000,132.630000
1051683000,132.640000,132.660000,132.610000,132.640000
1051683060,132.630000,132.640000,132.610000,132.630000
1051683120,132.610000,132.630000,132.610000,132.610000
1051683180,132.600000,132.630000,132.590000,132.610000
1051683240,132.600000,132.600000,132.580000,132.590000
1051683300,132.600000,132.630000,132.590000,132.630000
1051683360,132.620000,132.660000,132.610000,132.660000
1051683420,132.650000,132.660000,132.640000,132.640000
1051683480,132.660000,132.660000,132.630000,132.640000
1051683540,132.630000,132.640000,132.610000,132.610000
1051683600,132.620000,132.640000,132.600000,132.620000
1051683660,132.610000,132.620000,132.590000,132.600000
1051683720,132.620000,132.640000,132.600000,132.640000
1051683780,132.630000,132.660000,132.610000,132.650000
1051683840,132.660000,132.680000,132.640000,132.680000
1051683900,132.690000,132.740000,132.690000,132.730000
1051683960,132.740000,132.740000,132.710000,132.710000
1051684020,132.720000,132.750000,132.710000,132.730000
1051684080,132.740000,132.760000,132.730000,132.760000
1051684140,132.750000,132.810000,132.750000,132.800000
1051684200,132.790000,132.790000,132.760000,132.760000
1051684260,132.770000,132.790000,132.740000,132.790000
1051684320,132.780000,132.790000,132.770000,132.770000
1051684380,132.790000,132.790000,132.770000,132.770000
1051684440,132.790000,132.800000,132.770000,132.790000
1051684500,132.780000,132.790000,132.780000,132.790000
1051684620,132.770000,132.790000,132.770000,132.770000
1051684680,132.790000,132.790000,132.750000,132.760000
1051684740,132.770000,132.770000,132.740000,132.740000
1051684800,132.730000,132.750000,132.730000,132.740000
1051684860,132.730000,132.750000,132.730000,132.750000
1051684920,132.740000,132.770000,132.730000,132.730000
1051684980,132.750000,132.760000,132.730000,132.760000
1051685040,132.770000,132.810000,132.760000,132.810000
1051685100,132.790000,132.800000,132.760000,132.790000
1051685340,132.700000,132.730000,132.700000,132.720000
1051685400,132.710000,132.760000,132.710000,132.730000
1051685460,132.740000,132.740000,132.670000,132.730000
1051685520,132.720000,132.750000,132.700000,132.720000
1051685580,132.730000,132.740000,132.720000,132.730000
1051685640,132.720000,132.760000,132.720000,132.740000
1051685700,132.750000,132.830000,132.750000,132.830000
1051685760,132.840000,132.850000,132.820000,132.830000
1051685820,132.840000,132.860000,132.830000,132.850000
1051685940,132.840000,132.870000,132.830000,132.870000
1051686000,132.880000,132.890000,132.800000,132.840000
1051686060,132.830000,132.850000,132.790000,132.850000
1051686300,132.850000,132.850000,132.850000,132.850000
1051686360,132.840000,132.850000,132.840000,132.850000
1051686420,132.860000,132.860000,132.830000,132.840000
1051686480,132.830000,132.870000,132.830000,132.870000
1051686540,132.880000,132.900000,132.860000,132.880000
1051686600,132.890000,132.910000,132.880000,132.890000
1051686720,132.880000,132.880000,132.790000,132.810000
1051686780,132.820000,132.820000,132.780000,132.790000
1051686840,132.780000,132.790000,132.780000,132.790000
1051686900,132.800000,132.830000,132.790000,132.820000
1051686960,132.810000,132.840000,132.810000,132.840000
1051687020,132.830000,132.830000,132.790000,132.810000
1051687080,132.800000,132.820000,132.790000,132.810000
1051687140,132.800000,132.830000,132.800000,132.810000
1051687200,132.820000,132.850000,132.790000,132.820000
1051687260,132.810000,132.820000,132.780000,132.790000
1051687320,132.810000,132.810000,132.780000,132.790000
1051687380,132.800000,132.820000,132.790000,132.810000
1051687440,132.820000,132.820000,132.790000,132.810000
1051687500,132.820000,132.820000,132.790000,132.790000
1051687560,132.800000,132.800000,132.760000,132.780000
1051687620,132.770000,132.790000,132.760000,132.790000
1051687680,132.800000,132.800000,132.780000,132.800000
1051687740,132.790000,132.820000,132.780000,132.790000
1051687800,132.780000,132.790000,132.770000,132.790000
1051687860,132.780000,132.790000,132.770000,132.780000
1051687920,132.790000,132.820000,132.780000,132.800000
1051687980,132.810000,132.830000,132.790000,132.810000
1051688040,132.820000,132.830000,132.810000,132.830000
1051688100,132.820000,132.850000,132.820000,132.850000
1051688160,132.860000,132.870000,132.830000,132.870000
1051688220,132.880000,132.890000,132.850000,132.880000
1051688280,132.870000,132.880000,132.850000,132.880000
1051688340,132.870000,132.880000,132.840000,132.860000
1051688400,132.850000,132.870000,132.850000,132.860000
1051688460,132.870000,132.880000,132.830000,132.880000
1051688520,132.870000,132.890000,132.850000,132.870000
1051688580,132.880000,132.890000,132.860000,132.870000
1051688640,132.880000,132.880000,132.850000,132.850000
1051688700,132.840000,132.910000,132.840000,132.880000
1051688760,132.890000,132.920000,132.890000,132.900000
1051688820,132.890000,132.910000,132.880000,132.880000
1051688880,132.890000,132.900000,132.840000,132.850000
1051688940,132.860000,132.890000,132.860000,132.880000
1051689000,132.890000,132.900000,132.880000,132.890000
1051689060,132.900000,132.920000,132.890000,132.920000
1051689120,132.910000,132.930000,132.910000,132.920000
1051689180,132.910000,132.940000,132.900000,132.930000
1051689240,132.940000,132.960000,132.930000,132.930000
1051689300,132.940000,132.940000,132.910000,132.920000
1051689360,132.910000,132.920000,132.900000,132.910000
1051689420,132.920000,132.920000,132.860000,132.860000
1051689480,132.850000,132.860000,132.830000,132.830000
1051689540,132.840000,132.860000,132.820000,132.850000
1051689600,132.840000,132.880000,132.830000,132.860000
1051689660,132.870000,132.870000,132.820000,132.830000
1051689720,132.840000,132.850000,132.830000,132.850000
1051689780,132.860000,132.890000,132.840000,132.890000
1051689840,132.900000,132.920000,132.900000,132.920000
1051689900,132.910000,132.950000,132.900000,132.930000
1051689960,132.920000,132.960000,132.890000,132.910000
1051690020,132.920000,132.970000,132.920000,132.940000
1051690080,132.930000,132.970000,132.930000,132.940000
1051690140,132.930000,132.970000,132.920000,132.970000
1051690200,132.960000,132.970000,132.920000,132.930000
1051690260,132.940000,132.970000,132.940000,132.960000
1051690320,132.970000,132.980000,132.940000,132.970000
1051690380,132.960000,132.990000,132.960000,132.970000
1051690440,132.980000,132.980000,132.950000,132.950000
1051690500,132.960000,132.980000,132.960000,132.980000
1051690560,132.970000,133.000000,132.970000,132.980000
1051690620,132.970000,132.980000,132.960000,132.960000
1051690680,132.970000,132.990000,132.930000,132.930000
1051690740,132.940000,132.970000,132.920000,132.930000
1051690800,132.920000,132.940000,132.920000,132.940000
1051690860,132.930000,132.950000,132.930000,132.940000
1051690920,132.930000,132.930000,132.890000,132.900000
1051690980,132.910000,132.920000,132.880000,132.890000
1051691040,132.900000,132.940000,132.890000,132.920000
1051691100,132.910000,132.930000,132.890000,132.910000
1051691160,132.900000,132.930000,132.890000,132.930000
1051691220,132.920000,132.930000,132.890000,132.900000
1051691280,132.890000,132.900000,132.880000,132.890000
1051691340,132.880000,132.890000,132.860000,132.870000
1051691400,132.860000,132.900000,132.850000,132.890000
1051691460,132.880000,132.930000,132.880000,132.920000
1051691520,132.930000,132.930000,132.900000,132.930000
1051691580,132.940000,132.990000,132.930000,132.970000
1051691640,132.960000,132.970000,132.920000,132.920000
1051691700,132.930000,132.930000,132.900000,132.910000
1051691760,132.920000,132.930000,132.900000,132.920000
1051691820,132.930000,132.930000,132.920000,132.930000
1051691880,132.920000,132.950000,132.900000,132.920000
1051691940,132.930000,132.930000,132.920000,132.930000
1051692000,132.920000,132.970000,132.920000,132.960000
1051692060,132.970000,132.980000,132.930000,132.940000
1051692120,132.950000,132.950000,132.930000,132.930000
1051692180,132.940000,132.950000,132.930000,132.950000
1051692240,132.940000,132.950000,132.920000,132.950000
1051692300,132.930000,132.960000,132.930000,132.950000
1051692360,132.960000,132.960000,132.930000,132.930000
1051692420,132.940000,132.940000,132.900000,132.920000
1051692480,132.930000,133.000000,132.930000,132.960000
1051692540,132.950000,132.970000,132.930000,132.950000
1051692600,132.960000,133.000000,132.950000,132.960000
1051692660,132.970000,132.970000,132.940000,132.970000
1051692720,132.980000,132.980000,132.960000,132.970000
1051692780,132.960000,132.970000,132.960000,132.970000
1051692840,132.960000,133.010000,132.960000,132.970000
1051692900,132.960000,133.020000,132.960000,133.010000
1051692960,133.000000,133.000000,132.970000,132.990000
1051693020,132.980000,132.980000,132.960000,132.970000
1051693080,132.980000,133.000000,132.960000,133.000000
1051693140,133.010000,133.020000,132.980000,133.020000
1051693200,133.010000,133.040000,132.970000,132.970000
1051693260,132.980000,133.000000,132.970000,132.980000
1051693320,132.990000,133.020000,132.970000,132.970000
1051693380,132.980000,132.990000,132.970000,132.970000
1051693440,132.980000,132.980000,132.970000,132.970000
1051693500,132.960000,132.970000,132.920000,132.920000
1051693560,132.910000,132.910000,132.890000,132.900000
1051693620,132.910000,132.930000,132.900000,132.920000
1051693680,132.910000,132.960000,132.900000,132.930000
1051693740,132.940000,132.960000,132.940000,132.960000
1051693800,132.950000,132.960000,132.930000,132.930000
1051693860,132.920000,132.920000,132.900000,132.910000
1051693920,132.900000,132.900000,132.890000,132.890000
1051693980,132.900000,132.900000,132.870000,132.890000
1051694040,132.900000,132.900000,132.890000,132.890000
1051694100,132.900000,132.900000,132.870000,132.900000
1051694160,132.890000,132.910000,132.890000,132.900000
1051694220,132.910000,132.920000,132.900000,132.900000
1051694280,132.890000,132.890000,132.850000,132.870000
1051694340,132.860000,132.870000,132.850000,132.870000
1051694400,132.860000,132.900000,132.860000,132.900000
1051694460,132.890000,132.930000,132.890000,132.920000
1051694520,132.910000,132.930000,132.900000,132.930000
1051694580,132.920000,132.930000,132.890000,132.900000
1051694640,132.890000,132.890000,132.890000,132.890000
1051694700,132.880000,132.890000,132.860000,132.870000
1051694760,132.880000,132.890000,132.860000,132.860000
1051694820,132.870000,132.880000,132.860000,132.870000
1051694880,132.880000,132.890000,132.870000,132.880000
1051694940,132.870000,132.870000,132.860000,132.860000
1051695000,132.870000,132.870000,132.850000,132.850000
1051695060,132.860000,132.860000,132.840000,132.840000
1051695120,132.850000,132.860000,132.850000,132.850000
1051695180,132.860000,132.870000,132.850000,132.860000
1051695240,132.870000,132.870000,132.840000,132.850000
1051695300,132.860000,132.870000,132.840000,132.870000
1051695360,132.880000,132.880000,132.870000,132.870000
1051695420,132.860000,132.870000,132.830000,132.840000
1051695480,132.850000,132.860000,132.840000,132.850000
1051695540,132.860000,132.860000,132.820000,132.830000
1051695600,132.840000,132.840000,132.810000,132.830000
1051695660,132.820000,132.840000,132.820000,132.840000
1051695720,132.860000,132.870000,132.860000,132.870000
1051695780,132.860000,132.880000,132.860000,132.880000
1051695840,132.870000,132.890000,132.860000,132.860000
1051695900,132.870000,132.870000,132.830000,132.850000
1051695960,132.860000,132.860000,132.850000,132.860000
1051696020,132.850000,132.860000,132.830000,132.850000
1051696080,132.840000,132.850000,132.830000,132.850000
1051696140,132.840000,132.850000,132.830000,132.850000
1051696200,132.860000,132.870000,132.850000,132.870000
1051696260,132.880000,132.890000,132.860000,132.890000
1051696320,132.880000,132.890000,132.870000,132.870000
1051696380,132.890000,132.890000,132.860000,132.880000
1051696440,132.870000,132.880000,132.860000,132.860000
1051696500,132.880000,132.880000,132.850000,132.860000
1051696560,132.870000,132.880000,132.860000,132.860000
1051696620,132.870000,132.880000,132.790000,132.820000
1051696680,132.830000,132.840000,132.790000,132.790000
1051696740,132.810000,132.810000,132.790000,132.790000
1051696800,132.820000,132.820000,132.790000,132.820000
1051696860,132.830000,132.860000,132.830000,132.840000
1051696920,132.850000,132.850000,132.820000,132.820000
1051696980,132.820000,132.860000,132.820000,132.850000
1051697040,132.860000,132.880000,132.850000,132.860000
1051697100,132.850000,132.880000,132.830000,132.850000
1051697160,132.860000,132.860000,132.830000,132.830000
1051697220,132.840000,132.860000,132.830000,132.850000
1051697280,132.860000,132.910000,132.860000,132.910000
1051697340,132.920000,132.920000,132.860000,132.910000
1051697400,132.920000,132.940000,132.910000,132.920000
1051697460,132.930000,132.930000,132.910000,132.910000
1051697520,132.920000,132.980000,132.920000,132.980000
1051697580,132.990000,133.000000,132.970000,132.980000
1051697640,132.990000,132.990000,132.960000,132.960000
1051697700,132.970000,133.020000,132.940000,132.990000
1051697760,133.000000,133.040000,133.000000,133.020000
1051697820,133.030000,133.040000,133.020000,133.020000
1051697880,133.010000,133.020000,133.010000,133.020000
1051697940,133.010000,133.020000,133.010000,133.020000
1051698000,133.010000,133.020000,133.010000,133.010000
1051698060,133.020000,133.020000,133.000000,133.020000
1051698120,133.010000,133.020000,132.980000,133.000000
1051698180,132.990000,133.010000,132.990000,133.010000
1051698240,133.020000,133.020000,133.010000,133.020000
1051698300,133.010000,133.020000,133.000000,133.010000
1051698360,133.000000,133.010000,132.990000,133.000000
1051698420,132.990000,133.000000,132.940000,132.940000
1051698480,132.950000,132.960000,132.890000,132.910000
1051698540,132.920000,132.920000,132.890000,132.890000
1051698600,132.900000,132.930000,132.890000,132.930000
1051698660,132.940000,132.960000,132.940000,132.960000
1051698720,132.970000,132.970000,132.950000,132.970000
1051698780,132.980000,132.990000,132.960000,132.990000
1051698840,133.000000,133.020000,133.000000,133.010000
1051698900,133.000000,133.030000,132.980000,133.030000
1051698960,133.020000,133.040000,133.010000,133.040000
1051699020,133.020000,133.040000,133.010000,133.020000
1051699080,133.010000,133.020000,132.980000,133.020000
1051699200,133.030000,133.040000,133.010000,133.020000
1051699260,133.010000,133.020000,133.010000,133.020000
1051699320,133.010000,133.020000,133.010000,133.020000
1051699380,133.010000,133.040000,133.010000,133.040000
1051699440,133.020000,133.040000,133.020000,133.040000
1051699500,133.020000,133.040000,133.020000,133.020000
1051699560,133.040000,133.040000,133.020000,133.020000
1051699620,133.010000,133.020000,132.990000,133.000000
1051699680,133.010000,133.020000,133.000000,133.010000
1051699740,133.000000,133.020000,133.000000,133.010000
1051699800,133.000000,133.010000,133.000000,133.000000
1051699860,132.990000,133.000000,132.980000,132.990000
1051699920,133.000000,133.000000,132.990000,133.000000
1051699980,132.990000,133.000000,132.990000,132.990000
1051700040,133.000000,133.000000,133.000000,133.000000
1051700100,132.990000,133.000000,132.980000,132.990000
1051700160,133.000000,133.010000,132.990000,133.000000
1051700220,132.990000,132.990000,132.980000,132.980000
1051700280,132.970000,132.980000,132.960000,132.960000
1051700340,132.970000,132.980000,132.960000,132.960000
1051700400,132.970000,133.000000,132.960000,132.980000
1051700460,132.990000,133.000000,132.980000,132.980000
1051700520,132.970000,132.980000,132.960000,132.960000
1051700580,132.970000,132.970000,132.940000,132.940000
1051700640,132.950000,132.960000,132.920000,132.950000
1051700700,132.960000,132.960000,132.930000,132.930000
1051700760,132.920000,132.930000,132.910000,132.920000
1051700820,132.930000,132.930000,132.910000,132.910000
1051700880,132.920000,132.930000,132.910000,132.930000
1051700940,132.920000,132.920000,132.890000,132.900000
1051701000,132.910000,132.930000,132.910000,132.930000
1051701060,132.920000,132.930000,132.890000,132.890000
1051701120,132.900000,132.920000,132.890000,132.910000
1051701180,132.890000,132.910000,132.860000,132.880000
1051701240,132.890000,132.890000,132.850000,132.850000
1051701300,132.860000,132.870000,132.830000,132.860000
1051701360,132.870000,132.870000,132.840000,132.850000
1051701420,132.840000,132.850000,132.820000,132.850000
1051701480,132.840000,132.860000,132.840000,132.860000
1051701540,132.880000,132.890000,132.860000,132.890000
1051701600,132.880000,132.880000,132.860000,132.860000
1051701660,132.850000,132.860000,132.820000,132.840000
1051701720,132.850000,132.900000,132.850000,132.890000
1051701780,132.880000,132.910000,132.880000,132.890000
1051701840,132.900000,132.900000,132.880000,132.900000
1051701900,132.890000,132.900000,132.890000,132.890000
1051701960,132.900000,132.900000,132.880000,132.890000
1051702020,132.880000,132.890000,132.880000,132.880000
1051702080,132.870000,132.880000,132.870000,132.880000
1051702140,132.890000,132.890000,132.880000,132.880000
1051702200,132.890000,132.890000,132.880000,132.890000
1051702260,132.900000,132.920000,132.890000,132.910000
1051702320,132.920000,132.920000,132.910000,132.910000
1051702440,132.900000,132.910000,132.890000,132.910000
1051702500,132.890000,132.910000,132.890000,132.890000
1051702560,132.900000,132.900000,132.880000,132.890000
1051702620,132.910000,132.910000,132.900000,132.910000
1051702680,132.900000,132.910000,132.900000,132.910000
1051702740,132.920000,132.930000,132.910000,132.920000
1051702800,132.910000,132.920000,132.910000,132.910000
1051702860,132.920000,132.920000,132.920000,132.920000
1051702920,132.910000,132.910000,132.890000,132.900000
1051702980,132.890000,132.910000,132.890000,132.900000
1051703040,132.890000,132.900000,132.890000,132.890000
1051703100,132.880000,132.880000,132.880000,132.880000
1051703220,132.870000,132.880000,132.860000,132.880000
1051703280,132.860000,132.880000,132.860000,132.870000
1051703340,132.880000,132.920000,132.860000,132.890000
1051703400,132.900000,132.960000,132.900000,132.960000
1051703460,132.950000,132.960000,132.950000,132.950000
1051703520,132.940000,132.980000,132.930000,132.960000
1051703580,132.950000,132.950000,132.920000,132.930000
1051703640,132.940000,132.940000,132.930000,132.930000
1051703700,132.920000,132.930000,132.910000,132.930000
1051703820,132.920000,132.930000,132.920000,132.930000
1051703880,132.950000,132.950000,132.930000,132.930000
1051703940,132.920000,132.930000,132.920000,132.920000
1051704000,132.910000,132.920000,132.910000,132.910000
1051704120,132.900000,132.910000,132.890000,132.910000
1051704180,132.890000,132.940000,132.890000,132.930000
1051704240,132.920000,132.960000,132.910000,132.960000
1051704300,132.970000,132.980000,132.950000,132.980000
1051704360,132.990000,133.000000,132.970000,133.000000
1051704420,133.010000,133.020000,133.000000,133.000000
1051704480,133.010000,133.010000,133.010000,133.010000
1051704540,133.000000,133.000000,133.000000,133.000000
1051704600,133.010000,133.020000,133.000000,133.010000
1051704660,133.020000,133.020000,133.000000,133.020000
1051704720,133.010000,133.020000,133.000000,133.010000
1051704780,133.000000,133.020000,133.000000,133.010000
1051704840,133.020000,133.020000,133.000000,133.020000
1051704900,133.010000,133.020000,133.000000,133.020000
1051704960,133.010000,133.030000,133.010000,133.020000
1051705020,133.010000,133.020000,133.000000,133.000000
1051705080,133.010000,133.010000,132.990000,133.000000
1051705140,132.990000,133.000000,132.930000,132.940000
1051705200,132.960000,132.960000,132.910000,132.960000
1051705260,132.970000,132.970000,132.920000,132.930000
1051705320,132.950000,132.970000,132.930000,132.960000
1051705380,132.950000,132.960000,132.930000,132.950000
1051705440,132.940000,132.960000,132.930000,132.930000
1051705500,132.940000,132.940000,132.910000,132.930000
1051705560,132.940000,132.990000,132.930000,132.970000
1051705620,132.980000,133.010000,132.970000,133.000000
1051705680,132.990000,133.000000,132.990000,132.990000
1051705740,132.980000,132.990000,132.980000,132.990000
1051705800,132.980000,132.990000,132.960000,132.980000
1051705860,132.990000,132.990000,132.960000,132.980000
1051705920,132.990000,132.990000,132.960000,132.960000
1051705980,132.980000,132.980000,132.960000,132.960000
1051706040,132.970000,132.980000,132.960000,132.970000
1051706100,132.980000,132.980000,132.960000,132.970000
1051706160,132.980000,132.980000,132.970000,132.970000
1051706220,132.980000,132.990000,132.960000,132.970000
1051706280,132.980000,133.010000,132.980000,132.990000
1051706340,133.000000,133.020000,132.980000,133.020000
1051706400,133.010000,133.020000,133.010000,133.020000
1051706460,133.010000,133.020000,133.010000,133.020000
1051706520,133.040000,133.040000,133.030000,133.040000
1051706580,133.030000,133.030000,132.960000,132.960000
1051706640,132.970000,132.970000,132.950000,132.960000
1051706700,132.950000,132.950000,132.910000,132.910000
1051706760,132.900000,132.980000,132.900000,132.980000
1051706820,132.990000,133.020000,132.960000,133.010000
1051706880,133.000000,133.070000,132.990000,133.010000
1051706940,133.020000,133.060000,133.020000,133.050000
1051707000,133.040000,133.080000,133.020000,133.020000
1051707060,133.030000,133.040000,133.020000,133.020000
1051707120,133.010000,133.030000,133.000000,133.020000
1051707180,133.010000,133.020000,133.010000,133.020000
1051707240,133.010000,133.020000,133.010000,133.020000
1051707300,133.010000,133.040000,133.010000,133.040000
1051707360,133.050000,133.050000,133.040000,133.040000
1051707420,133.020000,133.020000,133.000000,133.000000
1051707480,133.010000,133.010000,132.980000,132.980000
1051707540,132.970000,132.980000,132.960000,132.960000
1051707600,132.970000,132.990000,132.960000,132.960000
1051707660,132.970000,133.000000,132.940000,132.940000
1051707720,132.950000,132.970000,132.930000,132.940000
1051707780,132.950000,132.970000,132.950000,132.960000
1051707840,132.970000,132.990000,132.960000,132.990000
1051707900,132.980000,133.010000,132.970000,132.980000
1051707960,132.970000,133.000000,132.970000,132.990000
1051708020,133.000000,133.020000,133.000000,133.020000
1051708080,133.010000,133.010000,132.990000,133.010000
1051708140,133.000000,133.010000,132.980000,132.990000
1051708200,132.970000,132.990000,132.950000,132.990000
1051708260,133.000000,133.020000,132.990000,133.010000
1051708320,133.020000,133.020000,132.990000,133.000000
1051708380,133.010000,133.020000,133.000000,133.020000
1051708440,133.040000,133.040000,133.020000,133.040000
1051708500,133.030000,133.070000,133.020000,133.060000
1051708560,133.040000,133.060000,133.020000,133.040000
1051708620,133.020000,133.040000,133.020000,133.040000
1051708680,133.030000,133.030000,133.020000,133.020000
1051708800,133.040000,133.040000,133.020000,133.040000
1051708860,133.060000,133.070000,133.040000,133.070000
1051708920,133.080000,133.090000,133.070000,133.080000
1051708980,133.070000,133.100000,133.070000,133.090000
1051709040,133.100000,133.100000,133.070000,133.080000
1051709100,133.090000,133.110000,133.080000,133.080000
1051709160,133.090000,133.100000,133.080000,133.100000
1051709220,133.090000,133.100000,133.080000,133.080000
1051709280,133.100000,133.100000,133.080000,133.080000
1051709340,133.070000,133.100000,133.070000,133.100000
1051709400,133.090000,133.110000,133.080000,133.100000
1051709460,133.110000,133.140000,133.100000,133.130000
1051709520,133.120000,133.160000,133.110000,133.140000
1051709580,133.130000,133.170000,133.130000,133.170000
1051709640,133.160000,133.170000,133.130000,133.140000
1051709700,133.150000,133.170000,133.140000,133.160000
1051709760,133.150000,133.160000,133.140000,133.150000
1051709820,133.140000,133.180000,133.140000,133.170000
1051709880,133.160000,133.170000,133.140000,133.140000
1051709940,133.130000,133.140000,133.130000,133.140000
1051710000,133.130000,133.130000,133.110000,133.130000
1051710060,133.110000,133.130000,133.080000,133.080000
1051710120,133.070000,133.100000,133.040000,133.040000
1051710180,133.050000,133.070000,133.020000,133.030000
1051710240,133.020000,133.070000,133.020000,133.040000
1051710300,133.060000,133.070000,133.040000,133.040000
1051710360,133.060000,133.080000,133.040000,133.080000
1051710420,133.070000,133.110000,133.070000,133.080000
1051710480,133.100000,133.110000,133.080000,133.100000
1051710540,133.080000,133.100000,133.070000,133.100000
1051710600,133.110000,133.110000,133.070000,133.080000
1051710660,133.090000,133.110000,133.070000,133.080000
1051710720,133.070000,133.080000,133.070000,133.070000
1051710780,133.080000,133.100000,133.070000,133.090000
1051710840,133.100000,133.100000,133.070000,133.080000
1051710900,133.070000,133.080000,133.070000,133.080000
1051710960,133.100000,133.110000,133.080000,133.100000
1051711020,133.090000,133.110000,133.080000,133.110000
1051711080,133.100000,133.100000,133.040000,133.040000
1051711140,133.060000,133.060000,133.040000,133.040000
1051711200,133.050000,133.130000,133.040000,133.130000
1051711260,133.150000,133.160000,133.090000,133.130000
1051711320,133.140000,133.160000,133.090000,133.120000
1051711380,133.110000,133.130000,133.090000,133.130000
1051711440,133.120000,133.180000,133.110000,133.130000
1051711500,133.120000,133.180000,133.110000,133.180000
1051711560,133.200000,133.230000,133.180000,133.200000
1051711620,133.180000,133.240000,133.180000,133.220000
1051711680,133.210000,133.240000,133.200000,133.210000
1051711740,133.220000,133.240000,133.180000,133.180000
1051711800,133.170000,133.190000,133.120000,133.130000
1051711860,133.110000,133.140000,133.100000,133.140000
1051711920,133.130000,133.140000,133.130000,133.140000
1051711980,133.130000,133.150000,133.130000,133.140000
1051712040,133.130000,133.160000,133.130000,133.160000
1051712100,133.170000,133.190000,133.150000,133.180000
1051712160,133.170000,133.180000,133.160000,133.170000
1051712220,133.160000,133.180000,133.160000,133.180000
1051712280,133.170000,133.180000,133.160000,133.180000
1051712340,133.190000,133.230000,133.180000,133.210000
1051712400,133.200000,133.220000,133.180000,133.190000
1051712460,133.200000,133.200000,133.180000,133.180000
1051712520,133.190000,133.220000,133.180000,133.210000
1051712580,133.220000,133.230000,133.190000,133.230000
1051712640,133.240000,133.250000,133.230000,133.250000
1051712700,133.240000,133.250000,133.200000,133.200000
1051712760,133.210000,133.240000,133.200000,133.220000
1051712820,133.230000,133.240000,133.160000,133.160000
1051712880,133.150000,133.150000,133.130000,133.140000
1051712940,133.150000,133.170000,133.140000,133.150000
1051713000,133.160000,133.210000,133.160000,133.200000
1051713060,133.190000,133.250000,133.180000,133.240000
1051713120,133.230000,133.300000,133.230000,133.260000
1051713180,133.270000,133.270000,133.240000,133.250000
1051713240,133.260000,133.260000,133.230000,133.250000
1051713300,133.260000,133.260000,133.220000,133.220000
1051713360,133.230000,133.230000,133.210000,133.210000
1051713420,133.220000,133.250000,133.210000,133.240000
1051713480,133.230000,133.240000,133.200000,133.220000
1051713540,133.210000,133.220000,133.200000,133.200000
1051713600,133.180000,133.210000,133.180000,133.190000
1051713660,133.200000,133.210000,133.180000,133.200000
1051713720,133.210000,133.210000,133.190000,133.210000
1051713780,133.200000,133.220000,133.190000,133.210000
1051713840,133.220000,133.240000,133.190000,133.210000
1051713900,133.220000,133.240000,133.210000,133.220000
1051713960,133.210000,133.230000,133.180000,133.190000
1051714020,133.200000,133.220000,133.170000,133.180000
1051714080,133.190000,133.190000,133.140000,133.160000
1051714140,133.150000,133.170000,133.110000,133.140000
1051714200,133.150000,133.160000,133.130000,133.140000
1051714260,133.150000,133.170000,133.140000,133.170000
1051714320,133.180000,133.190000,133.160000,133.170000
1051714380,133.180000,133.270000,133.170000,133.250000
1051714440,133.240000,133.290000,133.240000,133.260000
1051714500,133.270000,133.270000,133.240000,133.250000
1051714560,133.240000,133.270000,133.210000,133.210000
1051714620,133.220000,133.230000,133.110000,133.110000
1051714680,133.120000,133.160000,133.110000,133.130000
1051714740,133.140000,133.140000,133.040000,133.040000
1051714800,133.060000,133.110000,132.990000,133.040000
1051714860,133.020000,133.060000,133.020000,133.020000
1051714920,133.030000,133.070000,133.020000,133.070000
1051714980,133.060000,133.130000,133.040000,133.130000
1051715040,133.120000,133.160000,133.120000,133.150000
1051715100,133.160000,133.170000,133.120000,133.160000
1051715160,133.170000,133.200000,133.160000,133.180000
1051715220,133.190000,133.240000,133.180000,133.230000
1051715280,133.210000,133.240000,133.180000,133.210000
1051715340,133.220000,133.220000,133.190000,133.190000
1051715400,133.200000,133.240000,133.190000,133.220000
1051715460,133.230000,133.240000,133.210000,133.240000
1051715520,133.230000,133.240000,133.210000,133.210000
1051715580,133.220000,133.240000,133.190000,133.210000
1051715640,133.200000,133.210000,133.180000,133.190000
1051715700,133.200000,133.220000,133.200000,133.220000
1051715760,133.210000,133.270000,133.210000,133.240000
1051715820,133.250000,133.250000,133.230000,133.230000
1051715880,133.240000,133.240000,133.210000,133.220000
1051715940,133.210000,133.220000,133.190000,133.210000
1051716000,133.220000,133.220000,133.200000,133.220000
1051716060,133.230000,133.230000,133.210000,133.210000
1051716120,133.220000,133.220000,133.210000,133.220000
1051716180,133.210000,133.240000,133.210000,133.210000
1051716240,133.220000,133.240000,133.210000,133.230000
1051716300,133.220000,133.230000,133.210000,133.210000
1051716360,133.220000,133.230000,133.210000,133.220000
1051716420,133.210000,133.220000,133.200000,133.200000
1051716480,133.210000,133.220000,133.190000,133.210000
1051716540,133.200000,133.200000,133.170000,133.180000
1051716600,133.200000,133.210000,133.170000,133.200000
1051716660,133.210000,133.230000,133.190000,133.210000
1051716720,133.200000,133.230000,133.190000,133.220000
1051716780,133.230000,133.230000,133.210000,133.220000
1051716840,133.210000,133.220000,133.180000,133.190000
1051716900,133.180000,133.200000,133.180000,133.180000
1051716960,133.210000,133.230000,133.180000,133.200000
1051717020,133.210000,133.230000,133.200000,133.220000
1051717080,133.210000,133.240000,133.170000,133.230000
1051717140,133.220000,133.240000,133.210000,133.240000
1051717200,133.230000,133.270000,133.230000,133.250000
1051717260,133.260000,133.290000,133.230000,133.290000
1051717320,133.270000,133.290000,133.240000,133.290000
1051717380,133.270000,133.340000,133.270000,133.320000
1051717440,133.310000,133.330000,133.290000,133.310000
1051717500,133.290000,133.320000,133.280000,133.310000
1051717560,133.300000,133.310000,133.280000,133.280000
1051717620,133.270000,133.280000,133.260000,133.270000
1051717680,133.260000,133.270000,133.230000,133.230000
1051717740,133.240000,133.240000,133.170000,133.220000
1051717800,133.210000,133.230000,133.150000,133.160000
1051717860,133.170000,133.190000,133.130000,133.160000
1051717920,133.170000,133.200000,133.150000,133.160000
1051717980,133.150000,133.170000,133.120000,133.130000
1051718040,133.120000,133.150000,133.100000,133.150000
1051718100,133.140000,133.150000,133.110000,133.120000
1051718160,133.110000,133.130000,133.080000,133.100000
1051718220,133.090000,133.120000,133.070000,133.090000
1051718280,133.100000,133.100000,133.080000,133.080000
1051718340,133.090000,133.130000,133.070000,133.120000
1051718400,133.110000,133.160000,133.090000,133.150000
1051718460,133.140000,133.170000,133.140000,133.160000
1051718520,133.170000,133.220000,133.160000,133.180000
1051718580,133.170000,133.210000,133.170000,133.200000
1051718640,133.190000,133.230000,133.180000,133.210000
1051718700,133.220000,133.220000,133.170000,133.170000
1051718760,133.160000,133.190000,133.150000,133.170000
1051718820,133.180000,133.180000,133.150000,133.150000
1051718880,133.160000,133.170000,133.130000,133.140000
1051718940,133.130000,133.160000,133.110000,133.150000
1051719000,133.130000,133.160000,133.130000,133.160000
1051719060,133.150000,133.200000,133.130000,133.160000
1051719120,133.150000,133.160000,133.120000,133.120000
1051719180,133.140000,133.180000,133.120000,133.170000
1051719240,133.180000,133.190000,133.150000,133.170000
1051719300,133.180000,133.180000,133.140000,133.150000
1051719360,133.140000,133.170000,133.120000,133.120000
1051719420,133.110000,133.140000,133.050000,133.140000
1051719480,133.130000,133.150000,133.120000,133.120000
1051719540,133.110000,133.130000,133.100000,133.130000
1051719600,133.140000,133.160000,133.130000,133.140000
1051719660,133.150000,133.160000,133.120000,133.160000
1051719720,133.170000,133.190000,133.150000,133.190000
1051719780,133.180000,133.190000,133.170000,133.170000
1051719840,133.160000,133.180000,133.160000,133.180000
1051719900,133.190000,133.190000,133.160000,133.170000
1051719960,133.160000,133.180000,133.150000,133.170000
1051720020,133.160000,133.170000,133.110000,133.140000
1051720080,133.150000,133.150000,133.090000,133.110000
1051720140,133.120000,133.120000,133.090000,133.090000
1051720200,133.080000,133.120000,133.080000,133.110000
1051720260,133.120000,133.120000,133.090000,133.110000
1051720320,133.120000,133.150000,133.120000,133.140000
1051720380,133.150000,133.230000,133.150000,133.210000
1051720440,133.200000,133.240000,133.190000,133.190000
1051720500,133.180000,133.200000,133.180000,133.180000
1051720560,133.190000,133.190000,133.170000,133.190000
1051720620,133.180000,133.190000,133.170000,133.180000
1051720680,133.170000,133.180000,133.170000,133.180000
1051720740,133.190000,133.220000,133.190000,133.220000
1051720860,133.210000,133.230000,133.200000,133.220000
1051720920,133.230000,133.250000,133.220000,133.250000
1051720980,133.240000,133.260000,133.230000,133.250000
1051721040,133.260000,133.260000,133.230000,133.250000
1051721100,133.240000,133.250000,133.220000,133.240000
1051721160,133.220000,133.250000,133.220000,133.250000
1051721220,133.240000,133.260000,133.240000,133.250000
1051721280,133.240000,133.260000,133.240000,133.260000
1051721340,133.250000,133.280000,133.250000,133.270000
1051721400,133.280000,133.280000,133.250000,133.260000
1051721460,133.250000,133.260000,133.230000,133.230000
1051721520,133.240000,133.260000,133.230000,133.240000
1051721580,133.230000,133.260000,133.230000,133.260000
1051721640,133.250000,133.250000,133.250000,133.250000
1051721700,133.230000,133.250000,133.230000,133.230000
1051721760,133.240000,133.250000,133.230000,133.250000
1051721820,133.260000,133.260000,133.220000,133.220000
1051721880,133.200000,133.220000,133.190000,133.200000
1051721940,133.190000,133.200000,133.170000,133.180000
1051722000,133.170000,133.210000,133.170000,133.200000
1051722060,133.190000,133.200000,133.190000,133.190000
1051722120,133.200000,133.210000,133.170000,133.170000
1051722180,133.180000,133.180000,133.170000,133.170000
1051722240,133.160000,133.160000,133.160000,133.160000
1051722420,133.150000,133.170000,133.150000,133.150000
1051722480,133.160000,133.170000,133.150000,133.170000
1051722540,133.160000,133.160000,133.160000,133.160000
1051722600,133.150000,133.170000,133.150000,133.170000
1051722660,133.180000,133.190000,133.170000,133.190000
1051722720,133.200000,133.200000,133.180000,133.190000
1051722780,133.180000,133.200000,133.180000,133.190000
1051722840,133.200000,133.200000,133.180000,133.180000
1051722900,133.190000,133.210000,133.180000,133.180000
1051722960,133.190000,133.190000,133.180000,133.180000
1051723020,133.170000,133.180000,133.150000,133.160000
1051723080,133.150000,133.170000,133.140000,133.150000
1051723140,133.160000,133.180000,133.160000,133.160000
1051723200,133.170000,133.180000,133.170000,133.180000
1051723260,133.170000,133.180000,133.160000,133.160000
1051723320,133.170000,133.180000,133.150000,133.150000
1051723380,133.140000,133.140000,133.140000,133.140000
1051723440,133.130000,133.150000,133.120000,133.130000
1051723500,133.120000,133.130000,133.100000,133.110000
1051723560,133.120000,133.140000,133.120000,133.120000
1051723620,133.130000,133.130000,133.120000,133.120000
1051723680,133.110000,133.120000,133.110000,133.120000
1051723740,133.110000,133.120000,133.110000,133.120000
1051723800,133.110000,133.140000,133.110000,133.140000
1051723860,133.130000,133.140000,133.120000,133.130000
1051723920,133.140000,133.140000,133.110000,133.120000
1051723980,133.130000,133.130000,133.110000,133.130000
1051724040,133.120000,133.130000,133.120000,133.130000
1051724100,133.120000,133.130000,133.120000,133.130000
1051724160,133.140000,133.150000,133.130000,133.130000
1051724220,133.140000,133.140000,133.130000,133.140000
1051724280,133.150000,133.150000,133.130000,133.140000
1051724340,133.150000,133.160000,133.120000,133.130000
1051724400,133.140000,133.140000,133.120000,133.130000
1051724460,133.120000,133.120000,133.110000,133.110000
1051724520,133.100000,133.110000,133.080000,133.080000
1051724580,133.070000,133.080000,133.020000,133.020000
1051724640,133.040000,133.040000,133.020000,133.040000
1051724700,133.030000,133.040000,132.960000,132.960000
1051724760,132.970000,133.000000,132.970000,132.990000
1051724820,132.980000,132.990000,132.930000,132.950000
1051724880,132.930000,132.970000,132.920000,132.940000
1051724940,132.920000,132.970000,132.920000,132.940000
1051725000,132.930000,132.960000,132.930000,132.950000
1051725060,132.960000,132.970000,132.950000,132.970000
1051725120,132.960000,132.960000,132.910000,132.940000
1051725180,132.920000,132.940000,132.920000,132.940000
1051725240,132.930000,132.950000,132.930000,132.940000
1051725300,132.950000,132.950000,132.920000,132.930000
1051725360,132.920000,132.990000,132.920000,132.980000
1051725420,132.970000,132.970000,132.600000,132.600000
1051725480,132.620000,132.670000,132.570000,132.600000
1051725540,132.580000,132.650000,132.580000,132.630000
1051725600,132.640000,132.670000,132.620000,132.640000
1051725660,132.650000,132.670000,132.630000,132.640000
1051725720,132.630000,132.640000,132.560000,132.560000
1051725780,132.570000,132.640000,132.560000,132.610000
1051725840,132.620000,132.640000,132.600000,132.630000
1051725900,132.640000,132.650000,132.620000,132.630000
1051725960,132.640000,132.660000,132.630000,132.640000
1051726020,132.630000,132.660000,132.620000,132.650000
1051726080,132.670000,132.670000,132.610000,132.620000
1051726140,132.630000,132.630000,132.610000,132.630000
1051726200,132.640000,132.670000,132.620000,132.650000
1051726260,132.660000,132.710000,132.660000,132.710000
1051726320,132.700000,132.750000,132.690000,132.730000
1051726380,132.720000,132.730000,132.690000,132.700000
1051726440,132.710000,132.740000,132.710000,132.720000
1051726500,132.730000,132.760000,132.730000,132.750000
1051726560,132.760000,132.770000,132.750000,132.770000
1051726620,132.760000,132.790000,132.750000,132.780000
1051726680,132.800000,132.800000,132.770000,132.770000
1051726740,132.760000,132.770000,132.750000,132.750000
1051726800,132.760000,132.780000,132.750000,132.760000
1051726860,132.770000,132.800000,132.760000,132.780000
1051726920,132.770000,132.780000,132.750000,132.770000
1051726980,132.760000,132.770000,132.740000,132.760000
1051727040,132.770000,132.830000,132.760000,132.810000
1051727100,132.820000,132.840000,132.790000,132.820000
1051727160,132.810000,132.840000,132.810000,132.820000
1051727220,132.840000,132.850000,132.810000,132.850000
1051727280,132.860000,132.870000,132.840000,132.850000
1051727340,132.840000,132.850000,132.810000,132.820000
1051727400,132.810000,132.830000,132.810000,132.810000
1051727460,132.820000,132.830000,132.810000,132.810000
1051727520,132.800000,132.810000,132.780000,132.810000
1051727580,132.820000,132.850000,132.820000,132.820000
1051727640,132.830000,132.860000,132.830000,132.830000
1051727700,132.840000,132.860000,132.840000,132.850000
1051727760,132.860000,132.870000,132.840000,132.840000
1051727820,132.830000,132.840000,132.810000,132.810000
1051727880,132.820000,132.820000,132.780000,132.820000
1051727940,132.840000,132.850000,132.810000,132.810000
1051728000,132.820000,132.820000,132.780000,132.790000
1051728060,132.780000,132.810000,132.780000,132.810000
1051728120,132.800000,132.840000,132.800000,132.820000
1051728180,132.830000,132.830000,132.810000,132.820000
1051728240,132.810000,132.820000,132.810000,132.810000
1051728300,132.820000,132.840000,132.810000,132.830000
1051728360,132.820000,132.860000,132.820000,132.820000
1051728420,132.810000,132.820000,132.790000,132.810000
1051728480,132.820000,132.820000,132.810000,132.810000
1051728540,132.820000,132.820000,132.810000,132.810000
1051728600,132.820000,132.820000,132.810000,132.810000
1051728660,132.820000,132.820000,132.810000,132.810000
1051728720,132.800000,132.810000,132.780000,132.780000
1051728780,132.790000,132.820000,132.780000,132.800000
1051728840,132.810000,132.820000,132.780000,132.810000
1051728900,132.790000,132.850000,132.780000,132.840000
1051728960,132.830000,132.860000,132.810000,132.850000
1051729020,132.860000,132.860000,132.850000,132.850000
1051729080,132.840000,132.850000,132.830000,132.850000
1051729140,132.860000,132.920000,132.860000,132.920000
1051729200,132.910000,132.920000,132.890000,132.910000
1051729260,132.900000,132.920000,132.900000,132.910000
1051729320,132.900000,132.910000,132.890000,132.890000
1051729380,132.900000,132.900000,132.870000,132.880000
1051729440,132.870000,132.880000,132.850000,132.850000
1051729500,132.860000,132.880000,132.860000,132.880000
1051729620,132.890000,132.900000,132.880000,132.900000
1051729860,132.910000,132.920000,132.910000,132.920000
1051729920,132.910000,132.920000,132.900000,132.910000
1051729980,132.900000,132.910000,132.900000,132.900000
1051730040,132.910000,132.910000,132.900000,132.900000
1051730100,132.910000,132.910000,132.890000,132.910000
1051730160,132.900000,132.900000,132.880000,132.880000
1051730220,132.890000,132.900000,132.880000,132.880000
1051730280,132.890000,132.910000,132.890000,132.910000
1051730340,132.900000,132.900000,132.900000,132.900000
1051730400,132.890000,132.890000,132.880000,132.890000
1051730460,132.880000,132.880000,132.860000,132.880000
1051730520,132.870000,132.890000,132.870000,132.880000
1051730580,132.890000,132.900000,132.890000,132.900000
1051730640,132.890000,132.900000,132.880000,132.900000
1051730700,132.890000,132.900000,132.880000,132.900000
1051730760,132.910000,132.930000,132.910000,132.920000
1051730820,132.910000,132.920000,132.910000,132.920000
1051730880,132.910000,132.930000,132.910000,132.920000
1051730940,132.910000,132.920000,132.890000,132.910000
1051731000,132.900000,132.950000,132.900000,132.950000
1051731060,132.940000,132.950000,132.900000,132.920000
1051731120,132.910000,132.930000,132.900000,132.920000
1051731180,132.930000,132.950000,132.920000,132.920000
1051731240,132.910000,132.920000,132.910000,132.920000
1051731300,132.910000,132.920000,132.910000,132.920000
1051731360,132.900000,132.900000,132.880000,132.880000
1051731420,132.890000,132.890000,132.870000,132.890000
1051731480,132.880000,132.880000,132.870000,132.880000
1051731600,132.890000,132.900000,132.870000,132.870000
1051731660,132.880000,132.880000,132.870000,132.870000
1051731720,132.860000,132.890000,132.860000,132.890000
1051731780,132.880000,132.910000,132.880000,132.900000
1051731840,132.890000,132.900000,132.880000,132.880000
1051731900,132.890000,132.900000,132.880000,132.890000
1051731960,132.900000,132.920000,132.900000,132.900000
1051732020,132.910000,132.920000,132.900000,132.910000
1051732080,132.920000,132.950000,132.920000,132.920000
1051732200,132.930000,132.930000,132.920000,132.920000
1051732260,132.910000,132.930000,132.910000,132.920000
1051732320,132.930000,132.940000,132.920000,132.920000
1051732380,132.900000,132.940000,132.890000,132.910000
1051732440,132.900000,132.920000,132.880000,132.910000
1051732500,132.920000,132.920000,132.910000,132.920000
1051732560,132.930000,132.950000,132.920000,132.940000
1051732620,132.930000,132.930000,132.920000,132.930000
1051732680,132.940000,132.950000,132.900000,132.900000
1051732740,132.910000,132.920000,132.900000,132.910000
1051732800,132.920000,132.930000,132.920000,132.930000
1051732860,132.920000,132.930000,132.920000,132.920000
1051732920,132.910000,132.910000,132.910000,132.910000
1051732980,132.920000,132.920000,132.900000,132.900000
1051733040,132.920000,132.920000,132.890000,132.900000
1051733100,132.910000,132.950000,132.910000,132.930000
1051733160,132.940000,132.960000,132.920000,132.960000
1051733220,132.950000,132.960000,132.930000,132.950000
1051733280,132.960000,132.970000,132.950000,132.970000
1051733340,132.980000,132.980000,132.960000,132.980000
1051733400,132.970000,132.990000,132.970000,132.970000
1051733460,132.980000,132.980000,132.960000,132.960000
1051733520,132.970000,132.990000,132.970000,132.980000
1051733580,132.990000,133.000000,132.980000,132.980000
1051733640,132.990000,133.000000,132.980000,132.990000
1051733700,133.000000,133.000000,132.960000,132.970000
1051733760,132.960000,132.980000,132.950000,132.970000
1051733820,132.980000,132.980000,132.960000,132.960000
1051733880,132.970000,133.000000,132.970000,133.000000
1051733940,132.990000,132.990000,132.980000,132.990000
1051734000,132.980000,132.990000,132.980000,132.990000
1051734060,132.980000,132.990000,132.980000,132.980000
1051734120,132.990000,133.000000,132.990000,133.000000
1051734180,132.990000,132.990000,132.980000,132.990000
1051734240,132.980000,132.990000,132.980000,132.980000
1051734420,132.970000,132.980000,132.970000,132.970000
1051734540,132.980000,132.980000,132.940000,132.940000
1051734600,132.950000,132.950000,132.950000,132.950000
1051734660,132.960000,132.970000,132.920000,132.920000
1051734720,132.930000,132.960000,132.920000,132.960000
1051734780,132.950000,132.960000,132.950000,132.950000
1051734840,132.960000,132.960000,132.950000,132.950000
1051734900,132.960000,132.970000,132.950000,132.970000
1051734960,132.960000,132.960000,132.950000,132.950000
1051735020,132.960000,132.970000,132.950000,132.970000
1051735080,132.960000,132.980000,132.950000,132.980000
1051735140,132.990000,132.990000,132.980000,132.990000
1051735200,132.980000,133.010000,132.980000,133.010000
1051735260,133.000000,133.010000,132.930000,132.930000
1051735320,132.940000,132.970000,132.920000,132.950000
1051735380,132.940000,132.970000,132.940000,132.960000
1051735440,132.950000,132.960000,132.920000,132.930000
1051735500,132.940000,132.950000,132.940000,132.950000
1051735560,132.940000,132.950000,132.920000,132.940000
1051735680,132.950000,132.950000,132.940000,132.950000
1051735740,132.940000,132.950000,132.940000,132.950000
1051735800,132.960000,132.960000,132.940000,132.950000
1051735860,132.940000,132.960000,132.940000,132.950000
1051735920,132.960000,132.960000,132.950000,132.960000
1051735980,132.950000,132.950000,132.950000,132.950000
1051736040,132.960000,132.960000,132.940000,132.940000
1051736100,132.930000,132.940000,132.930000,132.930000
1051736160,132.940000,132.940000,132.920000,132.930000
1051736220,132.920000,132.930000,132.920000,132.920000
1051736280,132.930000,132.940000,132.920000,132.930000
1051736340,132.940000,132.960000,132.940000,132.960000
1051739280,132.970000,132.990000,132.960000,132.980000
1051739340,132.990000,132.990000,132.990000,132.990000
1051739400,132.980000,132.980000,132.970000,132.970000
1051739520,132.960000,132.970000,132.960000,132.970000
1051739700,132.980000,132.980000,132.960000,132.970000
1051739760,132.960000,132.970000,132.960000,132.970000
1051739820,132.960000,132.960000,132.960000,132.960000
1051739880,132.970000,133.000000,132.970000,133.000000
1051739940,132.990000,133.000000,132.970000,132.990000
1051740060,132.980000,132.990000,132.980000,132.980000
1051740180,132.970000,132.980000,132.960000,132.970000
1051740240,132.960000,132.970000,132.950000,132.960000
1051740300,132.970000,132.990000,132.940000,132.940000
1051740360,132.950000,132.950000,132.900000,132.920000
1051740420,132.930000,132.980000,132.920000,132.960000
1051740480,132.950000,132.960000,132.930000,132.960000
1051740540,132.950000,132.950000,132.930000,132.950000
1051740600,132.930000,132.930000,132.930000,132.930000
1051740660,132.920000,132.920000,132.880000,132.880000
1051740720,132.890000,132.920000,132.870000,132.880000
1051740780,132.870000,132.880000,132.870000,132.880000
1051740840,132.870000,132.890000,132.860000,132.890000
1051740900,132.900000,132.920000,132.900000,132.910000
1051740960,132.920000,132.920000,132.910000,132.910000
1051741020,132.920000,132.920000,132.910000,132.910000
1051741080,132.920000,132.920000,132.910000,132.920000
1051741140,132.910000,132.920000,132.890000,132.890000
1051741200,132.900000,132.910000,132.900000,132.910000
1051741260,132.900000,132.920000,132.900000,132.920000
1051741320,132.910000,132.920000,132.910000,132.920000
1051741560,132.910000,132.920000,132.910000,132.920000
1051741740,132.910000,132.920000,132.900000,132.900000
1051741800,132.890000,132.890000,132.890000,132.890000
1051741860,132.900000,132.910000,132.890000,132.910000
1051741920,132.920000,132.920000,132.910000,132.920000
1051742040,132.910000,132.910000,132.890000,132.890000
1051742100,132.900000,132.910000,132.860000,132.900000
1051742160,132.890000,132.920000,132.890000,132.910000
1051742220,132.900000,132.950000,132.900000,132.950000
1051742280,132.930000,132.930000,132.900000,132.930000
1051742340,132.920000,132.920000,132.900000,132.900000
1051742400,132.910000,132.910000,132.910000,132.910000
1051742460,132.920000,132.920000,132.920000,132.920000
1051742520,132.910000,132.930000,132.910000,132.920000
1051742580,132.910000,132.920000,132.900000,132.920000
1051742640,132.930000,132.950000,132.910000,132.920000
1051742700,132.930000,132.950000,132.890000,132.890000
1051742760,132.880000,132.880000,132.840000,132.860000
1051742820,132.850000,132.870000,132.850000,132.850000
1051742880,132.860000,132.860000,132.820000,132.820000
1051742940,132.830000,132.870000,132.830000,132.850000
1051743000,132.840000,132.870000,132.840000,132.870000
1051743060,132.860000,132.870000,132.860000,132.860000
1051743120,132.850000,132.860000,132.850000,132.860000
1051743180,132.850000,132.850000,132.830000,132.840000
1051743240,132.850000,132.860000,132.830000,132.850000
1051743300,132.840000,132.870000,132.820000,132.840000
1051743360,132.830000,132.840000,132.820000,132.830000
1051743420,132.840000,132.840000,132.800000,132.810000
1051743480,132.800000,132.810000,132.780000,132.780000
1051743600,132.790000,132.810000,132.780000,132.800000
1051743660,132.810000,132.820000,132.780000,132.810000
1051743720,132.800000,132.820000,132.780000,132.820000
1051743780,132.810000,132.810000,132.810000,132.810000
1051743840,132.820000,132.820000,132.820000,132.820000
1051743900,132.810000,132.810000,132.790000,132.790000
1051743960,132.780000,132.810000,132.780000,132.810000
1051744020,132.820000,132.850000,132.810000,132.820000
1051744080,132.830000,132.860000,132.810000,132.830000
1051744140,132.840000,132.860000,132.830000,132.840000
1051744200,132.850000,132.870000,132.830000,132.850000
1051744260,132.840000,132.860000,132.830000,132.850000
1051744320,132.840000,132.860000,132.840000,132.850000
1051744380,132.840000,132.870000,132.840000,132.860000
1051744440,132.870000,132.870000,132.870000,132.870000
1051744500,132.880000,132.880000,132.870000,132.870000
1051744620,132.860000,132.860000,132.840000,132.840000
1051744680,132.830000,132.840000,132.820000,132.840000
1051744740,132.830000,132.830000,132.820000,132.820000
1051744800,132.800000,132.800000,132.800000,132.800000
1051744860,132.810000,132.830000,132.740000,132.760000
1051744920,132.750000,132.760000,132.740000,132.750000
1051744980,132.740000,132.750000,132.740000,132.750000
1051745100,132.760000,132.780000,132.760000,132.760000
1051745160,132.770000,132.780000,132.760000,132.780000
1051745220,132.770000,132.780000,132.770000,132.780000
1051745280,132.770000,132.770000,132.770000,132.770000
1051745340,132.780000,132.780000,132.770000,132.770000
1051745460,132.780000,132.780000,132.780000,132.780000
1051745580,132.790000,132.790000,132.790000,132.790000
1051745640,132.800000,132.820000,132.800000,132.810000
1051745700,132.820000,132.830000,132.800000,132.810000
1051745760,132.820000,132.820000,132.820000,132.820000
1051745880,132.830000,132.870000,132.830000,132.870000
1051745940,132.860000,132.870000,132.850000,132.870000
1051746060,132.860000,132.860000,132.850000,132.850000
1051746120,132.860000,132.880000,132.850000,132.860000
1051746180,132.850000,132.860000,132.840000,132.850000
1051746300,132.840000,132.860000,132.840000,132.850000
1051746360,132.840000,132.850000,132.820000,132.820000
1051746420,132.830000,132.850000,132.830000,132.840000
1051746480,132.830000,132.850000,132.830000,132.840000
1051746540,132.830000,132.850000,132.830000,132.840000
1051746600,132.850000,132.860000,132.820000,132.850000
1051746660,132.840000,132.850000,132.840000,132.840000
1051746840,132.830000,132.860000,132.820000,132.850000
1051746900,132.840000,132.870000,132.840000,132.850000
1051746960,132.860000,132.870000,132.850000,132.860000
1051747020,132.850000,132.860000,132.790000,132.810000
1051747080,132.800000,132.830000,132.800000,132.820000
1051747140,132.810000,132.830000,132.790000,132.800000
1051747200,132.810000,132.820000,132.790000,132.820000
1051747260,132.810000,132.850000,132.810000,132.850000
1051747320,132.840000,132.860000,132.840000,132.840000
1051747380,132.830000,132.860000,132.820000,132.840000
1051747440,132.850000,132.850000,132.820000,132.820000
1051747500,132.830000,132.830000,132.800000,132.810000
1051747560,132.820000,132.850000,132.800000,132.840000
1051747620,132.850000,132.870000,132.850000,132.860000
1051747680,132.870000,132.890000,132.860000,132.880000
1051747740,132.890000,132.910000,132.880000,132.890000
1051747800,132.900000,132.920000,132.890000,132.890000
1051747860,132.900000,132.920000,132.890000,132.910000
1051747920,132.920000,132.940000,132.920000,132.940000
1051747980,132.950000,132.950000,132.930000,132.950000
1051748040,132.940000,132.950000,132.940000,132.950000
1051748100,132.940000,132.960000,132.940000,132.960000
1051748160,132.950000,132.960000,132.920000,132.940000
1051748220,132.950000,132.960000,132.940000,132.960000
1051748280,132.950000,132.950000,132.920000,132.920000
1051748340,132.930000,132.950000,132.920000,132.940000
1051748400,132.950000,132.950000,132.940000,132.950000
1051748460,132.940000,132.970000,132.920000,132.920000
1051748520,132.910000,132.910000,132.890000,132.910000
1051748640,132.920000,132.930000,132.920000,132.920000
1051748700,132.930000,132.970000,132.890000,132.910000
1051748760,132.900000,132.940000,132.900000,132.920000
1051748820,132.930000,132.950000,132.930000,132.940000
1051748880,132.930000,132.940000,132.920000,132.920000
1051748940,132.930000,132.930000,132.920000,132.930000
1051749000,132.920000,132.950000,132.920000,132.930000
1051749060,132.940000,132.960000,132.940000,132.960000
1051749120,132.950000,132.960000,132.940000,132.950000
1051749180,132.940000,132.960000,132.940000,132.940000
1051749240,132.950000,132.970000,132.920000,132.940000
1051749300,132.950000,132.960000,132.930000,132.930000
1051749360,132.920000,132.960000,132.920000,132.960000
1051749420,132.950000,132.950000,132.940000,132.950000
1051749480,132.960000,132.980000,132.940000,132.980000
1051749540,132.970000,132.980000,132.960000,132.970000
1051749600,132.980000,132.980000,132.970000,132.980000
1051749660,132.970000,132.980000,132.970000,132.970000
1051749720,132.980000,132.980000,132.960000,132.970000
1051749780,132.980000,133.000000,132.980000,133.000000
1051749840,132.990000,133.000000,132.970000,132.980000
1051749960,132.990000,132.990000,132.980000,132.980000
1051750020,132.990000,132.990000,132.980000,132.980000
1051750080,132.990000,133.010000,132.990000,133.000000
1051750140,133.010000,133.010000,132.990000,133.010000
1051750200,133.000000,133.010000,133.000000,133.000000
1051750260,133.010000,133.010000,132.990000,133.010000
1051750320,133.000000,133.010000,132.990000,132.990000
1051750380,133.000000,133.000000,132.980000,132.980000
1051750440,132.990000,133.000000,132.950000,132.950000
1051750500,132.960000,132.960000,132.890000,132.920000
1051750560,132.910000,132.920000,132.880000,132.900000
1051750620,132.880000,132.920000,132.880000,132.920000
1051750680,132.890000,132.930000,132.890000,132.930000
1051750740,132.940000,132.950000,132.940000,132.940000
1051750800,132.950000,132.950000,132.920000,132.920000
1051750860,132.930000,132.930000,132.900000,132.900000
1051750920,132.910000,132.930000,132.910000,132.930000
1051750980,132.940000,132.940000,132.910000,132.910000
1051751040,132.920000,132.940000,132.910000,132.920000
1051751160,132.910000,132.910000,132.900000,132.900000
1051751220,132.880000,132.900000,132.880000,132.900000
1051751280,132.890000,132.900000,132.880000,132.880000
1051751340,132.870000,132.870000,132.870000,132.870000
1051751400,132.880000,132.880000,132.880000,132.880000
1051751460,132.870000,132.870000,132.870000,132.870000
1051751520,132.880000,132.880000,132.820000,132.840000
1051751580,132.820000,132.850000,132.820000,132.820000
1051751640,132.830000,132.850000,132.810000,132.810000
1051751700,132.820000,132.830000,132.810000,132.810000
1051751760,132.820000,132.850000,132.810000,132.850000
1051751820,132.840000,132.850000,132.820000,132.820000
1051751880,132.830000,132.830000,132.820000,132.820000
1051751940,132.810000,132.850000,132.810000,132.840000
1051752000,132.850000,132.870000,132.850000,132.870000
1051752060,132.880000,132.880000,132.830000,132.830000
1051752120,132.840000,132.840000,132.810000,132.830000
1051752180,132.820000,132.840000,132.820000,132.840000
1051752240,132.850000,132.850000,132.780000,132.780000
1051752300,132.810000,132.830000,132.800000,132.810000
1051752360,132.820000,132.830000,132.790000,132.790000
1051752420,132.810000,132.820000,132.800000,132.810000
1051752540,132.800000,132.810000,132.780000,132.780000
1051752840,132.810000,132.810000,132.780000,132.810000
1051752900,132.790000,132.790000,132.790000,132.790000
1051752960,132.780000,132.780000,132.780000,132.780000
1051753020,132.800000,132.820000,132.780000,132.780000
1051753140,132.800000,132.800000,132.780000,132.780000
1051753320,132.770000,132.780000,132.760000,132.760000
1051753380,132.780000,132.780000,132.760000,132.770000
1051753440,132.780000,132.800000,132.780000,132.800000
1051753500,132.780000,132.780000,132.760000,132.780000
1051753560,132.770000,132.800000,132.760000,132.780000
1051753620,132.760000,132.780000,132.760000,132.780000
1051753680,132.810000,132.810000,132.780000,132.810000
1051753740,132.780000,132.810000,132.780000,132.810000
1051753800,132.780000,132.780000,132.780000,132.780000
1051753860,132.810000,132.810000,132.800000,132.800000
1051753920,132.810000,132.830000,132.810000,132.830000
1051753980,132.840000,132.850000,132.810000,132.820000
1051754040,132.830000,132.840000,132.810000,132.820000
1051754100,132.850000,132.850000,132.820000,132.840000
1051754160,132.820000,132.840000,132.820000,132.830000
1051754220,132.840000,132.850000,132.820000,132.850000
1051754280,132.840000,132.850000,132.840000,132.850000
1051754340,132.860000,132.880000,132.850000,132.880000
1051754400,132.870000,132.910000,132.850000,132.880000
1051754460,132.890000,132.900000,132.880000,132.900000
1051754520,132.880000,132.900000,132.880000,132.900000
1051754580,132.890000,132.890000,132.890000,132.890000
1051754640,132.900000,132.910000,132.890000,132.890000
1051754700,132.900000,132.900000,132.890000,132.900000
1051754760,132.910000,132.910000,132.900000,132.900000
1051754820,132.890000,132.900000,132.890000,132.900000
1051754940,132.910000,132.910000,132.900000,132.900000
1051755000,132.910000,132.910000,132.910000,132.910000
1051755060,132.920000,132.930000,132.920000,132.920000
1051755120,132.930000,132.930000,132.920000,132.920000
1051755180,132.930000,132.930000,132.920000,132.920000
1051755240,132.930000,132.930000,132.930000,132.930000
1051755300,132.920000,132.930000,132.920000,132.920000
1051755360,132.910000,132.920000,132.910000,132.920000
1051755420,132.910000,132.920000,132.910000,132.920000
1051755480,132.910000,132.930000,132.910000,132.920000
1051755540,132.930000,132.930000,132.910000,132.920000
1051755600,132.910000,132.910000,132.900000,132.910000
1051755660,132.900000,132.910000,132.900000,132.910000
1051755720,132.920000,132.950000,132.920000,132.950000
1051755780,132.940000,132.970000,132.940000,132.960000
1051755840,132.970000,133.000000,132.970000,132.970000
1051755900,132.980000,132.990000,132.970000,132.990000
1051755960,132.980000,133.010000,132.980000,133.000000
1051756020,132.990000,133.000000,132.990000,133.000000
1051756080,132.990000,133.000000,132.980000,132.990000
1051756140,133.000000,133.000000,132.990000,133.000000
1051756200,132.990000,132.990000,132.960000,132.970000
1051756260,132.960000,132.990000,132.960000,132.990000
1051756320,133.000000,133.000000,132.980000,132.980000
1051756380,132.990000,133.000000,132.990000,132.990000
1051756440,132.980000,133.000000,132.980000,132.990000
1051756500,132.980000,132.990000,132.970000,132.970000
1051756560,132.960000,132.970000,132.960000,132.970000
1051756620,132.980000,132.980000,132.970000,132.970000
1051756680,132.980000,132.980000,132.970000,132.970000
1051756740,132.980000,132.980000,132.970000,132.980000
1051756800,132.990000,132.990000,132.970000,132.980000
1051756860,132.990000,132.990000,132.990000,132.990000
1051756920,132.980000,132.990000,132.970000,132.980000
1051756980,132.990000,132.990000,132.980000,132.980000
1051757040,132.970000,132.980000,132.960000,132.980000
1051757160,132.970000,132.970000,132.960000,132.970000
1051757220,132.960000,132.960000,132.950000,132.950000
1051757280,132.960000,132.960000,132.950000,132.960000
1051757400,132.970000,132.970000,132.960000,132.960000
1051757460,132.950000,132.950000,132.950000,132.950000
1051757520,132.960000,132.960000,132.950000,132.950000
1051757580,132.940000,132.940000,132.920000,132.940000
1051757640,132.920000,132.940000,132.920000,132.940000
1051757700,132.950000,132.950000,132.950000,132.950000
1051757760,132.950000,132.960000,132.950000,132.960000
1051757820,132.950000,132.960000,132.950000,132.960000
1051757880,132.950000,132.970000,132.950000,132.970000
1051758060,132.960000,132.970000,132.950000,132.970000
1051758120,132.960000,132.960000,132.950000,132.950000
1051758180,132.960000,132.960000,132.950000,132.950000
1051758360,132.960000,132.970000,132.950000,132.960000
1051758420,132.970000,132.970000,132.960000,132.970000
1051758480,132.960000,132.970000,132.960000,132.970000
1051758540,132.960000,132.970000,132.960000,132.970000
1051758600,132.960000,132.970000,132.960000,132.970000
1051758660,132.980000,132.990000,132.970000,132.980000
1051758780,132.990000,132.990000,132.980000,132.980000
1051758840,132.990000,132.990000,132.980000,132.980000
1051759020,132.990000,132.990000,132.990000,132.990000
1051759080,132.980000,132.990000,132.980000,132.980000
1051759140,132.990000,132.990000,132.980000,132.980000
1051759200,132.990000,132.990000,132.990000,132.990000
1051759260,132.980000,132.990000,132.980000,132.980000
1051759320,132.990000,132.990000,132.950000,132.960000
1051759380,132.970000,132.970000,132.940000,132.950000
1051759440,132.940000,132.950000,132.930000,132.950000
1051759500,132.940000,132.960000,132.930000,132.940000
1051759560,132.930000,132.950000,132.930000,132.930000
1051759620,132.920000,132.920000,132.920000,132.920000
1051759680,132.930000,132.930000,132.910000,132.910000
1051759800,132.900000,132.910000,132.900000,132.910000
1051759860,132.920000,132.920000,132.910000,132.910000
1051759920,132.920000,132.920000,132.910000,132.910000
1051759980,132.900000,132.910000,132.900000,132.900000
1051760040,132.910000,132.910000,132.880000,132.880000
1051760100,132.900000,132.900000,132.900000,132.900000
1051760160,132.890000,132.900000,132.880000,132.880000
1051760220,132.890000,132.900000,132.880000,132.900000
1051760280,132.910000,132.910000,132.900000,132.900000
1051760400,132.910000,132.910000,132.900000,132.910000
1051760460,132.920000,132.930000,132.910000,132.920000
1051760580,132.910000,132.920000,132.910000,132.910000
1051760640,132.920000,132.920000,132.900000,132.910000
1051760700,132.900000,132.910000,132.900000,132.910000
1051760760,132.900000,132.930000,132.900000,132.910000
1051760820,132.920000,132.920000,132.910000,132.910000
1051760940,132.900000,132.910000,132.900000,132.910000
1051761000,132.900000,132.910000,132.900000,132.900000
1051761120,132.880000,132.900000,132.880000,132.900000
1051761180,132.880000,132.880000,132.880000,132.880000
1051761240,132.870000,132.870000,132.870000,132.870000
1051761360,132.880000,132.890000,132.870000,132.880000
1051761540,132.870000,132.880000,132.870000,132.870000
