time,open,high,low,close
1383019200,134.330000,134.330000,134.306000,134.324000
1383019260,134.323000,134.328000,134.314000,134.324000
1383019320,134.325000,134.328000,134.322000,134.323000
1383019380,134.322000,134.323000,134.318000,134.323000
1383019440,134.325000,134.325000,134.321000,134.321000
1383019500,134.322000,134.325000,134.320000,134.321000
1383019560,134.318000,134.328000,134.312000,134.327000
1383019620,134.329000,134.331000,134.327000,134.329000
1383019680,134.327000,134.329000,134.293000,134.295000
1383019740,134.294000,134.296000,134.280000,134.289000
1383019800,134.290000,134.302000,134.284000,134.302000
1383019860,134.301000,134.326000,134.301000,134.324000
1383019920,134.326000,134.330000,134.324000,134.328000
1383019980,134.329000,134.358000,134.328000,134.355000
1383020040,134.356000,134.379000,134.354000,134.375000
1383020100,134.374000,134.381000,134.366000,134.381000
1383020160,134.378000,134.402000,134.376000,134.400000
1383020220,134.398000,134.410000,134.384000,134.393000
1383020280,134.391000,134.411000,134.379000,134.410000
1383020340,134.411000,134.417000,134.404000,134.406000
1383020400,134.405000,134.408000,134.401000,134.401000
1383020460,134.400000,134.419000,134.388000,134.394000
1383020520,134.396000,134.422000,134.391000,134.391000
1383020580,134.393000,134.414000,134.391000,134.408000
1383020640,134.411000,134.413000,134.404000,134.412000
1383020700,134.414000,134.431000,134.409000,134.410000
1383020760,134.409000,134.430000,134.409000,134.416000
1383020820,134.413000,134.421000,134.411000,134.412000
1383020880,134.410000,134.415000,134.400000,134.400000
1383020940,134.399000,134.399000,134.375000,134.398000
1383021000,134.397000,134.398000,134.394000,134.396000
1383021060,134.398000,134.398000,134.388000,134.391000
1383021120,134.389000,134.412000,134.387000,134.389000
1383021180,134.390000,134.392000,134.368000,134.375000
1383021240,134.376000,134.391000,134.376000,134.391000
1383021300,134.388000,134.408000,134.388000,134.397000
1383021360,134.398000,134.411000,134.382000,134.390000
1383021420,134.391000,134.407000,134.388000,134.394000
1383021480,134.395000,134.398000,134.391000,134.393000
1383021540,134.395000,134.405000,134.388000,134.393000
1383021600,134.395000,134.408000,134.378000,134.378000
1383021660,134.381000,134.384000,134.354000,134.354000
1383021720,134.355000,134.379000,134.354000,134.377000
1383021780,134.375000,134.379000,134.362000,134.366000
1383021840,134.365000,134.389000,134.362000,134.385000
1383021900,134.384000,134.394000,134.378000,134.379000
1383021960,134.382000,134.394000,134.382000,134.388000
1383022020,134.390000,134.395000,134.386000,134.394000
1383022080,134.393000,134.394000,134.380000,134.389000
1383022140,134.394000,134.394000,134.376000,134.378000
1383022200,134.377000,134.383000,134.375000,134.383000
1383022260,134.381000,134.388000,134.381000,134.382000
1383022320,134.384000,134.390000,134.371000,134.384000
1383022380,134.385000,134.401000,134.384000,134.401000
1383022440,134.402000,134.402000,134.385000,134.402000
1383022500,134.401000,134.402000,134.385000,134.389000
1383022560,134.388000,134.392000,134.388000,134.392000
1383022620,134.393000,134.394000,134.389000,134.391000
1383022680,134.388000,134.392000,134.383000,134.387000
1383022740,134.386000,134.388000,134.378000,134.380000
1383022800,134.379000,134.379000,134.371000,134.375000
1383022860,134.378000,134.390000,134.374000,134.390000
1383022920,134.388000,134.388000,134.376000,134.382000
1383022980,134.383000,134.385000,134.357000,134.360000
1383023040,134.358000,134.358000,134.315000,134.317000
1383023100,134.318000,134.331000,134.316000,134.330000
1383023160,134.328000,134.331000,134.306000,134.322000
1383023220,134.318000,134.322000,134.306000,134.322000
1383023280,134.321000,134.331000,134.321000,134.324000
1383023340,134.320000,134.335000,134.305000,134.335000
1383023400,134.332000,134.338000,134.328000,134.334000
1383023460,134.335000,134.373000,134.335000,134.359000
1383023520,134.357000,134.370000,134.346000,134.365000
1383023580,134.364000,134.365000,134.352000,134.354000
1383023640,134.358000,134.358000,134.335000,134.343000
1383023700,134.344000,134.351000,134.327000,134.334000
1383023760,134.337000,134.338000,134.321000,134.327000
1383023820,134.328000,134.355000,134.327000,134.346000
1383023880,134.350000,134.358000,134.348000,134.358000
1383023940,134.356000,134.359000,134.348000,134.353000
1383024000,134.345000,134.346000,134.324000,134.326000
1383024060,134.332000,134.340000,134.332000,134.338000
1383024120,134.336000,134.343000,134.331000,134.335000
1383024180,134.337000,134.340000,134.314000,134.315000
1383024240,134.313000,134.350000,134.308000,134.349000
1383024300,134.348000,134.368000,134.347000,134.357000
1383024360,134.355000,134.372000,134.344000,134.372000
1383024420,134.369000,134.371000,134.358000,134.370000
1383024480,134.371000,134.397000,134.368000,134.391000
1383024540,134.393000,134.398000,134.386000,134.387000
1383024600,134.388000,134.401000,134.374000,134.375000
1383024660,134.373000,134.383000,134.361000,134.369000
1383024720,134.370000,134.379000,134.368000,134.372000
1383024780,134.377000,134.378000,134.358000,134.368000
1383024840,134.363000,134.381000,134.362000,134.380000
1383024900,134.378000,134.380000,134.374000,134.376000
1383024960,134.375000,134.378000,134.371000,134.372000
1383025020,134.373000,134.388000,134.373000,134.387000
1383025080,134.386000,134.412000,134.386000,134.412000
1383025140,134.414000,134.414000,134.400000,134.401000
1383025200,134.402000,134.403000,134.389000,134.392000
1383025260,134.391000,134.398000,134.391000,134.396000
1383025320,134.395000,134.437000,134.395000,134.425000
1383025380,134.428000,134.452000,134.428000,134.435000
1383025440,134.436000,134.452000,134.435000,134.452000
1383025500,134.451000,134.460000,134.448000,134.454000
1383025560,134.455000,134.455000,134.416000,134.424000
1383025620,134.428000,134.428000,134.400000,134.400000
1383025680,134.401000,134.416000,134.395000,134.416000
1383025740,134.418000,134.423000,134.418000,134.421000
1383025800,134.420000,134.421000,134.412000,134.415000
1383025860,134.414000,134.422000,134.407000,134.422000
1383025920,134.424000,134.430000,134.394000,134.406000
1383025980,134.407000,134.409000,134.386000,134.395000
1383026040,134.397000,134.402000,134.389000,134.396000
1383026100,134.395000,134.400000,134.376000,134.378000
1383026160,134.380000,134.380000,134.364000,134.365000
1383026220,134.367000,134.388000,134.365000,134.372000
1383026280,134.375000,134.390000,134.375000,134.387000
1383026340,134.385000,134.388000,134.367000,134.370000
1383026400,134.369000,134.369000,134.344000,134.345000
1383026460,134.347000,134.361000,134.341000,134.361000
1383026520,134.358000,134.364000,134.351000,134.357000
1383026580,134.358000,134.360000,134.349000,134.358000
1383026640,134.360000,134.360000,134.347000,134.350000
1383026700,134.351000,134.368000,134.351000,134.368000
1383026760,134.366000,134.373000,134.354000,134.373000
1383026820,134.374000,134.390000,134.374000,134.390000
1383026880,134.388000,134.400000,134.387000,134.398000
1383026940,134.397000,134.403000,134.395000,134.403000
1383027000,134.401000,134.423000,134.401000,134.423000
1383027060,134.425000,134.428000,134.418000,134.420000
1383027120,134.422000,134.438000,134.422000,134.432000
1383027180,134.431000,134.435000,134.428000,134.435000
1383027240,134.438000,134.441000,134.435000,134.438000
1383027300,134.440000,134.459000,134.438000,134.459000
1383027360,134.460000,134.461000,134.457000,134.459000
1383027420,134.458000,134.475000,134.453000,134.474000
1383027480,134.475000,134.479000,134.468000,134.478000
1383027540,134.483000,134.513000,134.483000,134.495000
1383027600,134.498000,134.500000,134.488000,134.500000
1383027660,134.499000,134.504000,134.499000,134.502000
1383027720,134.507000,134.507000,134.488000,134.489000
1383027780,134.490000,134.490000,134.478000,134.480000
1383027840,134.481000,134.487000,134.468000,134.471000
1383027900,134.470000,134.478000,134.461000,134.472000
1383027960,134.478000,134.478000,134.468000,134.469000
1383028020,134.468000,134.470000,134.462000,134.462000
1383028080,134.463000,134.480000,134.462000,134.478000
1383028140,134.476000,134.479000,134.467000,134.467000
1383028200,134.468000,134.471000,134.458000,134.462000
1383028260,134.463000,134.466000,134.463000,134.465000
1383028320,134.468000,134.468000,134.455000,134.460000
1383028380,134.459000,134.470000,134.458000,134.469000
1383028440,134.468000,134.471000,134.448000,134.449000
1383028500,134.450000,134.458000,134.448000,134.457000
1383028560,134.458000,134.463000,134.451000,134.457000
1383028620,134.456000,134.468000,134.456000,134.465000
1383028680,134.463000,134.465000,134.457000,134.457000
1383028740,134.459000,134.461000,134.456000,134.461000
1383028800,134.460000,134.461000,134.430000,134.440000
1383028860,134.439000,134.445000,134.431000,134.434000
1383028920,134.435000,134.438000,134.433000,134.434000
1383028980,134.433000,134.439000,134.432000,134.435000
1383029040,134.436000,134.441000,134.435000,134.439000
1383029100,134.438000,134.441000,134.436000,134.439000
1383029160,134.441000,134.448000,134.441000,134.444000
1383029220,134.448000,134.459000,134.444000,134.455000
1383029280,134.458000,134.463000,134.455000,134.463000
1383029340,134.465000,134.470000,134.447000,134.457000
1383029400,134.459000,134.472000,134.455000,134.468000
1383029460,134.467000,134.470000,134.464000,134.464000
1383029520,134.468000,134.471000,134.464000,134.465000
1383029580,134.467000,134.467000,134.465000,134.466000
1383029640,134.465000,134.471000,134.463000,134.471000
1383029700,134.470000,134.505000,134.468000,134.497000
1383029760,134.498000,134.503000,134.497000,134.503000
1383029820,134.501000,134.508000,134.498000,134.508000
1383029880,134.507000,134.521000,134.507000,134.519000
1383029940,134.518000,134.520000,134.503000,134.506000
1383030000,134.505000,134.509000,134.501000,134.503000
1383030060,134.501000,134.501000,134.488000,134.491000
1383030120,134.488000,134.491000,134.458000,134.473000
1383030180,134.475000,134.475000,134.467000,134.468000
1383030240,134.469000,134.484000,134.467000,134.483000
1383030300,134.485000,134.489000,134.472000,134.479000
1383030360,134.481000,134.492000,134.481000,134.492000
1383030420,134.493000,134.506000,134.493000,134.499000
1383030480,134.498000,134.515000,134.497000,134.503000
1383030540,134.499000,134.499000,134.473000,134.473000
1383030600,134.465000,134.468000,134.443000,134.460000
1383030660,134.465000,134.488000,134.465000,134.484000
1383030720,134.482000,134.485000,134.441000,134.445000
1383030780,134.448000,134.448000,134.435000,134.437000
1383030840,134.438000,134.438000,134.405000,134.420000
1383030900,134.421000,134.422000,134.397000,134.404000
1383030960,134.402000,134.402000,134.396000,134.398000
1383031020,134.396000,134.401000,134.393000,134.401000
1383031080,134.402000,134.410000,134.401000,134.409000
1383031140,134.408000,134.422000,134.402000,134.422000
1383031200,134.424000,134.427000,134.415000,134.416000
1383031260,134.415000,134.416000,134.397000,134.397000
1383031320,134.398000,134.409000,134.378000,134.396000
1383031380,134.398000,134.428000,134.397000,134.414000
1383031440,134.418000,134.428000,134.416000,134.420000
1383031500,134.418000,134.420000,134.402000,134.407000
1383031560,134.408000,134.412000,134.404000,134.411000
1383031620,134.412000,134.413000,134.401000,134.412000
1383031680,134.414000,134.418000,134.405000,134.410000
1383031740,134.411000,134.413000,134.404000,134.410000
1383031800,134.411000,134.425000,134.410000,134.421000
1383031860,134.423000,134.428000,134.417000,134.424000
1383031920,134.425000,134.428000,134.414000,134.416000
1383031980,134.414000,134.434000,134.410000,134.425000
1383032040,134.428000,134.431000,134.418000,134.419000
1383032100,134.421000,134.425000,134.405000,134.413000
1383032160,134.414000,134.431000,134.413000,134.419000
1383032220,134.420000,134.430000,134.413000,134.413000
1383032280,134.414000,134.433000,134.413000,134.430000
1383032340,134.431000,134.438000,134.425000,134.434000
1383032400,134.433000,134.435000,134.413000,134.413000
1383032460,134.417000,134.417000,134.405000,134.414000
1383032520,134.418000,134.418000,134.394000,134.402000
1383032580,134.401000,134.413000,134.401000,134.402000
1383032640,134.401000,134.408000,134.375000,134.380000
1383032700,134.379000,134.379000,134.342000,134.352000
1383032760,134.347000,134.361000,134.345000,134.358000
1383032820,134.359000,134.360000,134.345000,134.345000
1383032880,134.344000,134.346000,134.334000,134.340000
1383032940,134.339000,134.342000,134.321000,134.321000
1383033000,134.320000,134.321000,134.271000,134.274000
1383033060,134.275000,134.288000,134.269000,134.269000
1383033120,134.268000,134.288000,134.268000,134.280000
1383033180,134.282000,134.285000,134.278000,134.281000
1383033240,134.282000,134.285000,134.275000,134.285000
1383033300,134.288000,134.298000,134.282000,134.298000
1383033360,134.296000,134.299000,134.287000,134.289000
1383033420,134.288000,134.309000,134.288000,134.302000
1383033480,134.300000,134.308000,134.294000,134.306000
1383033540,134.304000,134.318000,134.295000,134.295000
1383033600,134.294000,134.333000,134.294000,134.330000
1383033660,134.328000,134.355000,134.324000,134.332000
1383033720,134.331000,134.374000,134.328000,134.362000
1383033780,134.364000,134.408000,134.364000,134.406000
1383033840,134.403000,134.408000,134.374000,134.374000
1383033900,134.372000,134.392000,134.372000,134.382000
1383033960,134.383000,134.391000,134.367000,134.372000
1383034020,134.371000,134.376000,134.351000,134.358000
1383034080,134.357000,134.402000,134.357000,134.402000
1383034140,134.404000,134.414000,134.388000,134.409000
1383034200,134.408000,134.438000,134.408000,134.438000
1383034260,134.441000,134.441000,134.398000,134.420000
1383034320,134.421000,134.424000,134.408000,134.412000
1383034380,134.416000,134.430000,134.416000,134.419000
1383034440,134.416000,134.428000,134.416000,134.418000
1383034500,134.419000,134.433000,134.414000,134.418000
1383034560,134.424000,134.444000,134.405000,134.421000
1383034620,134.422000,134.422000,134.415000,134.421000
1383034680,134.422000,134.439000,134.422000,134.424000
1383034740,134.423000,134.423000,134.393000,134.396000
1383034800,134.395000,134.403000,134.370000,134.370000
1383034860,134.368000,134.371000,134.341000,134.344000
1383034920,134.345000,134.348000,134.322000,134.335000
1383034980,134.333000,134.338000,134.315000,134.324000
1383035040,134.328000,134.348000,134.328000,134.332000
1383035100,134.333000,134.371000,134.333000,134.371000
1383035160,134.370000,134.371000,134.355000,134.356000
1383035220,134.354000,134.354000,134.334000,134.340000
1383035280,134.341000,134.358000,134.340000,134.346000
1383035340,134.345000,134.349000,134.335000,134.340000
1383035400,134.341000,134.375000,134.338000,134.374000
1383035460,134.372000,134.383000,134.366000,134.383000
1383035520,134.384000,134.391000,134.365000,134.372000
1383035580,134.374000,134.388000,134.368000,134.383000
1383035640,134.385000,134.389000,134.371000,134.372000
1383035700,134.373000,134.390000,134.373000,134.381000
1383035760,134.380000,134.382000,134.356000,134.363000
1383035820,134.361000,134.362000,134.348000,134.350000
1383035880,134.349000,134.362000,134.348000,134.359000
1383035940,134.356000,134.378000,134.355000,134.374000
1383036000,134.372000,134.383000,134.364000,134.372000
1383036060,134.370000,134.378000,134.368000,134.373000
1383036120,134.372000,134.382000,134.363000,134.365000
1383036180,134.364000,134.375000,134.362000,134.364000
1383036240,134.368000,134.376000,134.358000,134.376000
1383036300,134.377000,134.388000,134.364000,134.378000
1383036360,134.376000,134.378000,134.349000,134.366000
1383036420,134.365000,134.368000,134.346000,134.355000
1383036480,134.354000,134.382000,134.352000,134.382000
1383036540,134.383000,134.384000,134.375000,134.375000
1383036600,134.379000,134.379000,134.371000,134.375000
1383036660,134.376000,134.378000,134.356000,134.366000
1383036720,134.368000,134.369000,134.353000,134.369000
1383036780,134.370000,134.372000,134.353000,134.359000
1383036840,134.358000,134.369000,134.358000,134.368000
1383036900,134.365000,134.368000,134.354000,134.361000
1383036960,134.363000,134.374000,134.360000,134.369000
1383037020,134.368000,134.381000,134.368000,134.378000
1383037080,134.379000,134.379000,134.307000,134.333000
1383037140,134.332000,134.332000,134.294000,134.321000
1383037200,134.323000,134.328000,134.301000,134.306000
1383037260,134.307000,134.339000,134.307000,134.321000
1383037320,134.322000,134.341000,134.316000,134.331000
1383037380,134.334000,134.334000,134.318000,134.322000
1383037440,134.318000,134.319000,134.305000,134.310000
1383037500,134.309000,134.319000,134.293000,134.296000
1383037560,134.297000,134.310000,134.296000,134.299000
1383037620,134.301000,134.331000,134.301000,134.325000
1383037680,134.326000,134.326000,134.297000,134.304000
1383037740,134.305000,134.308000,134.259000,134.274000
1383037800,134.275000,134.294000,134.262000,134.283000
1383037860,134.280000,134.301000,134.269000,134.297000
1383037920,134.298000,134.307000,134.288000,134.307000
1383037980,134.308000,134.308000,134.276000,134.288000
1383038040,134.286000,134.298000,134.284000,134.297000
1383038100,134.298000,134.321000,134.297000,134.307000
1383038160,134.310000,134.318000,134.290000,134.295000
1383038220,134.294000,134.309000,134.287000,134.308000
1383038280,134.309000,134.317000,134.296000,134.312000
1383038340,134.314000,134.338000,134.314000,134.335000
1383038400,134.338000,134.341000,134.318000,134.320000
1383038460,134.316000,134.321000,134.294000,134.294000
1383038520,134.292000,134.304000,134.285000,134.304000
1383038580,134.301000,134.318000,134.290000,134.301000
1383038640,134.302000,134.314000,134.295000,134.298000
1383038700,134.293000,134.298000,134.271000,134.288000
1383038760,134.287000,134.302000,134.286000,134.299000
1383038820,134.298000,134.309000,134.296000,134.303000
1383038880,134.306000,134.306000,134.270000,134.274000
1383038940,134.278000,134.289000,134.271000,134.283000
1383039000,134.284000,134.298000,134.276000,134.278000
1383039060,134.281000,134.292000,134.279000,134.283000
1383039120,134.284000,134.295000,134.279000,134.295000
1383039180,134.297000,134.312000,134.297000,134.300000
1383039240,134.299000,134.299000,134.261000,134.275000
1383039300,134.279000,134.287000,134.268000,134.281000
1383039360,134.279000,134.288000,134.268000,134.283000
1383039420,134.286000,134.295000,134.264000,134.275000
1383039480,134.274000,134.283000,134.265000,134.283000
1383039540,134.282000,134.286000,134.268000,134.285000
1383039600,134.284000,134.297000,134.281000,134.285000
1383039660,134.284000,134.290000,134.271000,134.271000
1383039720,134.272000,134.279000,134.272000,134.275000
1383039780,134.278000,134.278000,134.257000,134.262000
1383039840,134.261000,134.274000,134.261000,134.272000
1383039900,134.270000,134.272000,134.263000,134.263000
1383039960,134.262000,134.282000,134.262000,134.280000
1383040020,134.282000,134.294000,134.278000,134.293000
1383040080,134.290000,134.308000,134.284000,134.307000
1383040140,134.308000,134.328000,134.301000,134.323000
1383040200,134.322000,134.328000,134.311000,134.318000
1383040260,134.319000,134.330000,134.317000,134.321000
1383040320,134.320000,134.328000,134.312000,134.324000
1383040380,134.323000,134.330000,134.320000,134.328000
1383040440,134.327000,134.339000,134.327000,134.335000
1383040500,134.333000,134.373000,134.333000,134.373000
1383040560,134.374000,134.378000,134.343000,134.361000
1383040620,134.359000,134.364000,134.343000,134.343000
1383040680,134.340000,134.354000,134.338000,134.348000
1383040740,134.350000,134.403000,134.345000,134.397000
1383040800,134.396000,134.402000,134.375000,134.378000
1383040860,134.376000,134.392000,134.361000,134.392000
1383040920,134.390000,134.398000,134.390000,134.396000
1383040980,134.395000,134.398000,134.371000,134.376000
1383041040,134.375000,134.378000,134.356000,134.358000
1383041100,134.360000,134.376000,134.358000,134.375000
1383041160,134.376000,134.388000,134.376000,134.386000
1383041220,134.388000,134.392000,134.384000,134.392000
1383041280,134.393000,134.398000,134.388000,134.397000
1383041340,134.396000,134.408000,134.395000,134.408000
1383041400,134.406000,134.430000,134.406000,134.430000
1383041460,134.431000,134.432000,134.428000,134.430000
1383041520,134.428000,134.430000,134.401000,134.403000
1383041580,134.407000,134.411000,134.402000,134.402000
1383041640,134.403000,134.403000,134.394000,134.403000
1383041700,134.408000,134.448000,134.405000,134.440000
1383041760,134.441000,134.448000,134.428000,134.430000
1383041820,134.429000,134.433000,134.422000,134.428000
1383041880,134.427000,134.438000,134.423000,134.436000
1383041940,134.437000,134.450000,134.427000,134.448000
1383042000,134.441000,134.441000,134.420000,134.424000
1383042060,134.425000,134.446000,134.419000,134.446000
1383042120,134.449000,134.449000,134.418000,134.420000
1383042180,134.419000,134.428000,134.418000,134.426000
1383042240,134.425000,134.428000,134.414000,134.418000
1383042300,134.419000,134.422000,134.414000,134.417000
1383042360,134.418000,134.422000,134.408000,134.418000
1383042420,134.419000,134.420000,134.415000,134.417000
1383042480,134.415000,134.430000,134.402000,134.402000
1383042540,134.403000,134.412000,134.388000,134.388000
1383042600,134.390000,134.394000,134.388000,134.390000
1383042660,134.388000,134.389000,134.376000,134.377000
1383042720,134.376000,134.379000,134.366000,134.367000
1383042780,134.366000,134.366000,134.335000,134.337000
1383042840,134.339000,134.356000,134.338000,134.346000
1383042900,134.352000,134.352000,134.325000,134.330000
1383042960,134.329000,134.341000,134.322000,134.341000
1383043020,134.342000,134.358000,134.339000,134.339000
1383043080,134.338000,134.348000,134.336000,134.338000
1383043140,134.336000,134.358000,134.335000,134.354000
1383043200,134.356000,134.373000,134.356000,134.367000
1383043260,134.366000,134.388000,134.365000,134.388000
1383043320,134.384000,134.399000,134.377000,134.399000
1383043380,134.398000,134.420000,134.398000,134.418000
1383043440,134.417000,134.423000,134.407000,134.407000
1383043500,134.408000,134.416000,134.401000,134.416000
1383043560,134.417000,134.417000,134.398000,134.401000
1383043620,134.398000,134.411000,134.398000,134.411000
1383043680,134.412000,134.423000,134.408000,134.416000
1383043740,134.415000,134.433000,134.415000,134.420000
1383043800,134.417000,134.424000,134.405000,134.406000
1383043860,134.405000,134.418000,134.405000,134.414000
1383043920,134.411000,134.411000,134.382000,134.388000
1383043980,134.389000,134.399000,134.381000,134.381000
1383044040,134.382000,134.395000,134.381000,134.384000
1383044100,134.383000,134.392000,134.378000,134.384000
1383044160,134.388000,134.403000,134.384000,134.401000
1383044220,134.402000,134.406000,134.398000,134.398000
1383044280,134.399000,134.399000,134.384000,134.388000
1383044340,134.386000,134.391000,134.385000,134.385000
1383044400,134.384000,134.390000,134.382000,134.384000
1383044460,134.385000,134.414000,134.383000,134.402000
1383044520,134.405000,134.418000,134.405000,134.411000
1383044580,134.410000,134.431000,134.410000,134.423000
1383044640,134.426000,134.442000,134.418000,134.441000
1383044700,134.444000,134.462000,134.444000,134.462000
1383044760,134.470000,134.506000,134.462000,134.478000
1383044820,134.477000,134.488000,134.471000,134.473000
1383044880,134.475000,134.476000,134.437000,134.442000
1383044940,134.443000,134.448000,134.428000,134.444000
1383045000,134.447000,134.449000,134.431000,134.431000
1383045060,134.432000,134.434000,134.422000,134.434000
1383045120,134.437000,134.454000,134.437000,134.454000
1383045180,134.450000,134.483000,134.446000,134.468000
1383045240,134.462000,134.466000,134.454000,134.461000
1383045300,134.463000,134.468000,134.438000,134.449000
1383045360,134.450000,134.460000,134.441000,134.444000
1383045420,134.449000,134.472000,134.442000,134.468000
1383045480,134.467000,134.475000,134.460000,134.470000
1383045540,134.468000,134.471000,134.455000,134.456000
1383045600,134.459000,134.475000,134.455000,134.458000
1383045660,134.456000,134.483000,134.456000,134.475000
1383045720,134.478000,134.497000,134.470000,134.489000
1383045780,134.488000,134.488000,134.459000,134.463000
1383045840,134.462000,134.468000,134.457000,134.464000
1383045900,134.463000,134.467000,134.451000,134.452000
1383045960,134.451000,134.461000,134.442000,134.460000
1383046020,134.461000,134.484000,134.461000,134.482000
1383046080,134.481000,134.488000,134.480000,134.485000
1383046140,134.484000,134.567000,134.484000,134.555000
1383046200,134.559000,134.599000,134.534000,134.578000
1383046260,134.581000,134.581000,134.558000,134.560000
1383046320,134.562000,134.599000,134.562000,134.578000
1383046380,134.576000,134.623000,134.575000,134.612000
1383046440,134.611000,134.641000,134.603000,134.632000
1383046500,134.631000,134.668000,134.626000,134.662000
1383046560,134.661000,134.661000,134.630000,134.656000
1383046620,134.659000,134.662000,134.642000,134.644000
1383046680,134.645000,134.672000,134.645000,134.669000
1383046740,134.668000,134.681000,134.662000,134.681000
1383046800,134.682000,134.719000,134.682000,134.706000
1383046860,134.705000,134.713000,134.683000,134.704000
1383046920,134.703000,134.718000,134.685000,134.714000
1383046980,134.717000,134.738000,134.717000,134.734000
1383047040,134.738000,134.738000,134.718000,134.718000
1383047100,134.722000,134.745000,134.709000,134.738000
1383047160,134.736000,134.740000,134.711000,134.721000
1383047220,134.723000,134.724000,134.714000,134.716000
1383047280,134.718000,134.732000,134.710000,134.716000
1383047340,134.721000,134.722000,134.698000,134.701000
1383047400,134.700000,134.721000,134.700000,134.721000
1383047460,134.720000,134.720000,134.697000,134.703000
1383047520,134.704000,134.723000,134.703000,134.711000
1383047580,134.710000,134.711000,134.701000,134.701000
1383047640,134.700000,134.712000,134.691000,134.695000
1383047700,134.694000,134.715000,134.690000,134.696000
1383047760,134.688000,134.698000,134.686000,134.689000
1383047820,134.690000,134.699000,134.680000,134.688000
1383047880,134.691000,134.708000,134.691000,134.697000
1383047940,134.696000,134.707000,134.688000,134.705000
1383048000,134.706000,134.720000,134.702000,134.708000
1383048060,134.709000,134.715000,134.702000,134.702000
1383048120,134.704000,134.709000,134.695000,134.697000
1383048180,134.696000,134.696000,134.688000,134.688000
1383048240,134.691000,134.695000,134.674000,134.678000
1383048300,134.676000,134.700000,134.674000,134.698000
1383048360,134.696000,134.697000,134.681000,134.681000
1383048420,134.678000,134.691000,134.673000,134.676000
1383048480,134.674000,134.678000,134.663000,134.673000
1383048540,134.671000,134.673000,134.667000,134.668000
1383048600,134.670000,134.694000,134.670000,134.694000
1383048660,134.696000,134.723000,134.696000,134.723000
1383048720,134.724000,134.724000,134.703000,134.709000
1383048780,134.708000,134.712000,134.697000,134.706000
1383048840,134.708000,134.709000,134.700000,134.708000
1383048900,134.707000,134.719000,134.704000,134.708000
1383048960,134.707000,134.742000,134.706000,134.740000
1383049020,134.738000,134.740000,134.711000,134.725000
1383049080,134.724000,134.743000,134.721000,134.724000
1383049140,134.721000,134.734000,134.708000,134.730000
1383049200,134.728000,134.753000,134.723000,134.753000
1383049260,134.751000,134.751000,134.733000,134.743000
1383049320,134.741000,134.755000,134.737000,134.755000
1383049380,134.752000,134.754000,134.742000,134.742000
1383049440,134.740000,134.754000,134.733000,134.754000
1383049500,134.759000,134.762000,134.717000,134.726000
1383049560,134.725000,134.730000,134.718000,134.719000
1383049620,134.718000,134.720000,134.708000,134.710000
1383049680,134.708000,134.730000,134.702000,134.728000
1383049740,134.730000,134.780000,134.728000,134.759000
1383049800,134.764000,134.775000,134.728000,134.764000
1383049860,134.765000,134.780000,134.761000,134.765000
1383049920,134.762000,134.762000,134.736000,134.736000
1383049980,134.738000,134.746000,134.723000,134.734000
1383050040,134.731000,134.749000,134.726000,134.740000
1383050100,134.739000,134.751000,134.730000,134.738000
1383050160,134.736000,134.775000,134.736000,134.772000
1383050220,134.770000,134.795000,134.770000,134.786000
1383050280,134.788000,134.801000,134.785000,134.801000
1383050340,134.803000,134.812000,134.795000,134.802000
1383050400,134.801000,134.818000,134.784000,134.811000
1383050460,134.812000,134.832000,134.804000,134.831000
1383050520,134.832000,134.832000,134.822000,134.823000
1383050580,134.824000,134.835000,134.818000,134.835000
1383050640,134.838000,134.852000,134.827000,134.848000
1383050700,134.846000,134.848000,134.834000,134.841000
1383050760,134.840000,134.868000,134.837000,134.855000
1383050820,134.854000,134.874000,134.850000,134.863000
1383050880,134.862000,134.862000,134.851000,134.862000
1383050940,134.861000,134.870000,134.853000,134.858000
1383051000,134.855000,134.870000,134.855000,134.863000
1383051060,134.867000,134.869000,134.858000,134.868000
1383051120,134.867000,134.868000,134.855000,134.864000
1383051180,134.863000,134.869000,134.851000,134.854000
1383051240,134.852000,134.852000,134.841000,134.843000
1383051300,134.841000,134.848000,134.824000,134.830000
1383051360,134.831000,134.831000,134.817000,134.819000
1383051420,134.818000,134.821000,134.785000,134.791000
1383051480,134.796000,134.798000,134.774000,134.781000
1383051540,134.783000,134.818000,134.776000,134.792000
1383051600,134.793000,134.832000,134.793000,134.826000
1383051660,134.824000,134.824000,134.794000,134.794000
1383051720,134.795000,134.818000,134.794000,134.803000
1383051780,134.805000,134.815000,134.796000,134.802000
1383051840,134.800000,134.809000,134.798000,134.808000
1383051900,134.809000,134.828000,134.794000,134.796000
1383051960,134.795000,134.813000,134.788000,134.788000
1383052020,134.790000,134.790000,134.780000,134.785000
1383052080,134.782000,134.803000,134.771000,134.801000
1383052140,134.803000,134.825000,134.801000,134.823000
1383052200,134.824000,134.853000,134.824000,134.839000
1383052260,134.843000,134.859000,134.820000,134.822000
1383052320,134.821000,134.848000,134.810000,134.840000
1383052380,134.842000,134.858000,134.834000,134.854000
1383052440,134.858000,134.875000,134.850000,134.863000
1383052500,134.865000,134.875000,134.857000,134.862000
1383052560,134.863000,134.864000,134.854000,134.864000
1383052620,134.865000,134.868000,134.847000,134.847000
1383052680,134.849000,134.858000,134.845000,134.851000
1383052740,134.848000,134.859000,134.840000,134.841000
1383052800,134.840000,134.844000,134.834000,134.835000
1383052860,134.834000,134.835000,134.824000,134.828000
1383052920,134.826000,134.837000,134.824000,134.832000
1383052980,134.831000,134.843000,134.821000,134.842000
1383053040,134.841000,134.843000,134.835000,134.835000
1383053100,134.832000,134.832000,134.820000,134.824000
1383053160,134.826000,134.831000,134.825000,134.831000
1383053220,134.834000,134.858000,134.827000,134.858000
1383053280,134.860000,134.873000,134.858000,134.872000
1383053340,134.871000,134.876000,134.860000,134.862000
1383053400,134.861000,134.861000,134.840000,134.841000
1383053460,134.839000,134.856000,134.828000,134.837000
1383053520,134.832000,134.833000,134.805000,134.818000
1383053580,134.820000,134.823000,134.808000,134.808000
1383053640,134.810000,134.828000,134.802000,134.826000
1383053700,134.828000,134.850000,134.826000,134.838000
1383053760,134.840000,134.848000,134.815000,134.818000
1383053820,134.817000,134.818000,134.790000,134.790000
1383053880,134.788000,134.792000,134.764000,134.773000
1383053940,134.774000,134.804000,134.773000,134.803000
1383054000,134.801000,134.805000,134.796000,134.804000
1383054060,134.791000,134.811000,134.784000,134.810000
1383054120,134.808000,134.828000,134.792000,134.799000
1383054180,134.794000,134.812000,134.786000,134.811000
1383054240,134.813000,134.820000,134.803000,134.812000
1383054300,134.810000,134.818000,134.807000,134.818000
1383054360,134.816000,134.825000,134.812000,134.812000
1383054420,134.818000,134.823000,134.813000,134.814000
1383054480,134.813000,134.818000,134.808000,134.812000
1383054540,134.811000,134.835000,134.811000,134.835000
1383054600,134.838000,134.848000,134.836000,134.846000
1383054660,134.845000,134.846000,134.807000,134.818000
1383054720,134.819000,134.838000,134.812000,134.828000
1383054780,134.826000,134.828000,134.801000,134.808000
1383054840,134.809000,134.815000,134.792000,134.795000
1383054900,134.793000,134.796000,134.766000,134.766000
1383054960,134.760000,134.760000,134.718000,134.727000
1383055020,134.728000,134.738000,134.713000,134.733000
1383055080,134.739000,134.752000,134.735000,134.752000
1383055140,134.750000,134.774000,134.737000,134.767000
1383055200,134.768000,134.773000,134.713000,134.730000
1383055260,134.728000,134.754000,134.707000,134.710000
1383055320,134.707000,134.753000,134.704000,134.733000
1383055380,134.734000,134.734000,134.699000,134.705000
1383055440,134.708000,134.712000,134.688000,134.707000
1383055500,134.708000,134.709000,134.658000,134.661000
1383055560,134.662000,134.692000,134.652000,134.684000
1383055620,134.688000,134.738000,134.683000,134.724000
1383055680,134.723000,134.728000,134.711000,134.726000
1383055740,134.728000,134.740000,134.717000,134.736000
1383055800,134.739000,134.763000,134.735000,134.754000
1383055860,134.755000,134.758000,134.748000,134.755000
1383055920,134.754000,134.769000,134.754000,134.765000
1383055980,134.766000,134.768000,134.760000,134.762000
1383056040,134.761000,134.779000,134.761000,134.776000
1383056100,134.773000,134.788000,134.770000,134.782000
1383056160,134.781000,134.794000,134.774000,134.783000
1383056220,134.786000,134.805000,134.786000,134.803000
1383056280,134.801000,134.808000,134.791000,134.800000
1383056340,134.799000,134.800000,134.788000,134.793000
1383056400,134.800000,134.918000,134.800000,134.898000
1383056460,134.905000,134.968000,134.905000,134.945000
1383056520,134.942000,134.980000,134.937000,134.975000
1383056580,134.971000,134.981000,134.956000,134.956000
1383056640,134.960000,134.960000,134.917000,134.929000
1383056700,134.928000,134.981000,134.928000,134.975000
1383056760,134.978000,134.978000,134.959000,134.976000
1383056820,134.977000,134.980000,134.961000,134.966000
1383056880,134.967000,134.978000,134.964000,134.972000
1383056940,134.968000,134.973000,134.958000,134.963000
1383057000,134.965000,135.034000,134.965000,135.034000
1383057060,135.032000,135.041000,135.002000,135.006000
1383057120,135.004000,135.008000,134.981000,134.983000
1383057180,134.984000,134.989000,134.976000,134.987000
1383057240,134.986000,135.034000,134.984000,135.014000
1383057300,135.015000,135.066000,135.015000,135.051000
1383057360,135.050000,135.102000,135.050000,135.077000
1383057420,135.078000,135.094000,135.069000,135.075000
1383057480,135.076000,135.102000,135.066000,135.080000
1383057540,135.081000,135.153000,135.076000,135.108000
1383057600,135.105000,135.120000,135.081000,135.100000
1383057660,135.099000,135.100000,135.068000,135.095000
1383057720,135.096000,135.138000,135.094000,135.134000
1383057780,135.135000,135.162000,135.120000,135.147000
1383057840,135.148000,135.148000,135.105000,135.114000
1383057900,135.113000,135.154000,135.111000,135.114000
1383057960,135.115000,135.118000,135.098000,135.104000
1383058020,135.105000,135.112000,135.093000,135.104000
1383058080,135.105000,135.135000,135.105000,135.115000
1383058140,135.118000,135.158000,135.118000,135.145000
1383058200,135.143000,135.150000,135.127000,135.133000
1383058260,135.137000,135.145000,135.120000,135.120000
1383058320,135.118000,135.128000,135.098000,135.098000
1383058380,135.100000,135.101000,135.080000,135.091000
1383058440,135.092000,135.095000,135.085000,135.088000
1383058500,135.087000,135.090000,135.063000,135.069000
1383058560,135.068000,135.083000,135.061000,135.083000
1383058620,135.085000,135.112000,135.078000,135.108000
1383058680,135.109000,135.109000,135.096000,135.098000
1383058740,135.096000,135.100000,135.084000,135.091000
1383058800,135.090000,135.111000,135.081000,135.098000
1383058860,135.103000,135.138000,135.103000,135.132000
1383058920,135.133000,135.146000,135.124000,135.130000
1383058980,135.125000,135.144000,135.114000,135.144000
1383059040,135.143000,135.156000,135.138000,135.152000
1383059100,135.153000,135.161000,135.150000,135.156000
1383059160,135.155000,135.159000,135.144000,135.152000
1383059220,135.151000,135.155000,135.126000,135.128000
1383059280,135.126000,135.144000,135.123000,135.125000
1383059340,135.124000,135.128000,135.114000,135.122000
1383059400,135.124000,135.124000,135.101000,135.103000
1383059460,135.104000,135.110000,135.098000,135.098000
1383059520,135.100000,135.107000,135.094000,135.094000
1383059580,135.093000,135.093000,135.068000,135.069000
1383059640,135.071000,135.078000,135.065000,135.067000
1383059700,135.065000,135.070000,135.054000,135.060000
1383059760,135.057000,135.060000,135.056000,135.058000
1383059820,135.059000,135.062000,135.037000,135.052000
1383059880,135.051000,135.058000,135.030000,135.046000
1383059940,135.044000,135.051000,135.044000,135.044000
1383060000,135.042000,135.059000,135.040000,135.058000
1383060060,135.057000,135.058000,135.037000,135.037000
1383060120,135.038000,135.038000,135.023000,135.023000
1383060180,135.024000,135.030000,135.012000,135.024000
1383060240,135.022000,135.062000,135.022000,135.058000
1383060300,135.060000,135.060000,135.043000,135.047000
1383060360,135.049000,135.051000,135.037000,135.044000
1383060420,135.043000,135.069000,135.038000,135.063000
1383060480,135.061000,135.071000,135.054000,135.055000
1383060540,135.054000,135.067000,135.031000,135.049000
1383060600,135.050000,135.050000,135.033000,135.044000
1383060660,135.046000,135.051000,135.033000,135.033000
1383060720,135.031000,135.038000,135.018000,135.020000
1383060780,135.021000,135.026000,135.014000,135.026000
1383060840,135.024000,135.045000,135.023000,135.042000
1383060900,135.040000,135.052000,135.026000,135.034000
1383060960,135.035000,135.043000,135.032000,135.033000
1383061020,135.034000,135.034000,135.015000,135.017000
1383061080,135.018000,135.038000,135.015000,135.035000
1383061140,135.034000,135.039000,135.026000,135.035000
1383061200,135.036000,135.049000,135.034000,135.041000
1383061260,135.042000,135.063000,135.039000,135.053000
1383061320,135.056000,135.070000,135.030000,135.039000
1383061380,135.040000,135.040000,135.013000,135.015000
1383061440,135.014000,135.021000,135.008000,135.008000
1383061500,135.010000,135.015000,134.978000,135.015000
1383061560,135.016000,135.042000,135.014000,135.036000
1383061620,135.035000,135.074000,135.035000,135.056000
1383061680,135.055000,135.058000,135.046000,135.049000
1383061740,135.048000,135.068000,135.014000,135.014000
1383061800,135.012000,135.036000,134.994000,135.013000
1383061860,135.014000,135.018000,134.960000,134.960000
1383061920,134.961000,135.000000,134.961000,134.970000
1383061980,134.968000,134.999000,134.960000,134.997000
1383062040,134.998000,135.000000,134.966000,134.994000
1383062100,134.993000,134.999000,134.983000,134.997000
1383062160,134.998000,135.009000,134.989000,135.009000
1383062220,135.006000,135.039000,135.000000,135.010000
1383062280,135.008000,135.028000,135.001000,135.027000
1383062340,135.025000,135.058000,135.017000,135.056000
1383062400,135.055000,135.055000,135.026000,135.047000
1383062460,135.050000,135.052000,135.031000,135.048000
1383062520,135.045000,135.045000,135.027000,135.030000
1383062580,135.028000,135.052000,134.996000,134.996000
1383062640,134.997000,135.044000,134.996000,135.044000
1383062700,135.043000,135.043000,135.007000,135.008000
1383062760,135.010000,135.013000,134.985000,135.010000
1383062820,135.005000,135.008000,134.978000,134.984000
1383062880,134.985000,135.012000,134.985000,135.006000
1383062940,135.004000,135.012000,134.987000,134.999000
1383063000,134.998000,135.000000,134.947000,134.947000
1383063060,134.949000,135.011000,134.949000,134.978000
1383063120,134.981000,134.996000,134.978000,134.983000
1383063180,134.981000,134.984000,134.916000,134.928000
1383063240,134.932000,134.950000,134.914000,134.941000
1383063300,134.938000,134.977000,134.906000,134.970000
1383063360,134.969000,134.975000,134.951000,134.952000
1383063420,134.951000,134.978000,134.951000,134.968000
1383063480,134.970000,134.979000,134.924000,134.960000
1383063540,134.961000,134.969000,134.953000,134.958000
1383063600,134.960000,134.981000,134.956000,134.979000
1383063660,134.978000,134.981000,134.965000,134.975000
1383063720,134.974000,134.981000,134.956000,134.968000
1383063780,134.969000,134.981000,134.966000,134.974000
1383063840,134.972000,134.984000,134.970000,134.978000
1383063900,134.977000,134.985000,134.962000,134.978000
1383063960,134.979000,134.985000,134.974000,134.978000
1383064020,134.976000,134.981000,134.956000,134.966000
1383064080,134.968000,135.010000,134.955000,134.998000
1383064140,134.992000,135.035000,134.992000,135.034000
1383064200,135.033000,135.038000,135.001000,135.030000
1383064260,135.028000,135.048000,135.028000,135.035000
1383064320,135.036000,135.048000,135.018000,135.047000
1383064380,135.048000,135.074000,135.025000,135.026000
1383064440,135.027000,135.043000,135.018000,135.026000
1383064500,135.024000,135.030000,134.959000,134.960000
1383064560,134.958000,134.995000,134.958000,134.983000
1383064620,134.984000,135.005000,134.968000,134.994000
1383064680,134.990000,135.007000,134.980000,134.988000
1383064740,134.986000,134.988000,134.976000,134.982000
1383064800,134.984000,134.985000,134.973000,134.973000
1383064860,134.974000,134.985000,134.971000,134.985000
1383064920,134.986000,134.992000,134.981000,134.983000
1383064980,134.982000,134.982000,134.951000,134.951000
1383065040,134.948000,134.966000,134.946000,134.948000
1383065100,134.947000,134.947000,134.918000,134.927000
1383065160,134.928000,134.938000,134.914000,134.926000
1383065220,134.925000,134.948000,134.918000,134.947000
1383065280,134.946000,134.978000,134.945000,134.974000
1383065340,134.972000,134.974000,134.962000,134.969000
1383065400,134.968000,134.971000,134.965000,134.965000
1383065460,134.964000,134.968000,134.955000,134.955000
1383065520,134.958000,134.963000,134.954000,134.958000
1383065580,134.954000,134.959000,134.930000,134.938000
1383065640,134.936000,134.937000,134.924000,134.934000
1383065700,134.936000,134.944000,134.933000,134.942000
1383065760,134.938000,134.968000,134.934000,134.945000
1383065820,134.944000,134.961000,134.944000,134.961000
1383065880,134.963000,134.968000,134.958000,134.963000
1383065940,134.964000,134.970000,134.945000,134.949000
1383066000,134.948000,134.958000,134.940000,134.945000
1383066060,134.947000,134.947000,134.926000,134.931000
1383066120,134.933000,134.959000,134.924000,134.952000
1383066180,134.948000,134.959000,134.927000,134.927000
1383066240,134.929000,134.966000,134.922000,134.952000
1383066300,134.954000,134.963000,134.943000,134.963000
1383066360,134.965000,134.983000,134.951000,134.951000
1383066420,134.953000,134.961000,134.933000,134.933000
1383066480,134.929000,134.967000,134.926000,134.967000
1383066540,134.968000,134.978000,134.966000,134.969000
1383066600,134.970000,134.981000,134.964000,134.980000
1383066660,134.979000,134.993000,134.972000,134.983000
1383066720,134.982000,134.982000,134.971000,134.978000
1383066780,134.979000,134.984000,134.957000,134.959000
1383066840,134.958000,134.964000,134.956000,134.961000
1383066900,134.960000,134.981000,134.959000,134.968000
1383066960,134.966000,134.966000,134.935000,134.944000
1383067020,134.945000,134.952000,134.935000,134.949000
1383067080,134.948000,134.950000,134.918000,134.918000
1383067140,134.916000,134.946000,134.916000,134.938000
1383067200,134.936000,134.945000,134.930000,134.934000
1383067260,134.933000,134.933000,134.917000,134.930000
1383067320,134.928000,134.930000,134.915000,134.919000
1383067380,134.920000,134.932000,134.915000,134.930000
1383067440,134.931000,134.963000,134.930000,134.963000
1383067500,134.960000,134.962000,134.940000,134.956000
1383067560,134.954000,134.961000,134.938000,134.948000
1383067620,134.945000,134.964000,134.945000,134.959000
1383067680,134.960000,134.967000,134.958000,134.962000
1383067740,134.963000,134.964000,134.954000,134.963000
1383067800,134.961000,134.961000,134.927000,134.941000
1383067860,134.936000,134.953000,134.936000,134.953000
1383067920,134.950000,134.951000,134.928000,134.931000
1383067980,134.932000,134.933000,134.928000,134.932000
1383068040,134.931000,134.941000,134.928000,134.941000
1383068100,134.941000,134.941000,134.929000,134.938000
1383068160,134.935000,134.938000,134.928000,134.929000
1383068220,134.930000,134.930000,134.921000,134.926000
1383068280,134.928000,134.928000,134.913000,134.915000
1383068340,134.913000,134.918000,134.898000,134.910000
1383068400,134.908000,134.929000,134.908000,134.925000
1383068460,134.921000,134.930000,134.908000,134.921000
1383068520,134.920000,134.924000,134.908000,134.910000
1383068580,134.909000,134.926000,134.908000,134.926000
1383068640,134.924000,134.931000,134.912000,134.931000
1383068700,134.933000,134.938000,134.905000,134.917000
1383068760,134.918000,134.938000,134.914000,134.934000
1383068820,134.936000,134.951000,134.931000,134.942000
1383068880,134.935000,134.936000,134.926000,134.928000
1383068940,134.930000,134.931000,134.922000,134.930000
1383069000,134.929000,134.940000,134.921000,134.930000
1383069060,134.931000,134.934000,134.921000,134.921000
1383069120,134.918000,134.932000,134.918000,134.930000
1383069180,134.928000,134.931000,134.919000,134.920000
1383069240,134.919000,134.924000,134.916000,134.921000
1383069300,134.920000,134.928000,134.920000,134.928000
1383069360,134.926000,134.928000,134.924000,134.924000
1383069420,134.925000,134.948000,134.918000,134.918000
1383069480,134.920000,134.930000,134.916000,134.924000
1383069540,134.927000,134.947000,134.910000,134.945000
1383069600,134.948000,134.951000,134.931000,134.941000
1383069660,134.939000,134.951000,134.928000,134.928000
1383069720,134.925000,134.943000,134.924000,134.940000
1383069780,134.941000,134.969000,134.940000,134.962000
1383069840,134.963000,134.971000,134.958000,134.961000
1383069900,134.964000,134.968000,134.948000,134.949000
1383069960,134.950000,134.950000,134.926000,134.927000
1383070020,134.930000,134.934000,134.919000,134.926000
1383070080,134.927000,134.930000,134.925000,134.926000
1383070140,134.925000,134.942000,134.924000,134.942000
1383070200,134.938000,134.948000,134.925000,134.925000
1383070260,134.920000,134.920000,134.914000,134.917000
1383070320,134.918000,134.939000,134.918000,134.932000
1383070380,134.931000,134.938000,134.931000,134.933000
1383070440,134.931000,134.945000,134.927000,134.933000
1383070500,134.935000,134.939000,134.913000,134.920000
1383070560,134.921000,134.921000,134.898000,134.901000
1383070620,134.899000,134.910000,134.883000,134.893000
1383070680,134.897000,134.899000,134.891000,134.892000
1383070740,134.890000,134.890000,134.874000,134.890000
1383070800,134.891000,134.895000,134.872000,134.872000
1383070860,134.870000,134.882000,134.867000,134.874000
1383070920,134.876000,134.883000,134.876000,134.882000
1383070980,134.886000,134.888000,134.878000,134.882000
1383071040,134.884000,134.885000,134.878000,134.883000
1383071100,134.881000,134.887000,134.871000,134.877000
1383071160,134.878000,134.889000,134.868000,134.886000
1383071220,134.885000,134.899000,134.885000,134.893000
1383071280,134.894000,134.898000,134.893000,134.898000
1383071340,134.900000,134.908000,134.898000,134.908000
1383071400,134.910000,134.925000,134.908000,134.918000
1383071460,134.920000,134.920000,134.909000,134.909000
1383071520,134.907000,134.918000,134.907000,134.914000
1383071580,134.915000,134.918000,134.908000,134.908000
1383071640,134.906000,134.912000,134.905000,134.911000
1383071700,134.912000,134.916000,134.908000,134.910000
1383071760,134.911000,134.911000,134.898000,134.900000
1383071820,134.897000,134.903000,134.884000,134.891000
1383071880,134.896000,134.903000,134.890000,134.892000
1383071940,134.894000,134.899000,134.894000,134.895000
1383072000,134.893000,134.902000,134.885000,134.892000
1383072060,134.893000,134.893000,134.872000,134.887000
1383072120,134.886000,134.901000,134.884000,134.885000
1383072180,134.884000,134.891000,134.883000,134.891000
1383072240,134.894000,134.895000,134.888000,134.894000
1383072300,134.895000,134.899000,134.893000,134.899000
1383072360,134.900000,134.901000,134.887000,134.891000
1383072420,134.892000,134.894000,134.886000,134.892000
1383072480,134.896000,134.898000,134.886000,134.887000
1383072540,134.886000,134.886000,134.885000,134.886000
1383072600,134.884000,134.898000,134.882000,134.893000
1383072660,134.894000,134.896000,134.886000,134.888000
1383072720,134.890000,134.890000,134.885000,134.885000
1383072780,134.886000,134.888000,134.884000,134.886000
1383072840,134.885000,134.888000,134.882000,134.882000
1383072900,134.883000,134.885000,134.883000,134.883000
1383072960,134.887000,134.888000,134.872000,134.877000
1383073020,134.874000,134.881000,134.872000,134.881000
1383073080,134.880000,134.888000,134.872000,134.881000
1383073140,134.880000,134.882000,134.871000,134.872000
1383073200,134.869000,134.894000,134.868000,134.893000
1383073260,134.892000,134.894000,134.887000,134.892000
1383073320,134.891000,134.893000,134.889000,134.892000
1383073380,134.890000,134.891000,134.888000,134.888000
1383073440,134.890000,134.897000,134.888000,134.892000
1383073500,134.891000,134.892000,134.888000,134.892000
1383073560,134.893000,134.912000,134.893000,134.902000
1383073620,134.904000,134.911000,134.901000,134.911000
1383073680,134.910000,134.922000,134.910000,134.917000
1383073740,134.918000,134.919000,134.911000,134.912000
1383073800,134.908000,134.908000,134.883000,134.887000
1383073860,134.888000,134.897000,134.884000,134.890000
1383073920,134.892000,134.902000,134.890000,134.898000
1383073980,134.897000,134.905000,134.895000,134.905000
1383074040,134.906000,134.909000,134.905000,134.908000
1383074100,134.906000,134.929000,134.903000,134.903000
1383074160,134.902000,134.903000,134.886000,134.898000
1383074220,134.895000,134.901000,134.882000,134.894000
1383074280,134.895000,134.905000,134.895000,134.900000
1383074340,134.902000,134.936000,134.902000,134.918000
1383074400,134.920000,134.933000,134.904000,134.933000
1383074460,134.931000,134.938000,134.908000,134.910000
1383074520,134.908000,134.910000,134.885000,134.888000
1383074580,134.886000,134.899000,134.886000,134.894000
1383074640,134.896000,134.901000,134.874000,134.880000
1383074700,134.878000,134.911000,134.878000,134.906000
1383074760,134.909000,134.910000,134.883000,134.884000
1383074820,134.887000,134.911000,134.885000,134.896000
1383074880,134.897000,134.898000,134.888000,134.891000
1383074940,134.889000,134.896000,134.885000,134.894000
1383075000,134.896000,134.901000,134.894000,134.901000
1383075060,134.904000,134.904000,134.889000,134.894000
1383075120,134.899000,134.899000,134.892000,134.892000
1383075180,134.885000,134.903000,134.884000,134.901000
1383075240,134.905000,134.908000,134.896000,134.899000
1383075300,134.897000,134.899000,134.895000,134.896000
1383075360,134.899000,134.913000,134.894000,134.896000
1383075420,134.895000,134.899000,134.877000,134.898000
1383075480,134.900000,134.900000,134.880000,134.890000
1383075540,134.892000,134.903000,134.892000,134.900000
1383075600,134.901000,134.902000,134.897000,134.902000
1383075660,134.898000,134.918000,134.898000,134.903000
1383075720,134.902000,134.909000,134.901000,134.904000
1383075780,134.905000,134.906000,134.902000,134.902000
1383075840,134.901000,134.904000,134.897000,134.902000
1383075900,134.903000,134.904000,134.901000,134.904000
1383075960,134.908000,134.908000,134.901000,134.905000
1383076020,134.908000,134.909000,134.896000,134.908000
1383076080,134.909000,134.914000,134.904000,134.911000
1383076140,134.913000,134.913000,134.901000,134.904000
1383076200,134.902000,134.904000,134.884000,134.886000
1383076260,134.884000,134.890000,134.881000,134.888000
1383076320,134.888000,134.891000,134.878000,134.891000
1383076380,134.889000,134.891000,134.871000,134.890000
1383076440,134.888000,134.901000,134.888000,134.901000
1383076500,134.899000,134.917000,134.894000,134.917000
1383076560,134.917000,134.917000,134.873000,134.874000
1383076620,134.878000,134.881000,134.866000,134.869000
1383076680,134.866000,134.875000,134.864000,134.874000
1383076740,134.875000,134.913000,134.868000,134.913000
1383076800,134.911000,134.918000,134.902000,134.905000
1383076860,134.903000,134.916000,134.887000,134.905000
1383076920,134.907000,134.911000,134.903000,134.903000
1383076980,134.906000,134.911000,134.898000,134.911000
1383077040,134.908000,134.911000,134.902000,134.902000
1383077100,134.907000,134.913000,134.872000,134.882000
1383077160,134.883000,134.904000,134.876000,134.884000
1383077220,134.882000,134.885000,134.880000,134.882000
1383077280,134.884000,134.888000,134.884000,134.884000
1383077340,134.888000,134.891000,134.883000,134.885000
1383077400,134.887000,134.898000,134.885000,134.893000
1383077460,134.891000,134.894000,134.888000,134.894000
1383077520,134.898000,134.919000,134.895000,134.918000
1383077580,134.917000,134.922000,134.898000,134.901000
1383077640,134.906000,134.913000,134.902000,134.913000
1383077700,134.914000,134.914000,134.903000,134.903000
1383077760,134.904000,134.912000,134.902000,134.902000
1383077820,134.900000,134.912000,134.899000,134.912000
1383077880,134.911000,134.914000,134.904000,134.904000
1383077940,134.907000,134.926000,134.904000,134.926000
1383078000,134.923000,134.928000,134.923000,134.923000
1383078060,134.921000,134.930000,134.921000,134.930000
1383078120,134.932000,134.948000,134.932000,134.941000
1383078180,134.939000,134.941000,134.933000,134.939000
1383078240,134.938000,134.942000,134.931000,134.935000
1383078300,134.933000,134.934000,134.921000,134.924000
1383078360,134.921000,134.924000,134.918000,134.918000
1383078420,134.922000,134.924000,134.915000,134.917000
1383078480,134.918000,134.923000,134.916000,134.923000
1383078540,134.922000,134.938000,134.912000,134.938000
1383078600,134.935000,134.938000,134.918000,134.924000
1383078660,134.928000,134.936000,134.923000,134.931000
1383078720,134.930000,134.941000,134.930000,134.933000
1383078780,134.934000,134.934000,134.920000,134.921000
1383078840,134.922000,134.933000,134.921000,134.922000
1383078900,134.923000,134.952000,134.919000,134.950000
1383078960,134.949000,134.952000,134.943000,134.945000
1383079020,134.948000,134.961000,134.944000,134.960000
1383079080,134.964000,134.973000,134.960000,134.966000
1383079140,134.968000,134.971000,134.959000,134.967000
1383079200,134.968000,134.982000,134.959000,134.979000
1383079260,134.980000,134.980000,134.933000,134.956000
1383079320,134.955000,134.964000,134.950000,134.964000
1383079380,134.959000,134.971000,134.959000,134.966000
1383079440,134.963000,134.965000,134.953000,134.958000
1383079500,134.953000,134.961000,134.953000,134.959000
1383079560,134.958000,134.970000,134.954000,134.970000
1383079620,134.969000,134.985000,134.964000,134.985000
1383079680,134.980000,134.996000,134.952000,134.961000
1383079740,134.956000,134.964000,134.947000,134.955000
1383079800,134.957000,134.970000,134.953000,134.963000
1383079860,134.966000,134.968000,134.953000,134.956000
1383079920,134.957000,134.957000,134.948000,134.948000
1383079980,134.952000,134.954000,134.928000,134.929000
1383080040,134.934000,134.934000,134.898000,134.917000
1383080100,134.916000,134.960000,134.916000,134.950000
1383080160,134.952000,134.957000,134.945000,134.957000
1383080220,134.953000,134.958000,134.946000,134.952000
1383080280,134.953000,134.957000,134.947000,134.956000
1383080340,134.957000,134.959000,134.946000,134.947000
1383080400,134.943000,134.955000,134.933000,134.941000
1383080460,134.931000,134.970000,134.931000,134.958000
1383080520,134.953000,134.964000,134.949000,134.950000
1383080580,134.949000,134.971000,134.944000,134.967000
1383080640,134.953000,134.973000,134.953000,134.965000
1383080700,134.960000,134.964000,134.954000,134.960000
1383080760,134.959000,134.970000,134.958000,134.962000
1383080820,134.964000,134.971000,134.958000,134.966000
1383080880,134.971000,134.982000,134.958000,134.982000
1383080940,134.979000,135.002000,134.928000,134.938000
1383081000,134.933000,134.948000,134.923000,134.938000
1383081060,134.943000,134.968000,134.938000,134.953000
1383081120,134.955000,134.956000,134.941000,134.943000
1383081180,134.944000,134.955000,134.933000,134.949000
1383081240,134.948000,134.952000,134.938000,134.946000
1383081300,134.945000,134.946000,134.930000,134.945000
1383081360,134.948000,134.955000,134.938000,134.942000
1383081420,134.943000,134.953000,134.941000,134.947000
1383081480,134.946000,134.953000,134.942000,134.953000
1383081540,134.953000,134.957000,134.953000,134.957000
1383081600,134.956000,134.958000,134.948000,134.953000
1383081660,134.957000,134.958000,134.948000,134.950000
1383081720,134.948000,134.965000,134.948000,134.964000
1383081780,134.959000,134.961000,134.951000,134.955000
1383081840,134.957000,134.966000,134.954000,134.960000
1383081900,134.958000,134.963000,134.955000,134.959000
1383081960,134.958000,134.969000,134.958000,134.963000
1383082020,134.953000,134.963000,134.943000,134.947000
1383082080,134.938000,134.947000,134.933000,134.933000
1383082140,134.935000,134.951000,134.916000,134.942000
1383082200,134.941000,134.953000,134.928000,134.944000
1383082260,134.943000,134.956000,134.933000,134.951000
1383082320,134.956000,134.970000,134.938000,134.939000
1383082380,134.943000,134.947000,134.939000,134.944000
1383082440,134.945000,134.950000,134.934000,134.940000
1383082500,134.938000,134.946000,134.922000,134.925000
1383082560,134.932000,134.933000,134.923000,134.928000
1383082620,134.933000,134.933000,134.926000,134.928000
1383082680,134.927000,134.939000,134.927000,134.937000
1383082740,134.937000,134.938000,134.929000,134.935000
1383082800,134.931000,134.943000,134.929000,134.934000
1383082860,134.935000,134.948000,134.934000,134.934000
1383082920,134.928000,134.948000,134.928000,134.940000
1383082980,134.939000,134.952000,134.939000,134.948000
1383083040,134.946000,134.953000,134.940000,134.946000
1383083100,134.944000,134.953000,134.943000,134.947000
1383083160,134.948000,134.948000,134.933000,134.943000
1383083220,134.939000,134.948000,134.938000,134.945000
1383083280,134.950000,134.953000,134.939000,134.953000
1383083340,134.949000,134.961000,134.948000,134.958000
1383083400,134.956000,134.960000,134.948000,134.960000
1383083460,134.956000,134.960000,134.948000,134.960000
1383083520,134.954000,134.964000,134.948000,134.953000
1383083580,134.948000,134.962000,134.948000,134.961000
1383083640,134.968000,134.968000,134.948000,134.962000
1383083700,134.960000,134.987000,134.953000,134.958000
1383083760,134.970000,134.988000,134.960000,134.984000
1383083820,134.983000,134.997000,134.972000,134.997000
1383083880,134.997000,135.019000,134.994000,135.014000
1383083940,135.003000,135.023000,134.992000,134.997000
1383084000,134.989000,134.989000,134.956000,134.969000
1383084060,134.966000,134.971000,134.957000,134.970000
1383084120,134.969000,134.972000,134.966000,134.971000
1383084180,134.969000,134.974000,134.965000,134.969000
1383084240,134.968000,134.971000,134.965000,134.966000
1383084300,134.965000,134.968000,134.946000,134.954000
1383084360,134.955000,134.968000,134.946000,134.965000
1383084420,134.964000,134.964000,134.955000,134.958000
1383084480,134.962000,134.968000,134.958000,134.962000
1383084540,134.958000,134.971000,134.954000,134.968000
1383084600,134.969000,134.969000,134.958000,134.961000
1383084660,134.960000,134.962000,134.956000,134.958000
1383084720,134.960000,134.963000,134.955000,134.961000
1383084780,134.959000,134.980000,134.959000,134.980000
1383084840,134.977000,134.981000,134.977000,134.981000
1383084900,134.980000,134.980000,134.975000,134.977000
1383084960,134.979000,134.985000,134.977000,134.984000
1383085020,134.985000,134.993000,134.984000,134.984000
1383085080,134.984000,134.988000,134.974000,134.975000
1383085140,134.978000,134.978000,134.974000,134.975000
1383085200,134.973000,134.973000,134.966000,134.972000
1383085260,134.968000,134.972000,134.966000,134.966000
1383085320,134.968000,134.972000,134.962000,134.962000
1383085380,134.961000,134.973000,134.955000,134.973000
1383085440,134.974000,134.974000,134.973000,134.973000
1383085500,134.971000,134.973000,134.948000,134.957000
1383085560,134.958000,134.958000,134.938000,134.946000
1383085620,134.943000,134.950000,134.943000,134.948000
1383085680,134.949000,134.951000,134.948000,134.951000
1383085740,134.951000,134.952000,134.951000,134.952000
1383085800,134.952000,134.953000,134.950000,134.953000
1383085860,134.958000,134.961000,134.954000,134.958000
1383085920,134.957000,134.962000,134.951000,134.962000
1383085980,134.961000,134.966000,134.956000,134.966000
1383086040,134.968000,134.970000,134.966000,134.970000
1383086100,134.968000,134.973000,134.966000,134.966000
1383086160,134.967000,134.976000,134.966000,134.971000
1383086220,134.968000,134.972000,134.968000,134.971000
1383086280,134.972000,134.974000,134.968000,134.974000
1383086340,134.973000,134.978000,134.973000,134.977000
1383086400,134.976000,134.979000,134.976000,134.978000
1383086460,134.980000,134.982000,134.977000,134.977000
1383086520,134.976000,134.977000,134.954000,134.954000
1383086580,134.956000,134.959000,134.956000,134.959000
1383086640,134.960000,134.968000,134.960000,134.966000
1383086700,134.967000,134.968000,134.963000,134.963000
1383086760,134.965000,134.983000,134.965000,134.967000
1383086820,134.968000,134.968000,134.958000,134.963000
1383086880,134.964000,134.964000,134.958000,134.960000
1383086940,134.958000,134.961000,134.957000,134.961000
1383087000,134.957000,134.963000,134.956000,134.963000
1383087060,134.961000,134.963000,134.961000,134.962000
1383087120,134.955000,134.955000,134.948000,134.948000
1383087180,134.950000,134.951000,134.949000,134.950000
1383087240,134.948000,134.949000,134.943000,134.948000
1383087300,134.947000,134.948000,134.936000,134.939000
1383087360,134.940000,134.946000,134.940000,134.945000
1383087420,134.947000,134.958000,134.946000,134.956000
1383087480,134.958000,134.958000,134.947000,134.947000
1383087540,134.945000,134.948000,134.936000,134.936000
1383087600,134.935000,134.941000,134.922000,134.923000
1383087660,134.921000,134.925000,134.921000,134.923000
1383087720,134.922000,134.922000,134.918000,134.921000
1383087780,134.918000,134.921000,134.915000,134.916000
1383087840,134.916000,134.918000,134.915000,134.916000
1383087900,134.918000,134.922000,134.913000,134.918000
1383087960,134.920000,134.920000,134.915000,134.918000
1383088020,134.916000,134.916000,134.905000,134.907000
1383088080,134.905000,134.912000,134.900000,134.904000
1383088140,134.902000,134.915000,134.902000,134.912000
1383088200,134.913000,134.913000,134.908000,134.912000
1383088260,134.907000,134.908000,134.904000,134.905000
1383088320,134.904000,134.917000,134.904000,134.914000
1383088380,134.915000,134.918000,134.908000,134.911000
1383088440,134.908000,134.918000,134.908000,134.916000
1383088500,134.915000,134.916000,134.908000,134.910000
1383088560,134.911000,134.914000,134.892000,134.895000
1383088620,134.892000,134.898000,134.883000,134.885000
1383088680,134.885000,134.893000,134.884000,134.892000
1383088740,134.895000,134.900000,134.895000,134.898000
1383088800,134.899000,134.908000,134.898000,134.905000
1383088860,134.902000,134.907000,134.900000,134.905000
1383088920,134.908000,134.908000,134.904000,134.905000
1383088980,134.910000,134.913000,134.898000,134.898000
1383089040,134.902000,134.903000,134.900000,134.903000
1383089100,134.902000,134.908000,134.902000,134.904000
1383089160,134.904000,134.905000,134.904000,134.905000
1383089220,134.904000,134.910000,134.898000,134.902000
1383089280,134.904000,134.910000,134.904000,134.910000
1383089340,134.909000,134.910000,134.904000,134.908000
1383089400,134.910000,134.923000,134.910000,134.923000
1383089460,134.924000,134.925000,134.923000,134.924000
1383089520,134.928000,134.928000,134.911000,134.920000
1383089580,134.921000,134.921000,134.892000,134.911000
1383089640,134.913000,134.918000,134.910000,134.910000
1383089700,134.911000,134.926000,134.911000,134.926000
1383089760,134.925000,134.928000,134.925000,134.926000
1383089820,134.928000,134.935000,134.924000,134.934000
1383089880,134.935000,134.936000,134.934000,134.935000
1383089940,134.935000,134.948000,134.931000,134.948000
1383090000,134.949000,134.949000,134.945000,134.946000
1383090060,134.944000,134.944000,134.934000,134.934000
1383090120,134.935000,134.938000,134.933000,134.937000
1383090180,134.938000,134.946000,134.936000,134.946000
1383090240,134.948000,134.948000,134.932000,134.941000
1383090300,134.940000,134.958000,134.938000,134.947000
1383090360,134.949000,134.949000,134.934000,134.935000
1383090420,134.937000,134.958000,134.930000,134.943000
1383090480,134.938000,134.942000,134.933000,134.934000
1383090540,134.935000,134.940000,134.934000,134.935000
1383090600,134.934000,134.938000,134.908000,134.912000
1383090660,134.914000,134.933000,134.914000,134.923000
1383090720,134.921000,134.933000,134.919000,134.921000
1383090780,134.922000,134.925000,134.913000,134.913000
1383090840,134.912000,134.912000,134.894000,134.894000
1383090900,134.897000,134.921000,134.897000,134.919000
1383090960,134.917000,134.931000,134.908000,134.930000
1383091020,134.928000,134.941000,134.923000,134.941000
1383091080,134.939000,134.942000,134.938000,134.942000
1383091140,134.941000,134.948000,134.931000,134.931000
1383091200,134.930000,134.942000,134.918000,134.938000
1383091260,134.936000,134.938000,134.929000,134.929000
1383091320,134.928000,134.929000,134.920000,134.920000
1383091380,134.919000,134.970000,134.911000,134.945000
1383091440,134.948000,134.953000,134.932000,134.946000
1383091500,134.942000,134.959000,134.941000,134.956000
1383091560,134.958000,134.968000,134.952000,134.963000
1383091620,134.967000,134.974000,134.953000,134.963000
1383091680,134.966000,134.973000,134.960000,134.967000
1383091740,134.965000,134.965000,134.911000,134.923000
1383091800,134.932000,134.942000,134.928000,134.930000
1383091860,134.931000,134.936000,134.922000,134.923000
1383091920,134.924000,134.943000,134.920000,134.939000
1383091980,134.942000,134.955000,134.940000,134.941000
1383092040,134.938000,134.954000,134.930000,134.934000
1383092100,134.932000,134.965000,134.931000,134.958000
1383092160,134.957000,134.958000,134.939000,134.947000
1383092220,134.945000,134.954000,134.938000,134.951000
1383092280,134.952000,134.952000,134.945000,134.945000
1383092340,134.942000,134.944000,134.918000,134.921000
1383092400,134.921000,134.942000,134.920000,134.939000
1383092460,134.937000,134.939000,134.917000,134.921000
1383092520,134.925000,134.925000,134.904000,134.907000
1383092580,134.905000,134.914000,134.900000,134.908000
1383092640,134.910000,134.914000,134.893000,134.896000
1383092700,134.899000,134.910000,134.886000,134.910000
1383092760,134.909000,134.918000,134.889000,134.897000
1383092820,134.896000,134.903000,134.886000,134.898000
1383092880,134.904000,134.904000,134.877000,134.885000
1383092940,134.883000,134.904000,134.878000,134.888000
1383093000,134.885000,134.913000,134.885000,134.908000
1383093060,134.907000,134.925000,134.905000,134.917000
1383093120,134.918000,134.918000,134.895000,134.904000
1383093180,134.901000,134.921000,134.895000,134.915000
1383093240,134.918000,134.918000,134.895000,134.905000
1383093300,134.909000,134.931000,134.906000,134.919000
1383093360,134.920000,134.920000,134.897000,134.897000
1383093420,134.899000,134.921000,134.891000,134.912000
1383093480,134.911000,134.928000,134.908000,134.924000
1383093540,134.922000,134.932000,134.912000,134.932000
1383093600,134.929000,134.935000,134.925000,134.934000
1383093660,134.934000,134.941000,134.932000,134.941000
1383093720,134.940000,134.941000,134.903000,134.908000
1383093780,134.909000,134.949000,134.908000,134.938000
1383093840,134.937000,134.949000,134.937000,134.945000
1383093900,134.951000,134.951000,134.920000,134.920000
1383093960,134.917000,134.921000,134.880000,134.888000
1383094020,134.886000,134.898000,134.886000,134.891000
1383094080,134.889000,134.920000,134.888000,134.916000
1383094140,134.918000,134.921000,134.908000,134.916000
1383094200,134.915000,134.916000,134.896000,134.896000
1383094260,134.894000,134.901000,134.888000,134.894000
1383094320,134.895000,134.896000,134.866000,134.871000
1383094380,134.875000,134.885000,134.850000,134.885000
1383094440,134.888000,134.888000,134.870000,134.888000
1383094500,134.893000,134.908000,134.882000,134.903000
1383094560,134.901000,134.903000,134.882000,134.882000
1383094620,134.882000,134.895000,134.882000,134.890000
1383094680,134.888000,134.890000,134.883000,134.889000
1383094740,134.890000,134.890000,134.868000,134.872000
1383094800,134.875000,134.897000,134.874000,134.880000
1383094860,134.879000,134.879000,134.858000,134.859000
1383094920,134.857000,134.860000,134.844000,134.860000
1383094980,134.859000,134.892000,134.859000,134.881000
1383095040,134.882000,134.888000,134.878000,134.886000
1383095100,134.888000,134.888000,134.868000,134.869000
1383095160,134.868000,134.880000,134.866000,134.879000
1383095220,134.878000,134.908000,134.864000,134.908000
1383095280,134.904000,134.908000,134.873000,134.873000
1383095340,134.880000,134.906000,134.875000,134.893000
1383095400,134.894000,134.905000,134.880000,134.889000
1383095460,134.890000,134.893000,134.873000,134.878000
1383095520,134.877000,134.878000,134.857000,134.858000
1383095580,134.859000,134.871000,134.856000,134.870000
1383095640,134.871000,134.879000,134.861000,134.869000
1383095700,134.868000,134.888000,134.867000,134.880000
1383095760,134.881000,134.899000,134.880000,134.896000
1383095820,134.895000,134.895000,134.879000,134.882000
1383095880,134.883000,134.889000,134.842000,134.844000
1383095940,134.847000,134.861000,134.845000,134.854000
1383096000,134.852000,134.853000,134.830000,134.840000
1383096060,134.841000,134.849000,134.822000,134.823000
1383096120,134.820000,134.831000,134.818000,134.826000
1383096180,134.825000,134.835000,134.825000,134.833000
1383096240,134.831000,134.832000,134.805000,134.822000
1383096300,134.823000,134.839000,134.821000,134.825000
1383096360,134.827000,134.849000,134.822000,134.826000
1383096420,134.828000,134.830000,134.811000,134.812000
1383096480,134.810000,134.823000,134.798000,134.802000
1383096540,134.803000,134.818000,134.802000,134.817000
1383096600,134.818000,134.818000,134.793000,134.798000
1383096660,134.796000,134.796000,134.776000,134.779000
1383096720,134.780000,134.793000,134.779000,134.793000
1383096780,134.791000,134.797000,134.785000,134.797000
1383096840,134.796000,134.805000,134.756000,134.805000
1383096900,134.803000,134.803000,134.792000,134.802000
1383096960,134.801000,134.802000,134.793000,134.798000
1383097020,134.801000,134.819000,134.798000,134.815000
1383097080,134.816000,134.824000,134.813000,134.814000
1383097140,134.814000,134.821000,134.814000,134.821000
1383097200,134.820000,134.834000,134.819000,134.832000
1383097260,134.831000,134.838000,134.828000,134.831000
1383097320,134.833000,134.837000,134.819000,134.833000
1383097380,134.826000,134.828000,134.808000,134.810000
1383097440,134.811000,134.811000,134.806000,134.808000
1383097500,134.810000,134.820000,134.808000,134.820000
1383097560,134.821000,134.845000,134.821000,134.845000
1383097620,134.846000,134.858000,134.842000,134.858000
1383097680,134.857000,134.875000,134.857000,134.875000
1383097740,134.873000,134.873000,134.854000,134.867000
1383097800,134.868000,134.899000,134.866000,134.898000
1383097860,134.899000,134.922000,134.880000,134.909000
1383097920,134.908000,134.931000,134.906000,134.920000
1383097980,134.921000,134.923000,134.916000,134.923000
1383098040,134.924000,134.935000,134.924000,134.925000
1383098100,134.926000,134.950000,134.925000,134.928000
1383098160,134.932000,134.959000,134.932000,134.953000
1383098220,134.951000,134.961000,134.948000,134.961000
1383098280,134.960000,134.960000,134.929000,134.944000
1383098340,134.945000,134.950000,134.944000,134.948000
1383098400,134.947000,134.948000,134.913000,134.923000
1383098460,134.924000,134.930000,134.915000,134.918000
1383098520,134.919000,134.919000,134.894000,134.903000
1383098580,134.904000,134.930000,134.904000,134.930000
1383098640,134.929000,134.938000,134.914000,134.931000
1383098700,134.933000,134.933000,134.914000,134.917000
1383098760,134.918000,134.921000,134.906000,134.919000
1383098820,134.918000,134.919000,134.896000,134.896000
1383098880,134.897000,134.899000,134.882000,134.888000
1383098940,134.886000,134.895000,134.884000,134.884000
1383099000,134.887000,134.893000,134.886000,134.890000
1383099060,134.891000,134.904000,134.891000,134.897000
1383099120,134.896000,134.898000,134.888000,134.897000
1383099180,134.898000,134.904000,134.893000,134.902000
1383099240,134.904000,134.923000,134.898000,134.918000
1383099300,134.915000,134.925000,134.915000,134.916000
1383099360,134.918000,134.925000,134.903000,134.912000
1383099420,134.909000,134.920000,134.898000,134.919000
1383099480,134.920000,134.920000,134.908000,134.908000
1383099540,134.912000,134.918000,134.908000,134.916000
1383099600,134.915000,134.920000,134.913000,134.917000
1383099660,134.915000,134.918000,134.911000,134.913000
1383099720,134.912000,134.912000,134.898000,134.899000
1383099780,134.900000,134.902000,134.898000,134.902000
1383099840,134.903000,134.904000,134.895000,134.902000
1383099900,134.903000,134.903000,134.893000,134.894000
1383099960,134.896000,134.903000,134.896000,134.903000
1383100020,134.901000,134.901000,134.891000,134.895000
1383100080,134.896000,134.903000,134.893000,134.893000
1383100140,134.891000,134.892000,134.891000,134.892000
1383100200,134.890000,134.902000,134.890000,134.902000
1383100260,134.903000,134.911000,134.902000,134.908000
1383100320,134.905000,134.912000,134.905000,134.910000
1383100380,134.911000,134.911000,134.907000,134.908000
1383100440,134.910000,134.910000,134.903000,134.903000
1383100500,134.904000,134.909000,134.904000,134.906000
1383100560,134.908000,134.908000,134.903000,134.904000
1383100620,134.903000,134.908000,134.895000,134.905000
1383100680,134.903000,134.909000,134.903000,134.906000
1383100740,134.905000,134.909000,134.905000,134.909000
1383100800,134.908000,134.910000,134.905000,134.908000
1383100860,134.907000,134.910000,134.905000,134.906000
1383100920,134.909000,134.909000,134.903000,134.905000
1383100980,134.905000,134.908000,134.898000,134.900000
1383101040,134.898000,134.908000,134.892000,134.894000
1383101100,134.896000,134.898000,134.886000,134.888000
1383101160,134.886000,134.891000,134.856000,134.858000
1383101220,134.859000,134.876000,134.855000,134.873000
1383101280,134.872000,134.878000,134.871000,134.876000
1383101340,134.875000,134.878000,134.873000,134.875000
1383101400,134.874000,134.875000,134.868000,134.874000
1383101460,134.873000,134.878000,134.873000,134.876000
1383101520,134.877000,134.882000,134.875000,134.880000
1383101580,134.878000,134.902000,134.878000,134.901000
1383101640,134.898000,134.905000,134.898000,134.905000
1383101700,134.906000,134.906000,134.900000,134.901000
1383101760,134.900000,134.901000,134.895000,134.898000
1383101820,134.899000,134.899000,134.898000,134.898000
1383101880,134.897000,134.898000,134.896000,134.898000
1383101940,134.897000,134.899000,134.888000,134.892000
1383102000,134.895000,134.901000,134.892000,134.892000
1383102060,134.890000,134.890000,134.873000,134.884000
1383102120,134.882000,134.882000,134.868000,134.880000
1383102180,134.881000,134.882000,134.874000,134.878000
1383102240,134.875000,134.879000,134.874000,134.876000
1383102300,134.877000,134.881000,134.875000,134.881000
1383102360,134.881000,134.882000,134.881000,134.882000
1383102420,134.880000,134.881000,134.877000,134.878000
1383102480,134.877000,134.883000,134.876000,134.881000
1383102540,134.878000,134.882000,134.863000,134.864000
1383102600,134.867000,134.868000,134.862000,134.864000
1383102660,134.862000,134.881000,134.862000,134.881000
1383102720,134.876000,134.888000,134.876000,134.886000
1383102780,134.885000,134.898000,134.883000,134.887000
1383102840,134.887000,134.900000,134.873000,134.878000
1383102900,134.874000,134.887000,134.868000,134.877000
1383102960,134.873000,134.878000,134.873000,134.877000
1383103020,134.878000,134.881000,134.862000,134.869000
1383103080,134.868000,134.879000,134.863000,134.879000
1383103140,134.878000,134.892000,134.878000,134.890000
1383103200,134.888000,134.891000,134.887000,134.890000
1383103260,134.886000,134.888000,134.871000,134.881000
1383103320,134.882000,134.888000,134.872000,134.874000
1383103380,134.873000,134.884000,134.873000,134.884000
1383103440,134.882000,134.888000,134.875000,134.876000
1383103500,134.875000,134.878000,134.869000,134.869000
1383103560,134.871000,134.890000,134.871000,134.879000
1383103620,134.878000,134.883000,134.876000,134.881000
1383103680,134.880000,134.891000,134.880000,134.888000
1383103740,134.889000,134.889000,134.884000,134.885000
1383103800,134.887000,134.887000,134.876000,134.883000
1383103860,134.886000,134.888000,134.876000,134.877000
1383103920,134.878000,134.878000,134.874000,134.878000
1383103980,134.879000,134.880000,134.861000,134.861000
1383104040,134.863000,134.878000,134.863000,134.874000
1383104100,134.875000,134.881000,134.873000,134.876000
1383104160,134.878000,134.878000,134.874000,134.874000
1383104220,134.874000,134.876000,134.864000,134.875000
1383104280,134.876000,134.878000,134.875000,134.877000
1383104340,134.878000,134.884000,134.874000,134.874000
1383104400,134.877000,134.881000,134.873000,134.877000
1383104460,134.879000,134.883000,134.878000,134.883000
1383104520,134.884000,134.895000,134.870000,134.871000
1383104580,134.866000,134.876000,134.864000,134.876000
1383104640,134.878000,134.878000,134.868000,134.870000
1383104700,134.871000,134.871000,134.866000,134.867000
1383104760,134.869000,134.888000,134.867000,134.888000
1383104820,134.886000,134.886000,134.882000,134.882000
1383104880,134.881000,134.886000,134.878000,134.883000
1383104940,134.880000,134.881000,134.862000,134.865000
1383105000,134.866000,134.868000,134.860000,134.864000
1383105060,134.862000,134.866000,134.858000,134.864000
1383105120,134.860000,134.863000,134.857000,134.857000
1383105180,134.858000,134.861000,134.855000,134.856000
1383105240,134.859000,134.865000,134.858000,134.864000
1383105300,134.865000,134.869000,134.862000,134.862000
1383105360,134.858000,134.864000,134.845000,134.845000
1383105420,134.841000,134.841000,134.828000,134.830000
1383105480,134.829000,134.835000,134.814000,134.835000
1383105540,134.834000,134.842000,134.834000,134.839000
