time,open,high,low,close
1407297600,1.336700,1.336720,1.336700,1.336720
1407297720,1.336730,1.336730,1.336700,1.336700
1407297900,1.336690,1.336700,1.336680,1.336680
1407297960,1.336690,1.336770,1.336690,1.336700
1407298020,1.336720,1.336770,1.336670,1.336690
1407298080,1.336680,1.336690,1.336680,1.336680
1407298140,1.336690,1.336690,1.336650,1.336680
1407298260,1.336670,1.336700,1.336670,1.336700
1407298320,1.336690,1.336720,1.336690,1.336710
1407298380,1.336720,1.336780,1.336720,1.336770
1407298440,1.336780,1.336780,1.336770,1.336780
1407298500,1.336790,1.336800,1.336770,1.336780
1407298560,1.336770,1.336770,1.336700,1.336710
1407298620,1.336720,1.336730,1.336720,1.336720
1407298680,1.336740,1.336780,1.336740,1.336750
1407298740,1.336770,1.336770,1.336710,1.336720
1407298800,1.336730,1.336770,1.336730,1.336770
1407298860,1.336780,1.336780,1.336780,1.336780
1407298980,1.336770,1.336780,1.336770,1.336780
1407299040,1.336770,1.336780,1.336760,1.336780
1407299100,1.336770,1.336770,1.336770,1.336770
1407299160,1.336780,1.336800,1.336780,1.336800
1407299220,1.336830,1.336870,1.336800,1.336870
1407299280,1.336860,1.336870,1.336830,1.336830
1407299400,1.336840,1.336840,1.336770,1.336770
1407299460,1.336760,1.336870,1.336760,1.336860
1407299520,1.336850,1.336850,1.336760,1.336780
1407299580,1.336770,1.336780,1.336690,1.336690
1407299640,1.336710,1.336740,1.336700,1.336700
1407299700,1.336720,1.336750,1.336680,1.336680
1407299760,1.336650,1.336660,1.336610,1.336650
1407299820,1.336660,1.336670,1.336660,1.336670
1407299880,1.336660,1.336680,1.336660,1.336680
1407299940,1.336690,1.336750,1.336690,1.336700
1407300000,1.336720,1.336780,1.336710,1.336760
1407300060,1.336770,1.336850,1.336710,1.336740
1407300120,1.336730,1.336760,1.336710,1.336750
1407300180,1.336740,1.336750,1.336720,1.336720
1407300240,1.336710,1.336710,1.336610,1.336620
1407300300,1.336630,1.336630,1.336630,1.336630
1407300360,1.336640,1.336670,1.336620,1.336670
1407300420,1.336660,1.336710,1.336660,1.336690
1407300480,1.336660,1.336660,1.336640,1.336660
1407300540,1.336650,1.336670,1.336650,1.336670
1407300600,1.336690,1.336690,1.336680,1.336680
1407300660,1.336690,1.336690,1.336550,1.336570
1407300720,1.336560,1.336560,1.336560,1.336560
1407300780,1.336570,1.336580,1.336550,1.336570
1407300840,1.336580,1.336580,1.336570,1.336570
1407300900,1.336560,1.336560,1.336540,1.336540
1407300960,1.336550,1.336580,1.336540,1.336560
1407301020,1.336570,1.336590,1.336510,1.336530
1407301080,1.336540,1.336550,1.336490,1.336540
1407301140,1.336550,1.336640,1.336550,1.336580
1407301200,1.336570,1.336610,1.336570,1.336590
1407301260,1.336600,1.336600,1.336510,1.336530
1407301320,1.336520,1.336550,1.336490,1.336530
1407301380,1.336540,1.336550,1.336500,1.336540
1407301440,1.336550,1.336550,1.336420,1.336470
1407301500,1.336460,1.336470,1.336460,1.336470
1407301560,1.336460,1.336460,1.336410,1.336460
1407301620,1.336470,1.336530,1.336460,1.336460
1407301680,1.336450,1.336460,1.336450,1.336450
1407301740,1.336440,1.336440,1.336370,1.336400
1407301800,1.336410,1.336480,1.336410,1.336460
1407301860,1.336470,1.336490,1.336430,1.336490
1407301920,1.336480,1.336540,1.336460,1.336470
1407301980,1.336480,1.336480,1.336440,1.336440
1407302040,1.336450,1.336470,1.336430,1.336470
1407302160,1.336480,1.336500,1.336470,1.336480
1407302220,1.336470,1.336490,1.336460,1.336490
1407302280,1.336470,1.336480,1.336450,1.336480
1407302340,1.336470,1.336480,1.336440,1.336480
1407302400,1.336470,1.336490,1.336470,1.336480
1407302460,1.336490,1.336490,1.336460,1.336470
1407302520,1.336480,1.336480,1.336450,1.336450
1407302580,1.336440,1.336470,1.336410,1.336470
1407302640,1.336480,1.336500,1.336420,1.336420
1407302700,1.336430,1.336500,1.336430,1.336500
1407302760,1.336490,1.336560,1.336480,1.336510
1407302820,1.336520,1.336520,1.336440,1.336450
1407302880,1.336440,1.336490,1.336440,1.336490
1407303000,1.336480,1.336490,1.336470,1.336470
1407303060,1.336460,1.336470,1.336410,1.336430
1407303120,1.336420,1.336430,1.336400,1.336400
1407303180,1.336410,1.336410,1.336400,1.336400
1407303240,1.336390,1.336440,1.336390,1.336420
1407303300,1.336410,1.336420,1.336400,1.336400
1407303360,1.336410,1.336490,1.336400,1.336480
1407303420,1.336490,1.336490,1.336480,1.336480
1407303480,1.336490,1.336520,1.336490,1.336520
1407303540,1.336540,1.336580,1.336510,1.336580
1407303600,1.336570,1.336580,1.336520,1.336530
1407303660,1.336520,1.336570,1.336500,1.336560
1407303720,1.336570,1.336570,1.336560,1.336560
1407303780,1.336580,1.336620,1.336580,1.336610
1407303840,1.336630,1.336690,1.336600,1.336690
1407303900,1.336700,1.336770,1.336700,1.336760
1407303960,1.336770,1.336780,1.336760,1.336760
1407304020,1.336750,1.336790,1.336750,1.336780
1407304080,1.336790,1.336870,1.336790,1.336870
1407304140,1.336890,1.336900,1.336810,1.336810
1407304200,1.336820,1.336830,1.336810,1.336810
1407304260,1.336820,1.336860,1.336810,1.336850
1407304320,1.336860,1.336860,1.336840,1.336850
1407304380,1.336860,1.336860,1.336780,1.336780
1407304440,1.336790,1.336810,1.336680,1.336680
1407304500,1.336660,1.336660,1.336500,1.336530
1407304560,1.336520,1.336530,1.336490,1.336490
1407304620,1.336500,1.336500,1.336430,1.336440
1407304680,1.336450,1.336490,1.336390,1.336460
1407304740,1.336450,1.336450,1.336350,1.336380
1407304800,1.336390,1.336390,1.335850,1.335850
1407304860,1.335830,1.335890,1.335690,1.335890
1407304920,1.335910,1.336090,1.335620,1.335620
1407304980,1.335600,1.335640,1.334850,1.335120
1407305040,1.335140,1.335480,1.335140,1.335420
1407305100,1.335430,1.335710,1.335370,1.335710
1407305160,1.335730,1.335820,1.335340,1.335470
1407305220,1.335460,1.335690,1.335460,1.335650
1407305280,1.335640,1.335680,1.335450,1.335460
1407305340,1.335470,1.335660,1.335460,1.335660
1407305400,1.335690,1.335890,1.335570,1.335640
1407305460,1.335630,1.335630,1.335500,1.335550
1407305520,1.335540,1.335610,1.335510,1.335610
1407305580,1.335640,1.335730,1.335610,1.335670
1407305640,1.335680,1.335710,1.335670,1.335700
1407305700,1.335690,1.336040,1.335680,1.335940
1407305760,1.335920,1.335950,1.335760,1.335850
1407305820,1.335880,1.336070,1.335860,1.336060
1407305880,1.336040,1.336080,1.335960,1.335980
1407305940,1.335970,1.336060,1.335970,1.336060
1407306000,1.336070,1.336140,1.335980,1.336050
1407306060,1.336060,1.336170,1.336050,1.336160
1407306120,1.336150,1.336310,1.336060,1.336140
1407306180,1.336130,1.336160,1.336090,1.336160
1407306240,1.336170,1.336180,1.335990,1.335990
1407306300,1.336000,1.336170,1.336000,1.336170
1407306360,1.336180,1.336280,1.336070,1.336140
1407306420,1.336170,1.336200,1.336010,1.336070
1407306480,1.336080,1.336150,1.336080,1.336150
1407306540,1.336140,1.336270,1.336110,1.336250
1407306600,1.336230,1.336390,1.336200,1.336250
1407306660,1.336240,1.336250,1.336190,1.336230
1407306720,1.336240,1.336240,1.336180,1.336200
1407306780,1.336210,1.336250,1.336190,1.336190
1407306840,1.336180,1.336180,1.336090,1.336130
1407306900,1.336120,1.336210,1.336110,1.336160
1407306960,1.336150,1.336210,1.336050,1.336200
1407307020,1.336210,1.336240,1.336140,1.336150
1407307080,1.336140,1.336160,1.335980,1.336050
1407307140,1.336040,1.336090,1.335990,1.336000
1407307200,1.336010,1.336020,1.335940,1.335940
1407307260,1.335930,1.335960,1.335880,1.335890
1407307320,1.335880,1.335880,1.335680,1.335680
1407307380,1.335670,1.335670,1.335600,1.335640
1407307440,1.335650,1.335710,1.335620,1.335640
1407307500,1.335650,1.335650,1.335550,1.335550
1407307560,1.335540,1.335700,1.335470,1.335690
1407307620,1.335700,1.335960,1.335700,1.335890
1407307680,1.335880,1.335950,1.335880,1.335940
1407307740,1.335930,1.335950,1.335880,1.335940
1407307800,1.335950,1.335950,1.335880,1.335940
1407307860,1.335950,1.335970,1.335930,1.335950
1407307920,1.335920,1.335930,1.335760,1.335810
1407307980,1.335820,1.335830,1.335800,1.335820
1407308040,1.335830,1.335830,1.335810,1.335830
1407308100,1.335840,1.335910,1.335830,1.335830
1407308160,1.335820,1.335830,1.335780,1.335790
1407308220,1.335780,1.335780,1.335670,1.335680
1407308280,1.335670,1.335670,1.335640,1.335660
1407308340,1.335670,1.335840,1.335630,1.335830
1407308400,1.335840,1.336050,1.335840,1.336050
1407308460,1.336040,1.336140,1.336040,1.336080
1407308520,1.336070,1.336160,1.336060,1.336150
1407308580,1.336160,1.336300,1.336160,1.336190
1407308640,1.336180,1.336180,1.336080,1.336090
1407308700,1.336080,1.336190,1.336080,1.336190
1407308760,1.336200,1.336200,1.336040,1.336050
1407308820,1.336040,1.336140,1.336020,1.336030
1407308880,1.336040,1.336090,1.335980,1.336020
1407308940,1.336030,1.336030,1.335910,1.335940
1407309000,1.335950,1.335960,1.335850,1.335850
1407309060,1.335840,1.335860,1.335810,1.335830
1407309120,1.335840,1.335950,1.335830,1.335890
1407309180,1.335880,1.335950,1.335880,1.335910
1407309240,1.335900,1.336010,1.335900,1.335940
1407309300,1.335960,1.336010,1.335910,1.335960
1407309360,1.335950,1.335970,1.335880,1.335960
1407309420,1.335970,1.336180,1.335970,1.336170
1407309480,1.336160,1.336380,1.336150,1.336260
1407309540,1.336250,1.336260,1.336210,1.336250
1407309600,1.336260,1.336480,1.336250,1.336480
1407309660,1.336470,1.336550,1.336410,1.336430
1407309720,1.336420,1.336440,1.336270,1.336310
1407309780,1.336320,1.336430,1.336320,1.336330
1407309840,1.336340,1.336350,1.336310,1.336350
1407309900,1.336340,1.336360,1.336320,1.336360
1407309960,1.336350,1.336770,1.336350,1.336760
1407310020,1.336740,1.336740,1.336540,1.336700
1407310080,1.336680,1.336690,1.336650,1.336650
1407310140,1.336660,1.336890,1.336660,1.336870
1407310200,1.336860,1.336890,1.336760,1.336840
1407310260,1.336830,1.336990,1.336770,1.336960
1407310320,1.336950,1.336960,1.336790,1.336830
1407310380,1.336820,1.336940,1.336810,1.336940
1407310440,1.336950,1.336960,1.336920,1.336930
1407310500,1.336940,1.337050,1.336890,1.337030
1407310560,1.337040,1.337160,1.336930,1.336930
1407310620,1.336920,1.336940,1.336890,1.336920
1407310680,1.336930,1.337050,1.336880,1.336930
1407310740,1.336940,1.336950,1.336840,1.336940
1407310800,1.336930,1.337020,1.336920,1.337020
1407310860,1.337010,1.337030,1.336910,1.336930
1407310920,1.336920,1.336960,1.336910,1.336960
1407310980,1.336970,1.337090,1.336970,1.337020
1407311040,1.337010,1.337070,1.337010,1.337040
1407311100,1.337050,1.337160,1.337040,1.337140
1407311160,1.337130,1.337130,1.336750,1.336820
1407311220,1.336830,1.336830,1.336670,1.336770
1407311280,1.336800,1.336900,1.336760,1.336870
1407311340,1.336880,1.337040,1.336880,1.337000
1407311400,1.336990,1.337050,1.336970,1.337050
1407311460,1.337040,1.337050,1.336960,1.336970
1407311520,1.336980,1.337080,1.336970,1.337080
1407311580,1.337070,1.337100,1.337000,1.337070
1407311640,1.337080,1.337120,1.337040,1.337100
1407311700,1.337090,1.337090,1.336960,1.337040
1407311760,1.337050,1.337140,1.337040,1.337140
1407311820,1.337130,1.337240,1.337070,1.337230
1407311880,1.337220,1.337330,1.337140,1.337180
1407311940,1.337190,1.337220,1.337160,1.337170
1407312000,1.337160,1.337180,1.337050,1.337180
1407312060,1.337190,1.337370,1.337190,1.337280
1407312120,1.337270,1.337270,1.337210,1.337230
1407312180,1.337240,1.337250,1.337160,1.337160
1407312240,1.337170,1.337230,1.337140,1.337150
1407312300,1.337080,1.337180,1.337030,1.337150
1407312360,1.337140,1.337250,1.337080,1.337150
1407312420,1.337140,1.337270,1.337060,1.337090
1407312480,1.337080,1.337220,1.337080,1.337180
1407312540,1.337190,1.337300,1.337160,1.337220
1407312600,1.337210,1.337210,1.336960,1.337040
1407312660,1.337050,1.337060,1.336820,1.336930
1407312720,1.336920,1.336990,1.336920,1.336970
1407312780,1.336980,1.337060,1.336930,1.337060
1407312840,1.337050,1.337050,1.336920,1.336940
1407312900,1.336950,1.336960,1.336920,1.336950
1407312960,1.336940,1.336950,1.336920,1.336940
1407313020,1.336930,1.336940,1.336740,1.336810
1407313080,1.336820,1.336840,1.336780,1.336820
1407313140,1.336830,1.336840,1.336830,1.336830
1407313200,1.336820,1.336840,1.336760,1.336830
1407313260,1.336840,1.336880,1.336790,1.336800
1407313320,1.336790,1.336880,1.336770,1.336840
1407313380,1.336850,1.336850,1.336800,1.336830
1407313440,1.336800,1.336860,1.336800,1.336840
1407313500,1.336830,1.336860,1.336790,1.336840
1407313560,1.336850,1.337130,1.336850,1.337130
1407313620,1.337140,1.337380,1.337130,1.337300
1407313680,1.337290,1.337360,1.337150,1.337250
1407313740,1.337240,1.337310,1.337140,1.337180
1407313800,1.337140,1.337190,1.336880,1.337170
1407313860,1.337190,1.337210,1.336970,1.337090
1407313920,1.337080,1.337080,1.336820,1.336850
1407313980,1.336840,1.336860,1.336730,1.336840
1407314040,1.336850,1.336860,1.336790,1.336840
1407314100,1.336830,1.336830,1.336630,1.336690
1407314160,1.336700,1.336830,1.336660,1.336830
1407314220,1.336820,1.336860,1.336820,1.336850
1407314280,1.336840,1.336850,1.336770,1.336810
1407314340,1.336780,1.336940,1.336770,1.336940
1407314400,1.336930,1.336940,1.336780,1.336820
1407314460,1.336810,1.336840,1.336740,1.336740
1407314520,1.336730,1.336760,1.336640,1.336720
1407314580,1.336710,1.336740,1.336570,1.336630
1407314640,1.336620,1.336640,1.336500,1.336550
1407314700,1.336520,1.336650,1.336460,1.336630
1407314760,1.336640,1.336750,1.336630,1.336670
1407314820,1.336680,1.336740,1.336560,1.336640
1407314880,1.336650,1.336680,1.336560,1.336630
1407314940,1.336600,1.336690,1.336580,1.336660
1407315000,1.336650,1.336660,1.336560,1.336590
1407315060,1.336580,1.336640,1.336540,1.336560
1407315120,1.336570,1.336580,1.336480,1.336490
1407315180,1.336500,1.336550,1.336480,1.336490
1407315240,1.336480,1.336540,1.336480,1.336500
1407315300,1.336480,1.336540,1.336390,1.336540
1407315360,1.336550,1.336610,1.336540,1.336570
1407315420,1.336580,1.336600,1.336560,1.336600
1407315480,1.336590,1.336660,1.336550,1.336580
1407315540,1.336600,1.336640,1.336550,1.336580
1407315600,1.336520,1.336520,1.336020,1.336240
1407315660,1.336230,1.336230,1.335800,1.335840
1407315720,1.335850,1.335950,1.335840,1.335950
1407315780,1.335940,1.335990,1.335920,1.335990
1407315840,1.336000,1.336150,1.335960,1.336130
1407315900,1.336120,1.336280,1.336080,1.336270
1407315960,1.336280,1.336280,1.336130,1.336180
1407316020,1.336190,1.336370,1.336070,1.336370
1407316080,1.336360,1.336360,1.336240,1.336260
1407316140,1.336240,1.336260,1.336080,1.336090
1407316200,1.336070,1.336100,1.336000,1.336070
1407316260,1.336090,1.336210,1.336090,1.336140
1407316320,1.336120,1.336260,1.336120,1.336200
1407316380,1.336210,1.336260,1.336200,1.336250
1407316440,1.336270,1.336440,1.336220,1.336370
1407316500,1.336360,1.336360,1.336290,1.336340
1407316560,1.336350,1.336550,1.336330,1.336550
1407316620,1.336580,1.336580,1.336390,1.336460
1407316680,1.336450,1.336470,1.336380,1.336390
1407316740,1.336380,1.336430,1.336300,1.336380
1407316800,1.336370,1.336450,1.336290,1.336450
1407316860,1.336440,1.336520,1.336400,1.336410
1407316920,1.336400,1.336440,1.336240,1.336300
1407316980,1.336280,1.336280,1.336050,1.336140
1407317040,1.336130,1.336140,1.336030,1.336030
1407317100,1.336040,1.336110,1.336030,1.336050
1407317160,1.336040,1.336120,1.335990,1.336060
1407317220,1.336090,1.336130,1.335970,1.336020
1407317280,1.335990,1.336150,1.335960,1.336120
1407317340,1.336100,1.336250,1.336100,1.336220
1407317400,1.336200,1.336230,1.336020,1.336050
1407317460,1.336040,1.336160,1.336030,1.336040
1407317520,1.336050,1.336120,1.336030,1.336040
1407317580,1.336050,1.336200,1.336030,1.336200
1407317640,1.336220,1.336240,1.336170,1.336210
1407317700,1.336200,1.336280,1.336200,1.336250
1407317760,1.336260,1.336350,1.336220,1.336250
1407317820,1.336290,1.336400,1.336290,1.336390
1407317880,1.336380,1.336380,1.336310,1.336360
1407317940,1.336370,1.336380,1.336300,1.336340
1407318000,1.336330,1.336380,1.336280,1.336280
1407318060,1.336290,1.336290,1.336230,1.336240
1407318120,1.336280,1.336330,1.336230,1.336290
1407318180,1.336280,1.336290,1.336060,1.336100
1407318240,1.336110,1.336190,1.336070,1.336150
1407318300,1.336140,1.336180,1.336050,1.336090
1407318360,1.336080,1.336110,1.336030,1.336060
1407318420,1.336040,1.336040,1.335760,1.335820
1407318480,1.335830,1.335840,1.335720,1.335830
1407318540,1.335840,1.335840,1.335690,1.335780
1407318600,1.335790,1.335800,1.335680,1.335680
1407318660,1.335660,1.335680,1.335510,1.335680
1407318720,1.335670,1.335840,1.335630,1.335790
1407318780,1.335790,1.335800,1.335600,1.335620
1407318840,1.335600,1.335600,1.335480,1.335580
1407318900,1.335570,1.335620,1.335550,1.335600
1407318960,1.335630,1.335780,1.335630,1.335770
1407319020,1.335760,1.335790,1.335700,1.335780
1407319080,1.335770,1.335810,1.335770,1.335800
1407319140,1.335790,1.335830,1.335780,1.335790
1407319200,1.335800,1.335880,1.335690,1.335690
1407319260,1.335720,1.335770,1.335620,1.335760
1407319320,1.335750,1.335850,1.335680,1.335680
1407319380,1.335690,1.335770,1.335670,1.335690
1407319440,1.335670,1.335670,1.335570,1.335620
1407319500,1.335610,1.335660,1.335580,1.335650
1407319560,1.335650,1.335660,1.335570,1.335590
1407319620,1.335600,1.335650,1.335560,1.335640
1407319680,1.335630,1.335650,1.335470,1.335470
1407319740,1.335460,1.335460,1.335290,1.335300
1407319800,1.335290,1.335430,1.335270,1.335270
1407319860,1.335280,1.335290,1.335030,1.335030
1407319920,1.335040,1.335150,1.334630,1.334750
1407319980,1.334740,1.334740,1.334440,1.334520
1407320040,1.334500,1.334600,1.334080,1.334080
1407320100,1.334080,1.334210,1.333930,1.334140
1407320160,1.334130,1.334240,1.333940,1.334200
1407320220,1.334230,1.334450,1.334060,1.334410
1407320280,1.334420,1.334590,1.334390,1.334520
1407320340,1.334550,1.334620,1.334490,1.334550
1407320400,1.334560,1.334650,1.334480,1.334480
1407320460,1.334490,1.334530,1.334280,1.334330
1407320520,1.334320,1.334340,1.334220,1.334340
1407320580,1.334320,1.334360,1.334220,1.334280
1407320640,1.334290,1.334300,1.334030,1.334030
1407320700,1.334040,1.334120,1.333900,1.333920
1407320760,1.333910,1.334130,1.333910,1.334020
1407320820,1.334010,1.334100,1.333980,1.333990
1407320880,1.334000,1.334080,1.333980,1.333990
1407320940,1.333980,1.334030,1.333960,1.333990
1407321000,1.334020,1.334020,1.333230,1.333390
1407321060,1.333380,1.333450,1.333300,1.333430
1407321120,1.333440,1.333680,1.333370,1.333680
1407321180,1.333670,1.333810,1.333600,1.333800
1407321240,1.333790,1.334090,1.333770,1.333990
1407321300,1.333980,1.334150,1.333970,1.334070
1407321360,1.334080,1.334080,1.333790,1.333820
1407321420,1.333800,1.333800,1.333370,1.333420
1407321480,1.333410,1.333690,1.333400,1.333540
1407321540,1.333550,1.333670,1.333550,1.333660
1407321600,1.333670,1.333780,1.333580,1.333590
1407321660,1.333600,1.333670,1.333540,1.333560
1407321720,1.333570,1.333750,1.333570,1.333750
1407321780,1.333740,1.333800,1.333680,1.333690
1407321840,1.333680,1.333780,1.333660,1.333750
1407321900,1.333760,1.333800,1.333730,1.333790
1407321960,1.333800,1.333830,1.333720,1.333790
1407322020,1.333800,1.333890,1.333750,1.333770
1407322080,1.333780,1.333950,1.333780,1.333830
1407322140,1.333840,1.333910,1.333790,1.333820
1407322200,1.333830,1.334040,1.333830,1.333970
1407322260,1.333960,1.334050,1.333910,1.334000
1407322320,1.334010,1.334020,1.333970,1.333970
1407322380,1.333980,1.334020,1.333890,1.334020
1407322440,1.334010,1.334020,1.333840,1.333860
1407322500,1.333870,1.334190,1.333870,1.333990
1407322560,1.334000,1.334020,1.333950,1.333950
1407322620,1.333960,1.333980,1.333890,1.333900
1407322680,1.333910,1.333960,1.333900,1.333950
1407322740,1.333970,1.334120,1.333970,1.334100
1407322800,1.334110,1.334150,1.333990,1.334080
1407322860,1.334070,1.334260,1.334050,1.334140
1407322920,1.334130,1.334350,1.334130,1.334220
1407322980,1.334230,1.334330,1.334120,1.334280
1407323040,1.334260,1.334370,1.334230,1.334360
1407323100,1.334350,1.334380,1.334180,1.334220
1407323160,1.334230,1.334230,1.334010,1.334030
1407323220,1.334040,1.334130,1.334010,1.334020
1407323280,1.334030,1.334110,1.333760,1.333820
1407323340,1.333830,1.333860,1.333700,1.333700
1407323400,1.333710,1.333790,1.333660,1.333790
1407323460,1.333800,1.333910,1.333800,1.333910
1407323520,1.333930,1.334010,1.333910,1.333930
1407323580,1.333920,1.334020,1.333860,1.334020
1407323640,1.334010,1.334040,1.333870,1.334010
1407323700,1.334020,1.334100,1.333970,1.334090
1407323760,1.334080,1.334080,1.334000,1.334040
1407323820,1.334050,1.334120,1.334040,1.334070
1407323880,1.334080,1.334150,1.334030,1.334140
1407323940,1.334150,1.334150,1.334120,1.334120
1407324000,1.334130,1.334130,1.334040,1.334040
1407324060,1.334050,1.334120,1.334010,1.334110
1407324120,1.334120,1.334120,1.334020,1.334030
1407324180,1.334020,1.334030,1.334000,1.334000
1407324240,1.334020,1.334180,1.334020,1.334110
1407324300,1.334130,1.334150,1.334060,1.334070
1407324360,1.334080,1.334120,1.334040,1.334060
1407324420,1.334070,1.334180,1.334050,1.334060
1407324480,1.334070,1.334130,1.333860,1.333910
1407324540,1.333920,1.333940,1.333740,1.333780
1407324600,1.333800,1.333840,1.333700,1.333750
1407324660,1.333740,1.333840,1.333740,1.333790
1407324720,1.333800,1.333850,1.333760,1.333840
1407324780,1.333830,1.333900,1.333830,1.333840
1407324840,1.333850,1.333900,1.333840,1.333860
1407324900,1.333870,1.333910,1.333840,1.333900
1407324960,1.333910,1.333930,1.333800,1.333830
1407325020,1.333840,1.333920,1.333820,1.333920
1407325080,1.333930,1.334190,1.333930,1.334150
1407325140,1.334140,1.334140,1.334060,1.334130
1407325200,1.334110,1.334130,1.334000,1.334010
1407325260,1.334020,1.334240,1.334010,1.334240
1407325320,1.334230,1.334380,1.334220,1.334350
1407325380,1.334340,1.334410,1.334310,1.334360
1407325440,1.334370,1.334370,1.334210,1.334220
1407325500,1.334230,1.334250,1.334200,1.334220
1407325560,1.334230,1.334330,1.334230,1.334240
1407325620,1.334230,1.334230,1.334170,1.334170
1407325680,1.334180,1.334190,1.334030,1.334030
1407325740,1.334010,1.334100,1.333950,1.334040
1407325800,1.334050,1.334110,1.334040,1.334110
1407325860,1.334120,1.334190,1.334120,1.334130
1407325920,1.334170,1.334290,1.334160,1.334290
1407325980,1.334280,1.334300,1.334250,1.334300
1407326040,1.334290,1.334290,1.334190,1.334250
1407326100,1.334260,1.334320,1.334180,1.334230
1407326160,1.334220,1.334260,1.334180,1.334260
1407326220,1.334270,1.334340,1.334130,1.334180
1407326280,1.334170,1.334270,1.334170,1.334240
1407326340,1.334230,1.334230,1.334130,1.334170
1407326400,1.334180,1.334240,1.334170,1.334170
1407326460,1.334180,1.334180,1.334060,1.334130
1407326520,1.334120,1.334160,1.334030,1.334090
1407326580,1.334070,1.334080,1.333900,1.334020
1407326640,1.334030,1.334200,1.334010,1.334170
1407326700,1.334160,1.334240,1.334130,1.334240
1407326760,1.334230,1.334240,1.333920,1.333930
1407326820,1.333920,1.333930,1.333840,1.333910
1407326880,1.333900,1.333950,1.333860,1.333940
1407326940,1.333910,1.334010,1.333870,1.334000
1407327000,1.334010,1.334020,1.333980,1.334010
1407327060,1.334020,1.334150,1.334010,1.334120
1407327120,1.334110,1.334250,1.334110,1.334250
1407327180,1.334260,1.334450,1.334260,1.334390
1407327240,1.334400,1.334540,1.334390,1.334440
1407327300,1.334400,1.334400,1.334160,1.334160
1407327360,1.334170,1.334370,1.334170,1.334280
1407327420,1.334290,1.334370,1.334290,1.334310
1407327480,1.334300,1.334470,1.334300,1.334440
1407327540,1.334510,1.334530,1.334410,1.334450
1407327600,1.334440,1.334620,1.334440,1.334490
1407327660,1.334480,1.334610,1.334360,1.334510
1407327720,1.334520,1.334760,1.334490,1.334700
1407327780,1.334760,1.334890,1.334740,1.334880
1407327840,1.334890,1.335060,1.334780,1.335050
1407327900,1.335060,1.335070,1.334820,1.334880
1407327960,1.334890,1.334900,1.334850,1.334850
1407328020,1.334890,1.334900,1.334770,1.334780
1407328080,1.334760,1.334760,1.334620,1.334620
1407328140,1.334630,1.334650,1.334470,1.334540
1407328200,1.334560,1.334610,1.334280,1.334330
1407328260,1.334340,1.334630,1.334300,1.334460
1407328320,1.334440,1.334990,1.334420,1.334960
1407328380,1.334990,1.335260,1.334970,1.335170
1407328440,1.335160,1.335620,1.335130,1.335510
1407328500,1.335520,1.335530,1.335200,1.335210
1407328560,1.335220,1.335220,1.334960,1.335040
1407328620,1.335030,1.335220,1.335000,1.335190
1407328680,1.335200,1.335460,1.335170,1.335450
1407328740,1.335440,1.335440,1.335260,1.335330
1407328800,1.335320,1.335350,1.335180,1.335180
1407328860,1.335160,1.335220,1.335150,1.335210
1407328920,1.335170,1.335190,1.334600,1.334660
1407328980,1.334630,1.334710,1.334400,1.334650
1407329040,1.334640,1.334710,1.334570,1.334650
1407329100,1.334660,1.334830,1.334650,1.334770
1407329160,1.334780,1.334870,1.334770,1.334780
1407329220,1.334770,1.335200,1.334740,1.335060
1407329280,1.335030,1.335030,1.334750,1.334910
1407329340,1.334900,1.334980,1.334850,1.334850
1407329400,1.334880,1.334890,1.334660,1.334680
1407329460,1.334720,1.334850,1.334670,1.334760
1407329520,1.334770,1.334810,1.334660,1.334670
1407329580,1.334730,1.334740,1.334540,1.334570
1407329640,1.334600,1.334730,1.334570,1.334630
1407329700,1.334620,1.334850,1.334590,1.334800
1407329760,1.334810,1.334950,1.334770,1.334770
1407329820,1.334780,1.334780,1.334710,1.334750
1407329880,1.334760,1.334850,1.334660,1.334780
1407329940,1.334850,1.334970,1.334830,1.334830
1407330000,1.334820,1.335050,1.334820,1.335000
1407330060,1.335010,1.335100,1.334950,1.334980
1407330120,1.334990,1.334990,1.334930,1.334950
1407330180,1.334930,1.335000,1.334800,1.334870
1407330240,1.334880,1.334900,1.334860,1.334870
1407330300,1.334860,1.334860,1.334760,1.334780
1407330360,1.334770,1.334890,1.334750,1.334890
1407330420,1.334880,1.335140,1.334860,1.335060
1407330480,1.335050,1.335200,1.335000,1.335100
1407330540,1.335090,1.335090,1.334920,1.335030
1407330600,1.335040,1.335050,1.334890,1.334950
1407330660,1.334940,1.335020,1.334920,1.334980
1407330720,1.334970,1.335100,1.334960,1.335090
1407330780,1.335080,1.335130,1.335060,1.335070
1407330840,1.335060,1.335150,1.335030,1.335080
1407330900,1.335070,1.335240,1.335070,1.335070
1407330960,1.335060,1.335280,1.335060,1.335260
1407331020,1.335270,1.335330,1.335160,1.335300
1407331080,1.335290,1.335490,1.335290,1.335380
1407331140,1.335390,1.335390,1.335150,1.335270
1407331200,1.335250,1.335380,1.335200,1.335350
1407331260,1.335360,1.335400,1.335300,1.335350
1407331320,1.335360,1.335370,1.335210,1.335250
1407331380,1.335240,1.335320,1.335130,1.335320
1407331440,1.335330,1.335330,1.335120,1.335130
1407331500,1.335120,1.335130,1.335000,1.335030
1407331560,1.335040,1.335140,1.335010,1.335130
1407331620,1.335120,1.335210,1.335120,1.335170
1407331680,1.335180,1.335180,1.335130,1.335170
1407331740,1.335160,1.335220,1.335020,1.335040
1407331800,1.335050,1.335120,1.335010,1.335070
1407331860,1.335080,1.335170,1.334970,1.335160
1407331920,1.335180,1.335320,1.335140,1.335180
1407331980,1.335200,1.335210,1.334930,1.335020
1407332040,1.335040,1.335200,1.335010,1.335160
1407332100,1.335140,1.335210,1.335070,1.335100
1407332160,1.335090,1.335110,1.335000,1.335010
1407332220,1.335000,1.335040,1.334860,1.334940
1407332280,1.334930,1.335010,1.334860,1.334960
1407332340,1.334980,1.335030,1.334920,1.334950
1407332400,1.334940,1.334980,1.334770,1.334780
1407332460,1.334830,1.334830,1.334740,1.334780
1407332520,1.334790,1.334870,1.334670,1.334830
1407332580,1.334820,1.334870,1.334670,1.334690
1407332640,1.334680,1.334680,1.334590,1.334630
1407332700,1.334640,1.334640,1.334560,1.334620
1407332760,1.334600,1.334630,1.334520,1.334540
1407332820,1.334530,1.334640,1.334510,1.334600
1407332880,1.334610,1.334650,1.334480,1.334640
1407332940,1.334650,1.334690,1.334550,1.334640
1407333000,1.334650,1.334670,1.334570,1.334600
1407333060,1.334610,1.334660,1.334610,1.334640
1407333120,1.334650,1.334750,1.334640,1.334740
1407333180,1.334730,1.334840,1.334700,1.334710
1407333240,1.334730,1.334730,1.334600,1.334640
1407333300,1.334650,1.334770,1.334630,1.334740
1407333360,1.334720,1.334750,1.334700,1.334740
1407333420,1.334750,1.334750,1.334620,1.334670
1407333480,1.334660,1.334730,1.334600,1.334650
1407333540,1.334670,1.334750,1.334640,1.334710
1407333600,1.334720,1.334770,1.334620,1.334750
1407333660,1.334740,1.335130,1.334720,1.335080
1407333720,1.335090,1.335360,1.335070,1.335350
1407333780,1.335360,1.335390,1.335250,1.335380
1407333840,1.335390,1.335400,1.335220,1.335270
1407333900,1.335280,1.335370,1.335270,1.335320
1407333960,1.335330,1.335350,1.335280,1.335290
1407334020,1.335310,1.335340,1.335250,1.335310
1407334080,1.335300,1.335300,1.335280,1.335290
1407334140,1.335310,1.335310,1.335280,1.335290
1407334200,1.335280,1.335360,1.335270,1.335330
1407334260,1.335320,1.335340,1.335310,1.335320
1407334320,1.335330,1.335540,1.335330,1.335530
1407334380,1.335550,1.335570,1.335520,1.335550
1407334440,1.335540,1.335540,1.335410,1.335430
1407334500,1.335440,1.335560,1.335430,1.335470
1407334560,1.335480,1.335500,1.335440,1.335440
1407334620,1.335450,1.335490,1.335360,1.335440
1407334680,1.335430,1.335550,1.335410,1.335520
1407334740,1.335530,1.335560,1.335420,1.335430
1407334800,1.335420,1.335470,1.335410,1.335450
1407334860,1.335460,1.335520,1.335410,1.335480
1407334920,1.335490,1.335490,1.335390,1.335400
1407334980,1.335390,1.335470,1.335350,1.335350
1407335040,1.335340,1.335370,1.335270,1.335290
1407335100,1.335300,1.335510,1.335300,1.335500
1407335160,1.335510,1.335630,1.335400,1.335600
1407335220,1.335590,1.335630,1.335460,1.335470
1407335280,1.335490,1.335650,1.335490,1.335610
1407335340,1.335620,1.335640,1.335450,1.335550
1407335400,1.335540,1.335560,1.335320,1.335420
1407335460,1.335430,1.335450,1.335360,1.335370
1407335520,1.335400,1.335500,1.335360,1.335480
1407335580,1.335460,1.335580,1.335420,1.335570
1407335640,1.335610,1.335770,1.335600,1.335760
1407335700,1.335750,1.335780,1.335690,1.335760
1407335760,1.335750,1.335810,1.335620,1.335620
1407335820,1.335600,1.335720,1.335560,1.335700
1407335880,1.335710,1.335780,1.335630,1.335630
1407335940,1.335640,1.335740,1.335500,1.335520
1407336000,1.335530,1.335630,1.335480,1.335610
1407336060,1.335600,1.335610,1.335520,1.335570
1407336120,1.335560,1.335560,1.335510,1.335520
1407336180,1.335510,1.335530,1.335430,1.335430
1407336240,1.335410,1.335460,1.335360,1.335440
1407336300,1.335430,1.335550,1.335430,1.335530
1407336360,1.335520,1.335580,1.335520,1.335560
1407336420,1.335570,1.335630,1.335550,1.335570
1407336480,1.335560,1.335640,1.335550,1.335560
1407336540,1.335570,1.335660,1.335540,1.335650
1407336600,1.335670,1.335750,1.335600,1.335620
1407336660,1.335610,1.335640,1.335480,1.335570
1407336720,1.335550,1.335610,1.335500,1.335550
1407336780,1.335540,1.335610,1.335530,1.335580
1407336840,1.335570,1.335580,1.335570,1.335570
1407336900,1.335560,1.335600,1.335550,1.335590
1407336960,1.335580,1.335580,1.335510,1.335540
1407337020,1.335530,1.335630,1.335530,1.335600
1407337080,1.335620,1.335630,1.335520,1.335540
1407337140,1.335530,1.335580,1.335510,1.335570
1407337200,1.335580,1.335590,1.335370,1.335370
1407337260,1.335390,1.335440,1.335390,1.335410
1407337320,1.335400,1.335420,1.335370,1.335390
1407337380,1.335400,1.335420,1.335380,1.335390
1407337440,1.335400,1.335410,1.335350,1.335350
1407337500,1.335360,1.335400,1.335260,1.335280
1407337560,1.335290,1.335350,1.335250,1.335290
1407337620,1.335280,1.335340,1.335230,1.335280
1407337680,1.335270,1.335310,1.335210,1.335230
1407337740,1.335220,1.335270,1.335200,1.335260
1407337800,1.335270,1.335280,1.335240,1.335250
1407337860,1.335270,1.335360,1.335260,1.335330
1407337920,1.335320,1.335350,1.335130,1.335220
1407337980,1.335240,1.335260,1.335220,1.335230
1407338040,1.335240,1.335240,1.335150,1.335160
1407338100,1.335150,1.335210,1.335130,1.335160
1407338160,1.335170,1.335250,1.335100,1.335220
1407338220,1.335230,1.335230,1.335200,1.335210
1407338280,1.335220,1.335220,1.335110,1.335180
1407338340,1.335190,1.335230,1.335120,1.335120
1407338400,1.335110,1.335140,1.335060,1.335140
1407338460,1.335120,1.335130,1.334940,1.334960
1407338520,1.334970,1.334990,1.334950,1.334980
1407338580,1.334990,1.335070,1.334880,1.335050
1407338640,1.335040,1.335040,1.334910,1.334910
1407338700,1.334920,1.334940,1.334860,1.334900
1407338760,1.334890,1.334970,1.334890,1.334940
1407338820,1.334950,1.334980,1.334940,1.334940
1407338880,1.334950,1.335030,1.334940,1.334960
1407338940,1.334950,1.334990,1.334950,1.334980
1407339000,1.334990,1.335030,1.334980,1.335010
1407339060,1.335020,1.335220,1.335020,1.335160
1407339120,1.335170,1.335190,1.335100,1.335160
1407339180,1.335150,1.335250,1.335110,1.335240
1407339240,1.335250,1.335290,1.335190,1.335230
1407339300,1.335240,1.335240,1.334870,1.334930
1407339360,1.334940,1.334990,1.334930,1.334950
1407339420,1.334940,1.335200,1.334940,1.335180
1407339480,1.335170,1.335170,1.335080,1.335090
1407339540,1.335080,1.335120,1.334980,1.335120
1407339600,1.335140,1.335140,1.335080,1.335110
1407339660,1.335130,1.335230,1.335050,1.335230
1407339720,1.335200,1.335280,1.335180,1.335180
1407339780,1.335190,1.335190,1.335130,1.335180
1407339840,1.335170,1.335180,1.335060,1.335080
1407339900,1.335090,1.335260,1.335080,1.335240
1407339960,1.335250,1.335260,1.335250,1.335260
1407340020,1.335250,1.335360,1.335250,1.335350
1407340080,1.335380,1.335380,1.335270,1.335270
1407340140,1.335260,1.335340,1.335260,1.335280
1407340200,1.335270,1.335370,1.335260,1.335350
1407340260,1.335340,1.335350,1.335250,1.335250
1407340320,1.335260,1.335330,1.335250,1.335330
1407340380,1.335320,1.335350,1.335290,1.335350
1407340440,1.335340,1.335410,1.335340,1.335370
1407340500,1.335360,1.335380,1.335360,1.335360
1407340560,1.335370,1.335400,1.335300,1.335340
1407340620,1.335350,1.335370,1.335340,1.335350
1407340680,1.335360,1.335370,1.335330,1.335350
1407340740,1.335370,1.335400,1.335350,1.335370
1407340800,1.335380,1.335390,1.335360,1.335370
1407340860,1.335380,1.335380,1.335210,1.335220
1407340920,1.335230,1.335270,1.335220,1.335220
1407340980,1.335230,1.335260,1.335220,1.335240
1407341040,1.335250,1.335270,1.335250,1.335260
1407341100,1.335270,1.335610,1.335210,1.335480
1407341160,1.335460,1.335600,1.335410,1.335590
1407341220,1.335580,1.335590,1.335500,1.335510
1407341280,1.335520,1.335550,1.335510,1.335540
1407341340,1.335560,1.335700,1.335560,1.335690
1407341400,1.335680,1.335750,1.335670,1.335700
1407341460,1.335690,1.335850,1.335670,1.335840
1407341520,1.335830,1.335960,1.335790,1.335910
1407341580,1.335920,1.336020,1.335890,1.335980
1407341640,1.335970,1.335990,1.335950,1.335990
1407341700,1.335980,1.336590,1.335980,1.336560
1407341760,1.336570,1.337640,1.336570,1.337480
1407341820,1.337500,1.337890,1.337250,1.337640
1407341880,1.337650,1.337760,1.337340,1.337370
1407341940,1.337360,1.337380,1.336370,1.336510
1407342000,1.336520,1.336690,1.335960,1.336030
1407342060,1.336050,1.336720,1.336020,1.336700
1407342120,1.336680,1.337000,1.336250,1.336360
1407342180,1.336350,1.336520,1.336170,1.336480
1407342240,1.336470,1.336890,1.336320,1.336890
1407342300,1.336880,1.337500,1.336840,1.337500
1407342360,1.337510,1.337630,1.337330,1.337440
1407342420,1.337430,1.337680,1.337300,1.337650
1407342480,1.337630,1.337660,1.337430,1.337520
1407342540,1.337510,1.337650,1.337400,1.337580
1407342600,1.337560,1.337750,1.337500,1.337740
1407342660,1.337720,1.337720,1.337490,1.337550
1407342720,1.337570,1.337610,1.337410,1.337450
1407342780,1.337440,1.337550,1.337340,1.337550
1407342840,1.337560,1.337670,1.337560,1.337640
1407342900,1.337650,1.338110,1.337610,1.338090
1407342960,1.338040,1.338480,1.338030,1.338440
1407343020,1.338430,1.338610,1.338070,1.338240
1407343080,1.338250,1.338270,1.337850,1.337850
1407343140,1.337840,1.337920,1.337740,1.337820
1407343200,1.337810,1.337890,1.337710,1.337720
1407343260,1.337730,1.337740,1.337610,1.337710
1407343320,1.337700,1.337720,1.337270,1.337350
1407343380,1.337360,1.337400,1.337100,1.337150
1407343440,1.337140,1.337370,1.337140,1.337370
1407343500,1.337360,1.337560,1.337360,1.337490
1407343560,1.337470,1.337560,1.337460,1.337470
1407343620,1.337460,1.337460,1.337290,1.337350
1407343680,1.337340,1.337450,1.337230,1.337280
1407343740,1.337310,1.337360,1.337100,1.337150
1407343800,1.337140,1.337230,1.337130,1.337150
1407343860,1.337160,1.337250,1.337080,1.337090
1407343920,1.337110,1.337230,1.337060,1.337200
1407343980,1.337210,1.337240,1.337050,1.337060
1407344040,1.337070,1.337160,1.337020,1.337020
1407344100,1.336960,1.337040,1.336700,1.336720
1407344160,1.336710,1.337060,1.336710,1.337050
1407344220,1.337060,1.337110,1.336920,1.336940
1407344280,1.336950,1.336950,1.336840,1.336950
1407344340,1.336960,1.337120,1.336800,1.336800
1407344400,1.336820,1.336960,1.336800,1.336800
1407344460,1.336820,1.336850,1.336800,1.336830
1407344520,1.336820,1.336850,1.336800,1.336800
1407344580,1.336810,1.336850,1.336740,1.336850
1407344640,1.336840,1.336840,1.336760,1.336780
1407344700,1.336790,1.336820,1.336650,1.336670
1407344760,1.336660,1.336720,1.336630,1.336650
1407344820,1.336640,1.336760,1.336640,1.336680
1407344880,1.336690,1.336860,1.336660,1.336800
1407344940,1.336790,1.336940,1.336790,1.336900
1407345000,1.336890,1.336890,1.336790,1.336790
1407345060,1.336800,1.336830,1.336680,1.336740
1407345120,1.336750,1.336780,1.336750,1.336770
1407345180,1.336760,1.336770,1.336720,1.336750
1407345240,1.336770,1.336780,1.336690,1.336760
1407345300,1.336750,1.336760,1.336720,1.336750
1407345360,1.336740,1.336780,1.336740,1.336770
1407345420,1.336760,1.336780,1.336690,1.336770
1407345480,1.336780,1.336860,1.336770,1.336860
1407345540,1.336870,1.336920,1.336870,1.336910
1407345600,1.336900,1.336900,1.336880,1.336890
1407345660,1.336880,1.336890,1.336880,1.336890
1407345720,1.336900,1.336910,1.336890,1.336890
1407345780,1.336880,1.336890,1.336860,1.336870
1407345840,1.336880,1.336950,1.336780,1.336950
1407345900,1.336960,1.336970,1.336920,1.336960
1407345960,1.336950,1.336950,1.336950,1.336950
1407346020,1.336960,1.336960,1.336940,1.336940
1407346080,1.336950,1.336980,1.336870,1.336970
1407346140,1.336960,1.337060,1.336950,1.336950
1407346200,1.336960,1.336970,1.336940,1.336940
1407346260,1.336930,1.337000,1.336930,1.336950
1407346320,1.336960,1.336960,1.336950,1.336950
1407346380,1.336940,1.336990,1.336930,1.336990
1407346440,1.337000,1.337000,1.336970,1.336980
1407346500,1.336970,1.336970,1.336940,1.336940
1407346560,1.336950,1.336950,1.336850,1.336850
1407346620,1.336860,1.336870,1.336850,1.336870
1407346680,1.336860,1.336870,1.336840,1.336840
1407346740,1.336850,1.336870,1.336840,1.336870
1407346800,1.336860,1.336940,1.336860,1.336940
1407346860,1.336930,1.336930,1.336870,1.336880
1407346920,1.336870,1.336880,1.336820,1.336840
1407346980,1.336850,1.336850,1.336830,1.336830
1407347040,1.336840,1.337000,1.336830,1.337000
1407347100,1.336990,1.337080,1.336980,1.337070
1407347160,1.337060,1.337390,1.337060,1.337370
1407347220,1.337360,1.337370,1.337250,1.337370
1407347280,1.337390,1.337540,1.337370,1.337540
1407347340,1.337530,1.337630,1.337470,1.337570
1407347400,1.337560,1.337700,1.337560,1.337560
1407347460,1.337570,1.337760,1.337490,1.337680
1407347520,1.337720,1.337990,1.337720,1.337880
1407347580,1.337870,1.338360,1.337860,1.338120
1407347640,1.338080,1.338140,1.337990,1.338050
1407347700,1.338070,1.338080,1.337890,1.337890
1407347760,1.337870,1.338050,1.337820,1.337960
1407347820,1.337970,1.338000,1.337820,1.337870
1407347880,1.337890,1.337970,1.337740,1.337760
1407347940,1.337770,1.337840,1.337720,1.337740
1407348000,1.337730,1.337830,1.337720,1.337740
1407348060,1.337730,1.337730,1.337600,1.337620
1407348120,1.337600,1.337630,1.337470,1.337510
1407348180,1.337500,1.337510,1.337420,1.337440
1407348240,1.337450,1.337450,1.337340,1.337440
1407348300,1.337420,1.337560,1.337420,1.337560
1407348360,1.337530,1.337530,1.337450,1.337460
1407348420,1.337450,1.337480,1.337440,1.337440
1407348480,1.337450,1.337560,1.337430,1.337560
1407348540,1.337550,1.337580,1.337540,1.337580
1407348600,1.337570,1.337570,1.337470,1.337470
1407348660,1.337480,1.337600,1.337440,1.337600
1407348720,1.337590,1.337590,1.337490,1.337510
1407348780,1.337490,1.337510,1.337450,1.337510
1407348840,1.337500,1.337500,1.337460,1.337490
1407348900,1.337500,1.337500,1.337490,1.337490
1407348960,1.337500,1.337500,1.337490,1.337500
1407349020,1.337480,1.337500,1.337410,1.337490
1407349080,1.337500,1.337500,1.337440,1.337440
1407349140,1.337460,1.337480,1.337460,1.337480
1407349200,1.337470,1.337510,1.337470,1.337510
1407349260,1.337500,1.337540,1.337500,1.337520
1407349320,1.337530,1.337570,1.337530,1.337570
1407349380,1.337580,1.337650,1.337570,1.337650
1407349440,1.337660,1.337740,1.337610,1.337650
1407349500,1.337660,1.337750,1.337620,1.337740
1407349560,1.337730,1.337830,1.337690,1.337820
1407349620,1.337810,1.338060,1.337780,1.338010
1407349680,1.338020,1.338080,1.337980,1.338060
1407349740,1.338050,1.338060,1.338040,1.338050
1407349800,1.338040,1.338170,1.338040,1.338110
1407349860,1.338100,1.338160,1.337960,1.337970
1407349920,1.337960,1.338140,1.337960,1.338060
1407349980,1.338050,1.338060,1.337850,1.337920
1407350040,1.337930,1.338030,1.337920,1.338030
1407350100,1.338020,1.338030,1.337960,1.337970
1407350160,1.337980,1.337980,1.337940,1.337940
1407350220,1.337950,1.337950,1.337940,1.337950
1407350280,1.337960,1.337960,1.337940,1.337940
1407350340,1.337960,1.337960,1.337940,1.337950
1407350400,1.337970,1.338080,1.337960,1.338070
1407350460,1.338080,1.338250,1.338060,1.338210
1407350520,1.338190,1.338200,1.338120,1.338180
1407350580,1.338170,1.338180,1.338120,1.338140
1407350640,1.338130,1.338140,1.338120,1.338130
1407350700,1.338120,1.338150,1.338080,1.338080
1407350760,1.338060,1.338070,1.338010,1.338030
1407350820,1.338020,1.338040,1.337980,1.338030
1407350880,1.338020,1.338030,1.337920,1.337930
1407350940,1.337910,1.337940,1.337850,1.337860
1407351000,1.337870,1.337870,1.337860,1.337860
1407351060,1.337850,1.337860,1.337850,1.337860
1407351120,1.337850,1.337860,1.337850,1.337860
1407351180,1.337850,1.337850,1.337850,1.337850
1407351240,1.337860,1.337940,1.337860,1.337930
1407351300,1.337920,1.337940,1.337920,1.337940
1407351360,1.337950,1.338060,1.337950,1.338020
1407351420,1.338010,1.338020,1.337920,1.337920
1407351480,1.337870,1.337880,1.337830,1.337830
1407351540,1.337840,1.337840,1.337630,1.337650
1407351600,1.337640,1.337650,1.337630,1.337640
1407351660,1.337630,1.337650,1.337620,1.337650
1407351720,1.337660,1.337670,1.337620,1.337650
1407351780,1.337660,1.337660,1.337500,1.337500
1407351840,1.337490,1.337590,1.337490,1.337570
1407351900,1.337580,1.337630,1.337570,1.337630
1407351960,1.337640,1.337940,1.337640,1.337940
1407352020,1.337930,1.338050,1.337920,1.338040
1407352080,1.338030,1.338070,1.338030,1.338070
1407352140,1.338060,1.338170,1.338050,1.338140
1407352200,1.338150,1.338260,1.338140,1.338250
1407352260,1.338210,1.338220,1.338120,1.338130
1407352320,1.338140,1.338140,1.338120,1.338140
1407352380,1.338130,1.338140,1.338130,1.338140
1407352440,1.338130,1.338140,1.338130,1.338130
1407352500,1.338140,1.338140,1.338100,1.338110
1407352560,1.338080,1.338180,1.338050,1.338160
1407352620,1.338170,1.338210,1.338130,1.338150
1407352680,1.338140,1.338140,1.338110,1.338120
1407352740,1.338110,1.338150,1.338080,1.338130
1407352800,1.338120,1.338130,1.338100,1.338120
1407352860,1.338100,1.338140,1.338100,1.338120
1407352980,1.338110,1.338120,1.338030,1.338030
1407353040,1.338040,1.338040,1.338000,1.338000
1407353160,1.338020,1.338020,1.338000,1.338020
1407353220,1.338010,1.338020,1.337970,1.337980
1407353280,1.337970,1.337970,1.337940,1.337950
1407353340,1.337940,1.338070,1.337930,1.337980
1407353400,1.338020,1.338040,1.337950,1.337950
1407353460,1.337960,1.337960,1.337850,1.337870
1407353520,1.337880,1.337890,1.337810,1.337820
1407353580,1.337830,1.337870,1.337830,1.337870
1407353700,1.337860,1.337870,1.337840,1.337870
1407353760,1.337860,1.337880,1.337860,1.337870
1407353820,1.337860,1.337860,1.337840,1.337850
1407353880,1.337840,1.337850,1.337840,1.337850
1407353940,1.337840,1.337840,1.337790,1.337830
1407354000,1.337820,1.337830,1.337780,1.337790
1407354060,1.337800,1.337850,1.337800,1.337850
1407354120,1.337860,1.337860,1.337800,1.337810
1407354180,1.337800,1.337860,1.337800,1.337860
1407354240,1.337850,1.337870,1.337770,1.337840
1407354300,1.337830,1.337940,1.337830,1.337930
1407354360,1.337920,1.337940,1.337880,1.337930
1407354420,1.337940,1.337940,1.337920,1.337930
1407354480,1.337920,1.337920,1.337900,1.337920
1407354540,1.337930,1.337980,1.337930,1.337980
1407354600,1.338000,1.338030,1.338000,1.338000
1407354660,1.338010,1.338010,1.338000,1.338000
1407354720,1.337990,1.338070,1.337990,1.338060
1407354780,1.338050,1.338080,1.338040,1.338080
1407354840,1.338090,1.338090,1.338060,1.338070
1407354900,1.338060,1.338060,1.338060,1.338060
1407354960,1.338070,1.338070,1.338040,1.338050
1407355020,1.338040,1.338040,1.337870,1.337870
1407355080,1.337880,1.337930,1.337880,1.337900
1407355140,1.337910,1.337930,1.337860,1.337860
1407355200,1.337840,1.337840,1.337780,1.337790
1407355260,1.337780,1.337800,1.337760,1.337780
1407355320,1.337770,1.337780,1.337740,1.337750
1407355380,1.337740,1.337800,1.337730,1.337770
1407355440,1.337780,1.337890,1.337770,1.337870
1407355500,1.337860,1.337910,1.337860,1.337910
1407355560,1.337890,1.337890,1.337800,1.337800
1407355620,1.337810,1.337840,1.337800,1.337820
1407355680,1.337810,1.337840,1.337800,1.337840
1407355740,1.337860,1.337890,1.337850,1.337890
1407355800,1.337900,1.337900,1.337890,1.337900
1407355860,1.337910,1.337910,1.337890,1.337890
1407355920,1.337900,1.337900,1.337900,1.337900
1407355980,1.337910,1.337920,1.337910,1.337910
1407356040,1.337890,1.337910,1.337890,1.337910
1407356100,1.337920,1.337940,1.337910,1.337930
1407356160,1.337920,1.337980,1.337920,1.337970
1407356220,1.337980,1.337990,1.337970,1.337980
1407356340,1.337930,1.337970,1.337930,1.337970
1407356400,1.337960,1.337990,1.337960,1.337990
1407356460,1.337980,1.337980,1.337960,1.337960
1407356520,1.337970,1.338010,1.337960,1.337990
1407356580,1.338010,1.338070,1.338010,1.338060
1407356640,1.338050,1.338060,1.338050,1.338060
1407356700,1.338050,1.338060,1.338050,1.338060
1407356760,1.338050,1.338060,1.338050,1.338060
1407356820,1.338070,1.338090,1.338070,1.338080
1407356880,1.338090,1.338100,1.338080,1.338090
1407356940,1.338100,1.338110,1.338070,1.338080
1407357000,1.338090,1.338090,1.338080,1.338090
1407357060,1.338080,1.338090,1.338080,1.338090
1407357120,1.338100,1.338110,1.338060,1.338100
1407357180,1.338110,1.338120,1.338100,1.338110
1407357240,1.338130,1.338140,1.338120,1.338120
1407357300,1.338110,1.338110,1.338100,1.338110
1407357360,1.338100,1.338110,1.338100,1.338100
1407357420,1.338110,1.338110,1.338080,1.338080
1407357480,1.338090,1.338130,1.338090,1.338130
1407357540,1.338150,1.338290,1.338150,1.338170
1407357600,1.338150,1.338160,1.338100,1.338160
1407357660,1.338150,1.338150,1.338150,1.338150
1407357840,1.338160,1.338160,1.338150,1.338150
1407357900,1.338160,1.338210,1.338160,1.338200
1407357960,1.338190,1.338230,1.338170,1.338190
1407358020,1.338170,1.338220,1.338170,1.338210
1407358080,1.338200,1.338280,1.338200,1.338250
1407358140,1.338260,1.338310,1.338260,1.338270
1407358200,1.338280,1.338310,1.338200,1.338200
1407358260,1.338210,1.338250,1.338180,1.338180
1407358320,1.338190,1.338200,1.338180,1.338190
1407358380,1.338200,1.338240,1.338200,1.338210
1407358440,1.338200,1.338210,1.338190,1.338210
1407358500,1.338200,1.338210,1.338130,1.338130
1407358560,1.338110,1.338280,1.338110,1.338260
1407358620,1.338280,1.338280,1.338250,1.338270
1407358680,1.338260,1.338320,1.338160,1.338160
1407358740,1.338220,1.338320,1.338160,1.338190
1407358800,1.338170,1.338260,1.338140,1.338210
1407358860,1.338200,1.338260,1.338160,1.338260
1407358920,1.338300,1.338330,1.338150,1.338320
1407358980,1.338270,1.338300,1.338140,1.338240
1407359040,1.338250,1.338320,1.338190,1.338290
1407359100,1.338310,1.338310,1.338310,1.338310
1407359160,1.338300,1.338300,1.338240,1.338240
1407359220,1.338250,1.338260,1.338250,1.338260
1407359280,1.338270,1.338290,1.338270,1.338290
1407359340,1.338280,1.338320,1.338280,1.338300
1407359400,1.338310,1.338310,1.338280,1.338280
1407359460,1.338290,1.338320,1.338280,1.338280
1407359520,1.338330,1.338570,1.338320,1.338540
1407359580,1.338530,1.338710,1.338410,1.338470
1407359640,1.338460,1.338470,1.338450,1.338460
1407359700,1.338470,1.338470,1.338320,1.338420
1407359760,1.338380,1.338380,1.338220,1.338340
1407359820,1.338350,1.338420,1.338350,1.338400
1407359880,1.338380,1.338450,1.338370,1.338390
1407359940,1.338400,1.338450,1.338400,1.338420
1407360000,1.338430,1.338430,1.338300,1.338330
1407360060,1.338310,1.338330,1.338310,1.338320
1407360120,1.338330,1.338350,1.338230,1.338340
1407360180,1.338310,1.338390,1.338310,1.338390
1407360240,1.338370,1.338370,1.338360,1.338370
1407360300,1.338360,1.338360,1.338350,1.338350
1407360360,1.338360,1.338380,1.338340,1.338380
1407360420,1.338390,1.338440,1.338370,1.338430
1407360480,1.338420,1.338420,1.338420,1.338420
1407360540,1.338440,1.338440,1.338360,1.338390
1407360600,1.338370,1.338370,1.338360,1.338360
1407360660,1.338350,1.338370,1.338340,1.338350
1407360720,1.338360,1.338360,1.338350,1.338360
1407360780,1.338350,1.338450,1.338340,1.338340
1407360840,1.338330,1.338340,1.338330,1.338340
1407360900,1.338330,1.338370,1.338320,1.338370
1407360960,1.338340,1.338350,1.338340,1.338350
1407361020,1.338330,1.338340,1.338330,1.338340
1407361080,1.338350,1.338360,1.338350,1.338350
1407361140,1.338360,1.338360,1.338360,1.338360
1407361200,1.338350,1.338360,1.338350,1.338360
1407361260,1.338350,1.338350,1.338350,1.338350
1407361320,1.338340,1.338340,1.338280,1.338290
1407361380,1.338280,1.338300,1.338280,1.338300
1407361440,1.338310,1.338310,1.338310,1.338310
1407361500,1.338360,1.338370,1.338360,1.338370
1407361560,1.338340,1.338360,1.338340,1.338360
1407361620,1.338520,1.338550,1.338350,1.338350
1407361680,1.338370,1.338370,1.338340,1.338370
1407361740,1.338390,1.338410,1.338370,1.338370
1407361800,1.338360,1.338360,1.338360,1.338360
1407362040,1.338350,1.338350,1.338120,1.338140
1407362100,1.338080,1.338470,1.338070,1.338440
1407362160,1.338460,1.338510,1.338440,1.338510
1407362220,1.338490,1.338520,1.338490,1.338510
1407362280,1.338500,1.338500,1.338280,1.338300
1407362340,1.338280,1.338360,1.338120,1.338340
1407362400,1.338310,1.338310,1.338090,1.338190
1407362460,1.338210,1.338300,1.338210,1.338280
1407362520,1.338260,1.338260,1.338160,1.338170
1407362580,1.338180,1.338180,1.338180,1.338180
1407362640,1.338150,1.338150,1.338120,1.338130
1407362700,1.338150,1.338190,1.338140,1.338150
1407362760,1.338160,1.338190,1.338130,1.338130
1407362820,1.338120,1.338230,1.338110,1.338120
1407362880,1.338110,1.338110,1.338090,1.338100
1407363000,1.338090,1.338090,1.338090,1.338090
1407363180,1.338100,1.338110,1.338100,1.338110
1407363240,1.338100,1.338100,1.338100,1.338100
1407363300,1.338090,1.338090,1.338090,1.338090
1407363360,1.338100,1.338110,1.338080,1.338110
1407363420,1.338100,1.338100,1.338090,1.338090
1407363480,1.338100,1.338100,1.338010,1.338010
1407363540,1.338020,1.338100,1.338000,1.338100
1407363600,1.338070,1.338100,1.338030,1.338090
1407363660,1.338080,1.338090,1.338080,1.338090
1407363720,1.338080,1.338090,1.338050,1.338060
1407363780,1.338050,1.338050,1.338000,1.338000
1407363840,1.338010,1.338010,1.337950,1.337970
1407363900,1.337960,1.338090,1.337950,1.338010
1407363960,1.337990,1.338000,1.337990,1.338000
1407364020,1.337990,1.338010,1.337990,1.338000
1407364080,1.337980,1.337990,1.337970,1.337980
1407364200,1.337990,1.337990,1.337990,1.337990
1407364260,1.338000,1.338010,1.338000,1.338010
1407364320,1.338000,1.338020,1.338000,1.338010
1407364380,1.338020,1.338030,1.338020,1.338020
1407364440,1.338010,1.338010,1.337980,1.337980
1407364500,1.337970,1.337980,1.337970,1.337980
1407364560,1.337940,1.338030,1.337900,1.338020
1407364680,1.338010,1.338010,1.338010,1.338010
1407364800,1.338000,1.338000,1.338000,1.338000
1407364860,1.338010,1.338020,1.338010,1.338020
1407364920,1.338010,1.338010,1.338000,1.338010
1407364980,1.338000,1.338010,1.338000,1.338000
1407365040,1.338010,1.338030,1.338000,1.338000
1407365100,1.338010,1.338010,1.338010,1.338010
1407365160,1.338050,1.338170,1.338050,1.338160
1407365220,1.338170,1.338250,1.338170,1.338220
1407365280,1.338240,1.338250,1.338230,1.338240
1407365340,1.338230,1.338230,1.338200,1.338230
1407365400,1.338220,1.338220,1.338190,1.338190
1407365460,1.338200,1.338210,1.338200,1.338210
1407365520,1.338200,1.338210,1.338190,1.338190
1407365640,1.338180,1.338190,1.338180,1.338190
1407365700,1.338180,1.338190,1.338180,1.338180
1407365760,1.338190,1.338200,1.338180,1.338200
1407365820,1.338220,1.338220,1.338210,1.338210
1407365880,1.338220,1.338220,1.338220,1.338220
1407365940,1.338210,1.338240,1.338200,1.338240
1407366000,1.338230,1.338240,1.338200,1.338200
1407366060,1.338210,1.338210,1.338200,1.338200
1407366120,1.338210,1.338210,1.338190,1.338200
1407366180,1.338210,1.338210,1.338190,1.338200
1407366240,1.338210,1.338220,1.338200,1.338210
1407366300,1.338200,1.338210,1.338200,1.338200
1407366360,1.338210,1.338210,1.338210,1.338210
1407366420,1.338200,1.338210,1.338200,1.338210
1407366480,1.338220,1.338260,1.338210,1.338260
1407366540,1.338250,1.338260,1.338240,1.338260
1407366600,1.338270,1.338280,1.338260,1.338270
1407366660,1.338260,1.338260,1.338180,1.338180
1407366720,1.338200,1.338200,1.338180,1.338200
1407366780,1.338210,1.338280,1.338210,1.338280
1407366960,1.338290,1.338290,1.338260,1.338260
1407367020,1.338250,1.338270,1.338250,1.338260
1407367080,1.338270,1.338270,1.338270,1.338270
1407367140,1.338280,1.338280,1.338270,1.338270
1407367200,1.338280,1.338280,1.338270,1.338270
1407367260,1.338280,1.338280,1.338270,1.338270
1407367320,1.338280,1.338280,1.338280,1.338280
1407367380,1.338270,1.338280,1.338270,1.338280
1407367440,1.338270,1.338270,1.338260,1.338270
1407367500,1.338240,1.338250,1.338240,1.338250
1407367560,1.338260,1.338280,1.338260,1.338270
1407367620,1.338250,1.338250,1.338210,1.338230
1407367680,1.338220,1.338220,1.338220,1.338220
1407367740,1.338210,1.338210,1.338080,1.338080
1407367800,1.338070,1.338090,1.338070,1.338090
1407367860,1.338080,1.338100,1.338060,1.338090
1407367920,1.338100,1.338100,1.338090,1.338090
1407368040,1.338100,1.338100,1.338100,1.338100
1407368100,1.338110,1.338110,1.338090,1.338090
1407368160,1.338080,1.338080,1.338050,1.338050
1407368220,1.338040,1.338080,1.338040,1.338060
1407368280,1.338070,1.338070,1.338070,1.338070
1407368340,1.338060,1.338080,1.338060,1.338080
1407368400,1.338070,1.338080,1.338050,1.338070
1407368460,1.338060,1.338080,1.338050,1.338080
1407368520,1.338090,1.338100,1.338090,1.338100
1407368580,1.338110,1.338120,1.338110,1.338120
1407368640,1.338130,1.338130,1.338120,1.338120
1407368700,1.338110,1.338120,1.338110,1.338120
1407368820,1.338100,1.338150,1.338100,1.338150
1407368880,1.338160,1.338180,1.338160,1.338170
1407368940,1.338160,1.338160,1.338150,1.338160
1407369000,1.338150,1.338160,1.338150,1.338160
1407369060,1.338170,1.338170,1.338080,1.338080
1407369120,1.338070,1.338070,1.338050,1.338060
1407369180,1.338050,1.338050,1.338050,1.338050
1407369240,1.338060,1.338060,1.338060,1.338060
1407369300,1.338050,1.338050,1.337990,1.338000
1407369360,1.337990,1.338000,1.337980,1.337980
1407369420,1.337990,1.338000,1.337990,1.337990
1407369480,1.338000,1.338000,1.337880,1.337880
1407369540,1.337890,1.337940,1.337890,1.337890
1407369600,1.337900,1.337940,1.337830,1.337930
1407369660,1.337940,1.338050,1.337940,1.338000
1407369720,1.338020,1.338330,1.338020,1.338310
1407369780,1.338300,1.338340,1.338290,1.338320
1407369840,1.338310,1.338490,1.338300,1.338490
1407369900,1.338480,1.338610,1.338450,1.338510
1407369960,1.338520,1.338590,1.338490,1.338580
1407370020,1.338590,1.338640,1.338570,1.338630
1407370080,1.338620,1.338740,1.338510,1.338510
1407370140,1.338520,1.338530,1.338500,1.338500
1407370200,1.338510,1.338580,1.338490,1.338570
1407370260,1.338550,1.338580,1.338480,1.338480
1407370320,1.338470,1.338520,1.338470,1.338500
1407370380,1.338480,1.338530,1.338480,1.338510
1407370440,1.338520,1.338560,1.338510,1.338550
1407370500,1.338540,1.338550,1.338490,1.338500
1407370560,1.338490,1.338580,1.338490,1.338580
1407370620,1.338570,1.338580,1.338520,1.338570
1407370680,1.338560,1.338580,1.338500,1.338530
1407370740,1.338520,1.338580,1.338510,1.338560
1407370800,1.338550,1.338550,1.338520,1.338530
1407370860,1.338520,1.338520,1.338500,1.338510
1407370920,1.338500,1.338520,1.338490,1.338510
1407370980,1.338500,1.338510,1.338450,1.338500
1407371040,1.338490,1.338540,1.338490,1.338520
1407371100,1.338510,1.338510,1.338500,1.338510
1407371160,1.338500,1.338560,1.338500,1.338550
1407371220,1.338560,1.338560,1.338530,1.338540
1407371280,1.338530,1.338550,1.338510,1.338510
1407371340,1.338500,1.338520,1.338500,1.338510
1407371400,1.338500,1.338570,1.338500,1.338510
1407371460,1.338520,1.338520,1.338520,1.338520
1407371520,1.338510,1.338510,1.338370,1.338430
1407371580,1.338420,1.338490,1.338370,1.338380
1407371640,1.338370,1.338380,1.338250,1.338340
1407371700,1.338330,1.338330,1.338280,1.338290
1407371760,1.338280,1.338300,1.338280,1.338280
1407371820,1.338290,1.338350,1.338290,1.338340
1407371880,1.338350,1.338370,1.338350,1.338350
1407371940,1.338330,1.338360,1.338300,1.338350
1407372000,1.338340,1.338370,1.338310,1.338360
1407372060,1.338370,1.338370,1.338300,1.338300
1407372120,1.338310,1.338310,1.338260,1.338270
1407372180,1.338290,1.338360,1.338230,1.338240
1407372240,1.338230,1.338300,1.338220,1.338280
1407372300,1.338290,1.338380,1.338290,1.338330
1407372360,1.338310,1.338320,1.338290,1.338300
1407372420,1.338290,1.338320,1.338270,1.338280
1407372480,1.338300,1.338330,1.338290,1.338330
1407372540,1.338310,1.338330,1.338260,1.338310
1407372600,1.338300,1.338320,1.338300,1.338320
1407372660,1.338310,1.338310,1.338230,1.338230
1407372720,1.338220,1.338240,1.338220,1.338230
1407372780,1.338240,1.338270,1.338240,1.338250
1407372840,1.338230,1.338240,1.338190,1.338200
1407372900,1.338220,1.338280,1.338170,1.338190
1407372960,1.338200,1.338260,1.338200,1.338260
1407373020,1.338230,1.338230,1.338180,1.338190
1407373080,1.338180,1.338190,1.338150,1.338160
1407373140,1.338180,1.338190,1.338180,1.338190
1407373200,1.338170,1.338170,1.338160,1.338170
1407373260,1.338160,1.338250,1.338150,1.338230
1407373320,1.338240,1.338240,1.338190,1.338210
1407373380,1.338200,1.338200,1.338170,1.338170
1407373440,1.338160,1.338170,1.338150,1.338150
1407373500,1.338170,1.338170,1.338120,1.338140
1407373560,1.338150,1.338150,1.338140,1.338140
1407373620,1.338150,1.338260,1.338150,1.338200
1407373680,1.338210,1.338210,1.338200,1.338210
1407373740,1.338220,1.338220,1.338200,1.338210
1407373800,1.338220,1.338230,1.338190,1.338210
1407373860,1.338190,1.338210,1.338160,1.338160
1407373920,1.338170,1.338240,1.338160,1.338230
1407373980,1.338220,1.338240,1.338200,1.338230
1407374040,1.338240,1.338270,1.338230,1.338250
1407374100,1.338260,1.338260,1.338220,1.338220
1407374160,1.338210,1.338210,1.338190,1.338190
1407374220,1.338200,1.338220,1.338180,1.338180
1407374280,1.338170,1.338170,1.338160,1.338170
1407374340,1.338180,1.338190,1.338180,1.338180
1407374400,1.338190,1.338260,1.338190,1.338220
1407374460,1.338210,1.338290,1.338200,1.338270
1407374520,1.338260,1.338270,1.338200,1.338220
1407374580,1.338230,1.338240,1.338190,1.338200
1407374640,1.338230,1.338270,1.338230,1.338270
1407374700,1.338280,1.338300,1.338260,1.338260
1407374760,1.338270,1.338270,1.338240,1.338250
1407374820,1.338260,1.338430,1.338260,1.338360
1407374880,1.338350,1.338410,1.338260,1.338260
1407374940,1.338250,1.338270,1.338210,1.338230
1407375000,1.338130,1.338160,1.337970,1.337990
1407375060,1.337980,1.338210,1.337940,1.338200
1407375120,1.338170,1.338310,1.338110,1.338310
1407375180,1.338300,1.338480,1.338290,1.338480
1407375240,1.338470,1.338900,1.338470,1.338870
1407375300,1.338860,1.338950,1.338780,1.338780
1407375360,1.338770,1.338770,1.338490,1.338500
1407375420,1.338510,1.338640,1.338510,1.338580
1407375480,1.338570,1.338740,1.338510,1.338730
1407375540,1.338720,1.338940,1.338690,1.338810
1407375600,1.338830,1.338830,1.338630,1.338650
1407375660,1.338660,1.338750,1.338630,1.338640
1407375720,1.338630,1.338650,1.338610,1.338610
1407375780,1.338600,1.338670,1.338520,1.338670
1407375840,1.338690,1.338850,1.338690,1.338780
1407375900,1.338790,1.338820,1.338780,1.338810
1407375960,1.338800,1.338950,1.338800,1.338930
1407376020,1.338920,1.339030,1.338910,1.339020
1407376080,1.339010,1.339010,1.338860,1.338870
1407376140,1.338880,1.338950,1.338770,1.338890
1407376200,1.338880,1.338950,1.338820,1.338820
1407376260,1.338810,1.338880,1.338810,1.338860
1407376320,1.338850,1.338860,1.338760,1.338760
1407376380,1.338750,1.338750,1.338630,1.338680
1407376440,1.338710,1.338750,1.338640,1.338650
1407376500,1.338660,1.338670,1.338630,1.338670
1407376560,1.338690,1.338780,1.338690,1.338770
1407376620,1.338780,1.339020,1.338770,1.339010
1407376680,1.339020,1.339070,1.338990,1.338990
1407376740,1.338980,1.338980,1.338880,1.338950
1407376800,1.338940,1.338950,1.338900,1.338910
1407376860,1.338920,1.338920,1.338880,1.338880
1407376920,1.338890,1.338890,1.338810,1.338810
1407376980,1.338800,1.338800,1.338690,1.338720
1407377040,1.338730,1.338730,1.338670,1.338690
1407377100,1.338700,1.338700,1.338690,1.338690
1407377160,1.338710,1.338730,1.338700,1.338710
1407377220,1.338720,1.338750,1.338700,1.338730
1407377280,1.338720,1.338720,1.338500,1.338560
1407377340,1.338570,1.338590,1.338500,1.338520
1407377400,1.338550,1.338560,1.338440,1.338440
1407377460,1.338450,1.338480,1.338400,1.338480
1407377520,1.338470,1.338480,1.338430,1.338450
1407377580,1.338440,1.338480,1.338440,1.338470
1407377640,1.338460,1.338470,1.338440,1.338450
1407377700,1.338410,1.338420,1.338370,1.338390
1407377760,1.338400,1.338430,1.338390,1.338410
1407377820,1.338400,1.338480,1.338400,1.338470
1407377880,1.338480,1.338570,1.338470,1.338530
1407377940,1.338520,1.338550,1.338500,1.338530
1407378000,1.338540,1.338570,1.338540,1.338570
1407378060,1.338560,1.338590,1.338560,1.338580
1407378120,1.338590,1.338610,1.338580,1.338590
1407378180,1.338640,1.338660,1.338620,1.338630
1407378240,1.338640,1.338730,1.338640,1.338700
1407378300,1.338690,1.338800,1.338610,1.338800
1407378360,1.338810,1.338870,1.338800,1.338810
1407378420,1.338800,1.338810,1.338760,1.338780
1407378480,1.338800,1.338960,1.338800,1.338880
1407378540,1.338870,1.338870,1.338790,1.338840
1407378600,1.338850,1.338860,1.338810,1.338830
1407378660,1.338820,1.338880,1.338800,1.338880
1407378720,1.338870,1.338900,1.338870,1.338900
1407378780,1.338890,1.338890,1.338860,1.338860
1407378840,1.338850,1.338860,1.338830,1.338840
1407378900,1.338880,1.338880,1.338840,1.338860
1407378960,1.338870,1.338870,1.338820,1.338840
1407379020,1.338830,1.338830,1.338780,1.338790
1407379080,1.338780,1.338800,1.338780,1.338790
1407379140,1.338780,1.338790,1.338760,1.338760
1407379200,1.338770,1.338780,1.338690,1.338700
1407379260,1.338690,1.338690,1.338640,1.338660
1407379320,1.338670,1.338680,1.338670,1.338670
1407379380,1.338660,1.338670,1.338660,1.338660
1407379440,1.338670,1.338670,1.338650,1.338660
1407379500,1.338670,1.338680,1.338640,1.338640
1407379560,1.338630,1.338640,1.338600,1.338640
1407379620,1.338650,1.338650,1.338620,1.338640
1407379680,1.338620,1.338620,1.338570,1.338570
1407379740,1.338580,1.338590,1.338570,1.338590
1407379800,1.338580,1.338580,1.338570,1.338580
1407379860,1.338590,1.338590,1.338570,1.338590
1407379920,1.338580,1.338580,1.338580,1.338580
1407379980,1.338590,1.338590,1.338560,1.338580
1407380040,1.338570,1.338590,1.338560,1.338580
1407380100,1.338600,1.338620,1.338570,1.338570
1407380220,1.338580,1.338580,1.338560,1.338560
1407380280,1.338540,1.338540,1.338390,1.338460
1407380340,1.338440,1.338480,1.338440,1.338470
1407380400,1.338480,1.338480,1.338390,1.338410
1407380460,1.338400,1.338480,1.338400,1.338470
1407380520,1.338480,1.338490,1.338440,1.338480
1407380580,1.338470,1.338490,1.338460,1.338490
1407380640,1.338480,1.338580,1.338480,1.338520
1407380700,1.338510,1.338520,1.338500,1.338520
1407380760,1.338510,1.338580,1.338510,1.338580
1407380820,1.338570,1.338570,1.338570,1.338570
1407380880,1.338560,1.338570,1.338560,1.338570
1407380940,1.338580,1.338600,1.338570,1.338600
1407381000,1.338590,1.338590,1.338570,1.338570
1407381060,1.338590,1.338600,1.338570,1.338570
1407381120,1.338580,1.338580,1.338580,1.338580
1407381180,1.338570,1.338580,1.338560,1.338580
1407381240,1.338570,1.338580,1.338570,1.338570
1407381300,1.338580,1.338590,1.338570,1.338580
1407381360,1.338600,1.338600,1.338600,1.338600
1407381540,1.338610,1.338680,1.338610,1.338630
1407381600,1.338640,1.338670,1.338620,1.338670
1407381660,1.338660,1.338700,1.338640,1.338640
1407381720,1.338650,1.338670,1.338580,1.338580
1407381780,1.338570,1.338580,1.338560,1.338580
1407381840,1.338570,1.338580,1.338490,1.338500
1407381900,1.338510,1.338510,1.338490,1.338490
1407381960,1.338500,1.338500,1.338490,1.338500
1407382020,1.338510,1.338540,1.338510,1.338540
1407382080,1.338530,1.338540,1.338520,1.338540
1407382140,1.338550,1.338620,1.338540,1.338620
1407382200,1.338600,1.338600,1.338530,1.338550
1407382260,1.338540,1.338630,1.338520,1.338600
1407382320,1.338630,1.338720,1.338630,1.338720
1407382380,1.338710,1.338720,1.338700,1.338720
1407382440,1.338760,1.338770,1.338710,1.338740
1407382500,1.338730,1.338730,1.338690,1.338690
1407382560,1.338680,1.338680,1.338620,1.338640
1407382620,1.338660,1.338660,1.338640,1.338650
1407382680,1.338660,1.338680,1.338660,1.338660
1407382740,1.338650,1.338660,1.338650,1.338660
1407382860,1.338670,1.338690,1.338660,1.338690
1407382920,1.338730,1.338740,1.338720,1.338730
1407382980,1.338720,1.338740,1.338720,1.338730
1407383040,1.338740,1.338750,1.338720,1.338730
1407383100,1.338720,1.338820,1.338710,1.338790
1407383160,1.338820,1.338840,1.338760,1.338820
1407383220,1.338830,1.338880,1.338830,1.338850
1407383280,1.338860,1.338860,1.338820,1.338830
1407383340,1.338820,1.338850,1.338820,1.338830
1407383400,1.338820,1.338830,1.338810,1.338830
1407383460,1.338820,1.338820,1.338760,1.338800
1407383520,1.338810,1.338810,1.338810,1.338810
1407383580,1.338800,1.338800,1.338790,1.338790
1407383640,1.338800,1.338830,1.338740,1.338750
1407383700,1.338740,1.338760,1.338730,1.338730
1407383760,1.338720,1.338740,1.338720,1.338730
1407383820,1.338740,1.338740,1.338730,1.338740
1407383880,1.338760,1.338780,1.338760,1.338760
1407383940,1.338750,1.338750,1.338730,1.338740
