time,open,high,low,close
1129694400,1.302500,1.302600,1.302500,1.302500
1129694520,1.302400,1.302400,1.302400,1.302400
1129694760,1.302300,1.302300,1.302300,1.302300
1129694820,1.302400,1.302400,1.302300,1.302300
1129694880,1.302400,1.302500,1.302400,1.302500
1129694940,1.302400,1.302400,1.302400,1.302400
1129695000,1.302500,1.302500,1.302400,1.302400
1129695120,1.302500,1.302500,1.302400,1.302500
1129695180,1.302400,1.302700,1.302400,1.302700
1129695240,1.302600,1.302700,1.302600,1.302600
1129695300,1.302700,1.302700,1.302600,1.302600
1129695360,1.302700,1.302700,1.302600,1.302600
1129695420,1.302500,1.302800,1.302500,1.302700
1129695480,1.302600,1.302700,1.302600,1.302700
1129695540,1.302800,1.302900,1.302700,1.302700
1129695660,1.302800,1.302800,1.302800,1.302800
1129695720,1.302700,1.302700,1.302500,1.302600
1129695780,1.302700,1.302700,1.302700,1.302700
1129695840,1.302800,1.302800,1.302800,1.302800
1129696020,1.302900,1.302900,1.302800,1.302900
1129696080,1.302800,1.302800,1.302800,1.302800
1129696140,1.302900,1.302900,1.302900,1.302900
1129696260,1.303000,1.303000,1.302900,1.302900
1129696320,1.303000,1.303300,1.303000,1.303200
1129696380,1.303100,1.303100,1.303000,1.303000
1129696440,1.303100,1.303100,1.302700,1.302900
1129696500,1.302800,1.302900,1.302600,1.302700
1129696560,1.302800,1.302900,1.302700,1.302700
1129696620,1.302600,1.302700,1.302400,1.302500
1129696680,1.302600,1.302600,1.302400,1.302400
1129696740,1.302500,1.302600,1.302500,1.302600
1129696800,1.302500,1.302600,1.302400,1.302600
1129696860,1.302400,1.302700,1.302400,1.302600
1129696980,1.302500,1.302600,1.302500,1.302600
1129697100,1.302500,1.302500,1.302500,1.302500
1129697160,1.302400,1.302400,1.302300,1.302300
1129697220,1.302400,1.302400,1.302400,1.302400
1129697280,1.302300,1.302400,1.302300,1.302400
1129697340,1.302300,1.302300,1.302300,1.302300
1129697400,1.302200,1.302300,1.302000,1.302000
1129697460,1.301900,1.302100,1.301800,1.302000
1129697520,1.302100,1.302100,1.302000,1.302100
1129697580,1.302200,1.302200,1.302200,1.302200
1129697640,1.302100,1.302200,1.302100,1.302200
1129697760,1.302100,1.302100,1.302100,1.302100
1129697820,1.302000,1.302300,1.302000,1.302000
1129697880,1.302100,1.302100,1.302000,1.302000
1129697940,1.302100,1.302100,1.302000,1.302000
1129698000,1.301900,1.302000,1.301900,1.302000
1129698120,1.302100,1.302100,1.302100,1.302100
1129698180,1.302000,1.302100,1.301900,1.302000
1129698240,1.302100,1.302100,1.302000,1.302000
1129698300,1.301900,1.302100,1.301900,1.302000
1129698360,1.302100,1.302300,1.302000,1.302200
1129698420,1.302300,1.302300,1.302100,1.302100
1129698480,1.302000,1.302100,1.302000,1.302000
1129698540,1.302100,1.302400,1.302100,1.302400
1129698600,1.302500,1.302500,1.302200,1.302400
1129698660,1.302500,1.302500,1.302300,1.302400
1129698720,1.302300,1.302400,1.302200,1.302300
1129698780,1.302400,1.302400,1.302300,1.302300
1129698840,1.302400,1.302400,1.302300,1.302300
1129698900,1.302400,1.302400,1.302300,1.302300
1129698960,1.302400,1.302400,1.302300,1.302300
1129699080,1.302400,1.302400,1.302200,1.302200
1129699140,1.302300,1.302400,1.302300,1.302400
1129699200,1.302300,1.302400,1.302100,1.302300
1129699260,1.302200,1.302300,1.302100,1.302200
1129699320,1.302100,1.302100,1.301900,1.302000
1129699380,1.301900,1.302000,1.301900,1.301900
1129699440,1.302000,1.302000,1.301900,1.301900
1129699500,1.301800,1.301800,1.301800,1.301800
1129699560,1.301900,1.301900,1.301800,1.301800
1129699620,1.301900,1.301900,1.301500,1.301500
1129699680,1.301400,1.301600,1.301300,1.301500
1129699740,1.301600,1.301600,1.301300,1.301600
1129699800,1.301500,1.301600,1.301100,1.301200
1129699860,1.301100,1.301300,1.301000,1.301200
1129699920,1.301300,1.301400,1.301300,1.301300
1129699980,1.301200,1.301200,1.301100,1.301100
1129700040,1.301200,1.301500,1.301100,1.301400
1129700100,1.301500,1.301500,1.301200,1.301200
1129700160,1.301100,1.301200,1.301000,1.301200
1129700220,1.301300,1.301400,1.301200,1.301400
1129700280,1.301300,1.301400,1.301200,1.301200
1129700340,1.301100,1.301200,1.300700,1.300900
1129700400,1.301000,1.301000,1.300900,1.301000
1129700460,1.301100,1.301200,1.301100,1.301200
1129700520,1.301300,1.301500,1.301200,1.301400
1129700580,1.301600,1.301700,1.301400,1.301700
1129700640,1.301600,1.301600,1.301400,1.301500
1129700700,1.301600,1.301600,1.301500,1.301500
1129700760,1.301600,1.301600,1.301300,1.301400
1129700820,1.301300,1.301400,1.301300,1.301400
1129700880,1.301300,1.301400,1.301300,1.301400
1129700940,1.301300,1.301400,1.301300,1.301300
1129701000,1.301200,1.301300,1.301100,1.301200
1129701060,1.301100,1.301100,1.300800,1.300900
1129701120,1.301000,1.301400,1.301000,1.301100
1129701180,1.301000,1.301000,1.300700,1.300800
1129701240,1.300900,1.300900,1.300600,1.300800
1129701300,1.300700,1.300900,1.300700,1.300900
1129701360,1.300800,1.300900,1.300800,1.300900
1129701420,1.301000,1.301000,1.300700,1.300800
1129701480,1.300700,1.300900,1.300700,1.300800
1129701540,1.300700,1.300800,1.300700,1.300700
1129701600,1.300600,1.300900,1.300600,1.300800
1129701660,1.300700,1.301100,1.300700,1.301000
1129701720,1.300900,1.300900,1.300900,1.300900
1129701780,1.300800,1.300800,1.300800,1.300800
1129701840,1.300900,1.300900,1.300800,1.300900
1129701900,1.300800,1.301100,1.300800,1.301100
1129701960,1.301200,1.301200,1.301000,1.301200
1129702020,1.301100,1.301100,1.301100,1.301100
1129702080,1.301000,1.301000,1.300700,1.300800
1129702140,1.300700,1.300800,1.300500,1.300700
1129702200,1.300600,1.300700,1.300600,1.300600
1129702260,1.300700,1.300700,1.300600,1.300700
1129702320,1.300800,1.300800,1.300700,1.300800
1129702380,1.300900,1.300900,1.300800,1.300800
1129702440,1.300900,1.300900,1.300700,1.300700
1129702500,1.300800,1.301100,1.300800,1.301100
1129702560,1.301000,1.301100,1.301000,1.301000
1129702620,1.301100,1.301100,1.301000,1.301000
1129702680,1.300900,1.300900,1.300900,1.300900
1129702740,1.301000,1.301100,1.300900,1.301100
1129702800,1.301200,1.301400,1.301100,1.301200
1129702860,1.301300,1.301400,1.301200,1.301200
1129702920,1.301300,1.301300,1.301200,1.301300
1129702980,1.301200,1.301200,1.301000,1.301000
1129703040,1.301100,1.301100,1.301000,1.301000
1129703100,1.300900,1.301000,1.300800,1.300800
1129703160,1.300700,1.300800,1.300700,1.300800
1129703220,1.300900,1.300900,1.300800,1.300900
1129703280,1.301000,1.301100,1.300900,1.301100
1129703340,1.301200,1.301300,1.301200,1.301300
1129703400,1.301400,1.301900,1.301400,1.301800
1129703460,1.301900,1.302200,1.301900,1.302100
1129703520,1.302200,1.302500,1.302200,1.302500
1129703580,1.302400,1.302400,1.302100,1.302400
1129703640,1.302300,1.302400,1.302300,1.302300
1129703700,1.302400,1.303400,1.302400,1.303400
1129703760,1.303500,1.305400,1.303500,1.304900
1129703820,1.305000,1.305500,1.304800,1.305100
1129703880,1.305200,1.305200,1.304600,1.305000
1129703940,1.305100,1.306700,1.305100,1.306700
1129704000,1.306800,1.307400,1.306800,1.306800
1129704060,1.306900,1.306900,1.306500,1.306700
1129704120,1.306600,1.307400,1.306600,1.307400
1129704180,1.307300,1.307300,1.306800,1.307000
1129704240,1.306900,1.307000,1.306100,1.306200
1129704300,1.306100,1.306400,1.305900,1.306200
1129704360,1.306300,1.306500,1.305900,1.306100
1129704420,1.306200,1.306300,1.305900,1.305900
1129704480,1.306000,1.306100,1.305800,1.305900
1129704540,1.305800,1.306300,1.305800,1.306300
1129704600,1.306400,1.306500,1.306300,1.306400
1129704660,1.306300,1.306400,1.305900,1.306300
1129704720,1.306400,1.306500,1.306200,1.306200
1129704780,1.306300,1.306500,1.306300,1.306400
1129704840,1.306300,1.306400,1.306200,1.306300
1129704900,1.306200,1.307100,1.306200,1.307000
1129704960,1.307100,1.307300,1.306900,1.307100
1129705020,1.307000,1.307000,1.306400,1.306400
1129705080,1.306500,1.306700,1.306300,1.306600
1129705140,1.306500,1.306900,1.306500,1.306800
1129705200,1.306700,1.307100,1.306600,1.307100
1129705260,1.307000,1.307300,1.306800,1.306900
1129705320,1.307000,1.307000,1.306700,1.306800
1129705380,1.306700,1.307300,1.306700,1.307100
1129705440,1.307000,1.307400,1.307000,1.307300
1129705500,1.307200,1.307500,1.307100,1.307400
1129705560,1.307300,1.307600,1.307300,1.307400
1129705620,1.307300,1.307400,1.307200,1.307300
1129705680,1.307400,1.307600,1.307300,1.307500
1129705740,1.307400,1.307500,1.307200,1.307300
1129705800,1.307200,1.307300,1.307100,1.307100
1129705860,1.307200,1.307200,1.306700,1.306800
1129705920,1.306700,1.306700,1.306200,1.306200
1129705980,1.306100,1.306300,1.306000,1.306200
1129706040,1.306300,1.306300,1.305700,1.305900
1129706100,1.306000,1.306800,1.306000,1.306700
1129706160,1.306800,1.306800,1.306500,1.306500
1129706220,1.306600,1.307200,1.306600,1.306900
1129706280,1.306800,1.307000,1.306300,1.306300
1129706340,1.306200,1.306400,1.306100,1.306400
1129706400,1.306500,1.306600,1.306400,1.306600
1129706460,1.306700,1.306700,1.306400,1.306600
1129706520,1.306500,1.307000,1.306500,1.306800
1129706580,1.306700,1.306700,1.306300,1.306300
1129706640,1.306200,1.306400,1.305800,1.305800
1129706700,1.305700,1.306300,1.305700,1.306300
1129706760,1.306200,1.306600,1.306200,1.306600
1129706820,1.306500,1.306600,1.306200,1.306300
1129706880,1.306400,1.306500,1.306200,1.306200
1129706940,1.306100,1.306300,1.306000,1.306000
1129707000,1.305900,1.305900,1.305700,1.305900
1129707060,1.306000,1.306200,1.306000,1.306200
1129707120,1.306100,1.306200,1.305900,1.306000
1129707180,1.305900,1.306000,1.305500,1.305600
1129707240,1.305500,1.305900,1.305500,1.305900
1129707300,1.305800,1.305800,1.305400,1.305800
1129707360,1.305700,1.305800,1.305600,1.305600
1129707420,1.305700,1.305900,1.305600,1.305600
1129707480,1.305700,1.305700,1.305600,1.305600
1129707540,1.305700,1.305800,1.305600,1.305700
1129707600,1.305600,1.305600,1.305500,1.305600
1129707660,1.305700,1.305700,1.305400,1.305400
1129707720,1.305500,1.305500,1.304800,1.304900
1129707780,1.305000,1.305100,1.304300,1.304900
1129707840,1.305000,1.305100,1.304600,1.304700
1129707900,1.304800,1.305100,1.304800,1.305100
1129707960,1.305200,1.305200,1.305000,1.305200
1129708020,1.305300,1.305300,1.305000,1.305000
1129708080,1.305100,1.305500,1.305000,1.305500
1129708140,1.305400,1.305500,1.305200,1.305200
1129708200,1.305100,1.305100,1.304600,1.304900
1129708260,1.305000,1.305100,1.304900,1.304900
1129708320,1.305000,1.305000,1.304800,1.305000
1129708380,1.305100,1.305500,1.305000,1.305400
1129708440,1.305300,1.305400,1.305300,1.305300
1129708500,1.305400,1.305400,1.305300,1.305300
1129708560,1.305200,1.305300,1.305200,1.305200
1129708680,1.305300,1.305300,1.304900,1.304900
1129708740,1.305000,1.305100,1.304900,1.304900
1129708800,1.305000,1.305000,1.304700,1.304800
1129708860,1.304700,1.304800,1.304500,1.304600
1129708920,1.304700,1.304800,1.304600,1.304600
1129708980,1.304700,1.304800,1.303800,1.304000
1129709040,1.304100,1.304300,1.303800,1.303800
1129709100,1.303900,1.304100,1.303800,1.304100
1129709160,1.304000,1.304300,1.304000,1.304200
1129709220,1.304100,1.304200,1.304000,1.304200
1129709280,1.304100,1.304300,1.304100,1.304300
1129709340,1.304200,1.304300,1.304100,1.304100
1129709400,1.304000,1.304200,1.303900,1.304200
1129709460,1.304300,1.304800,1.304300,1.304600
1129709520,1.304700,1.304800,1.304700,1.304700
1129709580,1.304800,1.305000,1.304700,1.304900
1129709640,1.304800,1.305000,1.304700,1.305000
1129709700,1.305100,1.305300,1.305100,1.305100
1129709760,1.305200,1.305400,1.305100,1.305200
1129709820,1.305100,1.305200,1.305100,1.305200
1129709880,1.305100,1.305200,1.305000,1.305000
1129709940,1.305100,1.305200,1.305000,1.305200
1129710000,1.305300,1.306000,1.305300,1.305900
1129710060,1.305800,1.305900,1.305800,1.305800
1129710120,1.305900,1.305900,1.305600,1.305700
1129710180,1.305600,1.305800,1.305600,1.305800
1129710240,1.305900,1.305900,1.305700,1.305700
1129710300,1.305800,1.305800,1.305600,1.305600
1129710360,1.305500,1.305600,1.305500,1.305600
1129710420,1.305500,1.305600,1.305500,1.305600
1129710480,1.305500,1.305500,1.305300,1.305400
1129710540,1.305500,1.305700,1.305400,1.305600
1129710600,1.305500,1.305600,1.305500,1.305600
1129710660,1.305500,1.305600,1.305500,1.305600
1129710720,1.305700,1.305800,1.305600,1.305800
1129710780,1.305700,1.305700,1.305300,1.305400
1129710840,1.305300,1.305300,1.304900,1.304900
1129710900,1.304800,1.304800,1.304300,1.304400
1129710960,1.304500,1.304500,1.304200,1.304400
1129711020,1.304300,1.304600,1.304300,1.304600
1129711080,1.304700,1.305100,1.304600,1.305100
1129711140,1.305000,1.305000,1.304400,1.304600
1129711200,1.304700,1.304700,1.304500,1.304600
1129711260,1.304500,1.304500,1.304000,1.304000
1129711320,1.304100,1.304300,1.303700,1.304100
1129711380,1.304000,1.304300,1.304000,1.304300
1129711440,1.304400,1.304700,1.304400,1.304700
1129711500,1.304600,1.304700,1.304400,1.304400
1129711620,1.304500,1.304600,1.304500,1.304600
1129711680,1.304700,1.304700,1.304400,1.304500
1129711740,1.304400,1.304600,1.304400,1.304500
1129711800,1.304400,1.304400,1.304000,1.304000
1129711860,1.304100,1.304100,1.303500,1.304000
1129711920,1.303900,1.303900,1.303700,1.303800
1129711980,1.303900,1.303900,1.303700,1.303700
1129712040,1.303800,1.304000,1.303600,1.303600
1129712100,1.303500,1.303600,1.303000,1.303000
1129712160,1.302900,1.303200,1.302800,1.303100
1129712220,1.303000,1.303100,1.302800,1.302900
1129712280,1.302800,1.302900,1.302300,1.302500
1129712340,1.302600,1.302800,1.302600,1.302800
1129712400,1.302700,1.303100,1.302700,1.303100
1129712460,1.303000,1.303000,1.302900,1.303000
1129712520,1.302900,1.303000,1.302700,1.302800
1129712580,1.302700,1.302900,1.302700,1.302900
1129712640,1.302800,1.302800,1.302500,1.302700
1129712700,1.302600,1.302600,1.301100,1.301100
1129712760,1.301000,1.301000,1.299100,1.300600
1129712820,1.300500,1.300500,1.299700,1.299800
1129712880,1.299900,1.300200,1.299300,1.299300
1129712940,1.299400,1.300000,1.299300,1.299400
1129713000,1.299300,1.300100,1.299300,1.299500
1129713060,1.299400,1.299700,1.299100,1.299700
1129713120,1.299800,1.300300,1.299600,1.300300
1129713180,1.300400,1.300400,1.299900,1.300200
1129713240,1.300300,1.300300,1.300000,1.300300
1129713300,1.300200,1.300800,1.300200,1.300700
1129713360,1.300600,1.301100,1.300600,1.300900
1129713420,1.300800,1.300800,1.300100,1.300400
1129713480,1.300300,1.300400,1.300200,1.300400
1129713540,1.300300,1.300600,1.300300,1.300600
1129713600,1.300700,1.301200,1.300600,1.300600
1129713660,1.300700,1.300700,1.300300,1.300400
1129713720,1.300300,1.300600,1.300300,1.300600
1129713780,1.300700,1.300700,1.300200,1.300200
1129713840,1.300100,1.300100,1.299000,1.299500
1129713900,1.299600,1.299600,1.298900,1.298900
1129713960,1.298800,1.298900,1.298200,1.298600
1129714020,1.298700,1.298900,1.298600,1.298900
1129714080,1.298800,1.299500,1.298800,1.299200
1129714140,1.299300,1.299600,1.299100,1.299600
1129714200,1.299500,1.299500,1.298900,1.298900
1129714260,1.298800,1.299000,1.298700,1.298700
1129714320,1.298800,1.298900,1.298300,1.298300
1129714380,1.298400,1.298400,1.297800,1.298100
1129714440,1.298000,1.298400,1.297900,1.298100
1129714500,1.298000,1.298000,1.297400,1.298000
1129714560,1.298100,1.298300,1.298100,1.298100
1129714620,1.298200,1.298500,1.298200,1.298300
1129714680,1.298400,1.298800,1.298400,1.298700
1129714740,1.298800,1.299600,1.298700,1.299500
1129714800,1.299600,1.299600,1.299200,1.299300
1129714860,1.299400,1.299500,1.299300,1.299500
1129714920,1.299400,1.299600,1.299300,1.299500
1129714980,1.299600,1.299600,1.299400,1.299500
1129715040,1.299400,1.299900,1.299400,1.299900
1129715100,1.299800,1.299900,1.299600,1.299600
1129715160,1.299700,1.299800,1.299500,1.299700
1129715220,1.299800,1.299900,1.299700,1.299700
1129715280,1.299600,1.299600,1.299200,1.299200
1129715340,1.299300,1.299500,1.299300,1.299400
1129715400,1.299500,1.299500,1.299400,1.299400
1129715460,1.299500,1.299500,1.299300,1.299300
1129715520,1.299200,1.299600,1.299200,1.299400
1129715580,1.299300,1.299400,1.299300,1.299300
1129715640,1.299200,1.299200,1.298900,1.299200
1129715700,1.299100,1.299300,1.299100,1.299300
1129715760,1.299400,1.299500,1.299300,1.299500
1129715820,1.299600,1.299900,1.299600,1.299900
1129715880,1.299800,1.300200,1.299800,1.299900
1129715940,1.299800,1.299800,1.299600,1.299800
1129716000,1.299900,1.299900,1.299600,1.299700
1129716060,1.299600,1.299700,1.299500,1.299500
1129716120,1.299400,1.299500,1.299200,1.299300
1129716180,1.299400,1.299400,1.298800,1.298900
1129716240,1.299000,1.299200,1.299000,1.299200
1129716300,1.299300,1.299500,1.299200,1.299300
1129716360,1.299400,1.299400,1.299300,1.299300
1129716420,1.299400,1.299400,1.298900,1.299000
1129716480,1.298900,1.299200,1.298900,1.299100
1129716540,1.299000,1.299000,1.298900,1.299000
1129716600,1.298900,1.298900,1.298700,1.298800
1129716660,1.298700,1.298800,1.298600,1.298800
1129716720,1.298700,1.298800,1.298600,1.298700
1129716780,1.298600,1.298600,1.298600,1.298600
1129716840,1.298700,1.298800,1.298700,1.298700
1129716900,1.298600,1.298700,1.298500,1.298500
1129716960,1.298400,1.298700,1.298300,1.298700
1129717020,1.298600,1.298700,1.298400,1.298400
1129717080,1.298500,1.298600,1.298300,1.298400
1129717140,1.298500,1.298600,1.298100,1.298200
1129717200,1.298100,1.298300,1.298000,1.298300
1129717260,1.298400,1.298500,1.298300,1.298400
1129717320,1.298500,1.298800,1.298500,1.298700
1129717380,1.298800,1.298800,1.298700,1.298800
1129717440,1.298700,1.298900,1.298700,1.298900
1129717500,1.298800,1.298900,1.298700,1.298700
1129717560,1.298800,1.298900,1.298500,1.298700
1129717620,1.298800,1.298800,1.298400,1.298400
1129717680,1.298300,1.298300,1.297900,1.298100
1129717740,1.298000,1.298000,1.296800,1.297100
1129717800,1.297200,1.297400,1.297100,1.297200
1129717860,1.297100,1.297500,1.297100,1.297500
1129717920,1.297600,1.297700,1.297200,1.297700
1129717980,1.297800,1.297900,1.297600,1.297900
1129718040,1.298000,1.298300,1.298000,1.298100
1129718100,1.298000,1.298000,1.297800,1.297900
1129718160,1.297800,1.298200,1.297800,1.298200
1129718220,1.298300,1.298500,1.298100,1.298400
1129718280,1.298300,1.298600,1.298300,1.298400
1129718340,1.298300,1.298400,1.298000,1.298300
1129718400,1.298400,1.298900,1.298400,1.298800
1129718460,1.298700,1.298900,1.298500,1.298500
1129718520,1.298400,1.298400,1.298000,1.298000
1129718580,1.298100,1.298300,1.297900,1.298000
1129718640,1.297900,1.297900,1.297500,1.297500
1129718700,1.297600,1.297600,1.296900,1.297100
1129718760,1.297200,1.297500,1.297200,1.297200
1129718820,1.297100,1.297200,1.296800,1.296800
1129718880,1.296900,1.297000,1.296600,1.296600
1129718940,1.296700,1.296800,1.296600,1.296800
1129719000,1.296700,1.296800,1.296500,1.296600
1129719060,1.296700,1.297300,1.296600,1.297300
1129719120,1.297400,1.297600,1.297400,1.297600
1129719180,1.297500,1.297900,1.297500,1.297900
1129719240,1.297800,1.297900,1.297500,1.297600
1129719300,1.297700,1.297800,1.297500,1.297500
1129719360,1.297600,1.297700,1.297300,1.297300
1129719420,1.297400,1.297500,1.297300,1.297400
1129719480,1.297500,1.297600,1.297400,1.297600
1129719540,1.297500,1.297600,1.297300,1.297400
1129719600,1.297500,1.297500,1.297100,1.297100
1129719660,1.296800,1.297100,1.296700,1.297000
1129719720,1.297100,1.297400,1.297100,1.297400
1129719780,1.297300,1.297400,1.297100,1.297200
1129719840,1.297300,1.297800,1.297200,1.297800
1129719900,1.297700,1.297700,1.297600,1.297600
1129719960,1.297700,1.298000,1.297700,1.298000
1129720020,1.297900,1.297900,1.297700,1.297700
1129720080,1.297600,1.297700,1.297400,1.297700
1129720140,1.297600,1.297700,1.297300,1.297400
1129720200,1.297300,1.297500,1.297300,1.297300
1129720320,1.297200,1.297200,1.296600,1.296600
1129720380,1.296700,1.296700,1.296300,1.296600
1129720440,1.296700,1.297000,1.296700,1.297000
1129720500,1.296900,1.297000,1.296900,1.296900
1129720560,1.296800,1.296900,1.296500,1.296900
1129720620,1.296800,1.296900,1.296600,1.296600
1129720680,1.296500,1.296900,1.296300,1.296900
1129720740,1.296800,1.296900,1.296800,1.296900
1129720800,1.297000,1.297000,1.296900,1.296900
1129720860,1.297000,1.297000,1.296900,1.296900
1129720920,1.297000,1.297000,1.296800,1.296900
1129720980,1.297000,1.297000,1.296900,1.296900
1129721040,1.297000,1.297400,1.297000,1.297400
1129721100,1.297500,1.297500,1.297500,1.297500
1129721160,1.297700,1.297800,1.297500,1.297600
1129721220,1.297500,1.297700,1.297500,1.297600
1129721280,1.297700,1.297700,1.297300,1.297400
1129721340,1.297500,1.297800,1.297500,1.297800
1129721400,1.297900,1.298000,1.297900,1.298000
1129721460,1.298100,1.298100,1.297700,1.298000
1129721520,1.298100,1.298400,1.298100,1.298400
1129721580,1.298300,1.298700,1.298200,1.298600
1129721640,1.298800,1.299000,1.298800,1.298900
1129721700,1.298800,1.298900,1.298600,1.298700
1129721760,1.298800,1.298900,1.298800,1.298800
1129721820,1.298700,1.298700,1.298500,1.298600
1129721880,1.298700,1.298900,1.298600,1.298900
1129721940,1.299000,1.299400,1.299000,1.299300
1129722000,1.299400,1.299400,1.298900,1.298900
1129722060,1.298800,1.299200,1.298800,1.299200
1129722120,1.299300,1.299300,1.299000,1.299000
1129722180,1.298900,1.299200,1.298800,1.299200
1129722240,1.299100,1.299300,1.298900,1.299300
1129722300,1.299200,1.299500,1.299200,1.299300
1129722360,1.299400,1.299500,1.299300,1.299300
1129722420,1.299200,1.299200,1.299000,1.299000
1129722480,1.299100,1.299200,1.298900,1.298900
1129722540,1.298800,1.298800,1.298700,1.298800
1129722600,1.298900,1.299000,1.298900,1.298900
1129722660,1.299000,1.299200,1.299000,1.299100
1129722720,1.299000,1.299100,1.298800,1.298800
1129722780,1.298700,1.298800,1.298100,1.298100
1129722840,1.298200,1.298200,1.297900,1.297900
1129722900,1.297800,1.297900,1.297600,1.297700
1129722960,1.297600,1.297800,1.297600,1.297800
1129723020,1.297700,1.298200,1.297700,1.298100
1129723080,1.298200,1.298300,1.298100,1.298200
1129723140,1.298300,1.298500,1.298200,1.298300
1129723200,1.298400,1.298600,1.298400,1.298600
1129723260,1.298700,1.298900,1.298600,1.298800
1129723320,1.298900,1.298900,1.298900,1.298900
1129723380,1.298800,1.298900,1.298800,1.298900
1129723440,1.299000,1.299200,1.299000,1.299000
1129723500,1.298900,1.298900,1.298700,1.298800
1129723560,1.298900,1.298900,1.298600,1.298600
1129723620,1.298500,1.298900,1.298500,1.298900
1129723680,1.299100,1.299400,1.299000,1.299100
1129723740,1.299200,1.299200,1.298900,1.298900
1129723800,1.299000,1.299300,1.299000,1.299300
1129723860,1.299400,1.299400,1.299200,1.299300
1129723920,1.299400,1.299500,1.299300,1.299500
1129723980,1.299400,1.299400,1.299100,1.299400
1129724040,1.299300,1.299400,1.298700,1.298800
1129724100,1.298900,1.299100,1.298500,1.298800
1129724160,1.298900,1.298900,1.298800,1.298900
1129724220,1.298800,1.299000,1.298800,1.299000
1129724280,1.298900,1.299000,1.298900,1.299000
1129724340,1.299100,1.299200,1.299000,1.299100
1129724400,1.299200,1.299200,1.298900,1.298900
1129724460,1.298800,1.299000,1.298800,1.299000
1129724520,1.298900,1.299000,1.298700,1.298800
1129724580,1.298700,1.298900,1.298700,1.298800
1129724640,1.298700,1.298800,1.298700,1.298700
1129724700,1.298600,1.298800,1.298500,1.298800
1129724760,1.298900,1.298900,1.298700,1.298900
1129724820,1.298800,1.299000,1.298700,1.298800
1129724880,1.298900,1.299100,1.298900,1.299000
1129725000,1.299100,1.299300,1.299100,1.299100
1129725060,1.299200,1.299500,1.299100,1.299500
1129725120,1.299400,1.299700,1.299300,1.299500
1129725180,1.299600,1.300000,1.299600,1.299800
1129725240,1.299900,1.300000,1.299700,1.299700
1129725300,1.299600,1.299700,1.299500,1.299600
1129725360,1.299700,1.299800,1.299700,1.299800
1129725420,1.299900,1.299900,1.299600,1.299800
1129725480,1.299700,1.300000,1.299700,1.299800
1129725540,1.299900,1.300500,1.299800,1.300500
1129725600,1.300600,1.300700,1.300400,1.300600
1129725660,1.300700,1.301000,1.300600,1.300700
1129725720,1.300600,1.300600,1.300100,1.300200
1129725780,1.300100,1.300100,1.299600,1.299800
1129725840,1.299700,1.299800,1.299600,1.299600
1129725900,1.299700,1.300000,1.299500,1.299900
1129725960,1.300000,1.300000,1.299600,1.299900
1129726020,1.300000,1.300000,1.299600,1.299600
1129726080,1.299500,1.299700,1.299500,1.299700
1129726140,1.299600,1.299800,1.299600,1.299800
1129726200,1.299700,1.299800,1.299700,1.299800
1129726260,1.299700,1.299700,1.299500,1.299500
1129726320,1.299400,1.299400,1.299200,1.299300
1129726380,1.299400,1.299500,1.299300,1.299500
1129726440,1.299600,1.299700,1.299600,1.299700
1129726500,1.299600,1.299800,1.299600,1.299700
1129726560,1.299600,1.299700,1.299500,1.299700
1129726620,1.299600,1.299800,1.299500,1.299700
1129726680,1.299800,1.299800,1.299700,1.299800
1129726740,1.299700,1.299700,1.299400,1.299500
1129726800,1.299400,1.299500,1.299400,1.299500
1129726860,1.299600,1.299700,1.299600,1.299700
1129726920,1.299800,1.299900,1.299800,1.299800
1129726980,1.299900,1.299900,1.299600,1.299700
1129727040,1.299600,1.299600,1.299300,1.299500
1129727100,1.299600,1.300000,1.299500,1.299900
1129727160,1.299800,1.300100,1.299600,1.300000
1129727220,1.300100,1.300900,1.300100,1.300700
1129727280,1.300800,1.301000,1.300700,1.300800
1129727340,1.300700,1.301300,1.300700,1.301200
1129727400,1.301300,1.301300,1.301100,1.301200
1129727460,1.301100,1.301100,1.300700,1.300700
1129727520,1.300600,1.300600,1.300000,1.300200
1129727580,1.300100,1.300800,1.300100,1.300800
1129727640,1.300900,1.301000,1.300900,1.300900
1129727700,1.301000,1.301100,1.300600,1.300700
1129727760,1.300600,1.300800,1.300600,1.300700
1129727820,1.300800,1.301000,1.300600,1.300700
1129727880,1.300600,1.300800,1.300600,1.300800
1129727940,1.300900,1.301100,1.300900,1.301000
1129728000,1.301100,1.301100,1.300900,1.301000
1129728060,1.300900,1.301000,1.300800,1.300900
1129728120,1.300800,1.300900,1.300400,1.300500
1129728180,1.300400,1.300600,1.300300,1.300300
1129728240,1.300400,1.300400,1.300100,1.300200
1129728300,1.300100,1.300100,1.300000,1.300000
1129728360,1.300100,1.300200,1.300000,1.300200
1129728420,1.300300,1.300400,1.300300,1.300300
1129728480,1.300200,1.300400,1.300000,1.300400
1129728540,1.300300,1.301100,1.300300,1.301000
1129728600,1.301100,1.301100,1.300800,1.300800
1129728660,1.300700,1.300700,1.300400,1.300500
1129728720,1.300400,1.300400,1.300100,1.300100
1129728780,1.300200,1.300300,1.300100,1.300300
1129728840,1.300200,1.300200,1.299800,1.299800
1129728900,1.299700,1.299800,1.299600,1.299700
1129728960,1.299800,1.299900,1.299700,1.299800
1129729020,1.299700,1.299700,1.299300,1.299500
1129729080,1.299600,1.299700,1.299500,1.299600
1129729140,1.299500,1.299500,1.298900,1.299400
1129729200,1.299300,1.299400,1.299100,1.299200
1129729260,1.299100,1.299600,1.299100,1.299500
1129729320,1.299600,1.299700,1.299400,1.299600
1129729380,1.299700,1.299800,1.299500,1.299500
1129729440,1.299600,1.299700,1.299000,1.299000
1129729500,1.298900,1.298900,1.298600,1.298600
1129729560,1.298500,1.298500,1.297700,1.297700
1129729620,1.297600,1.297900,1.297600,1.297900
1129729680,1.298000,1.298300,1.297900,1.298100
1129729740,1.298000,1.298100,1.297700,1.297900
1129729800,1.298000,1.298000,1.297700,1.298000
1129729860,1.298100,1.298300,1.298100,1.298200
1129729920,1.298300,1.298300,1.297900,1.297900
1129729980,1.297800,1.297800,1.297400,1.297500
1129730040,1.297600,1.297800,1.297600,1.297800
1129730100,1.297900,1.298100,1.297700,1.298000
1129730160,1.297900,1.298400,1.297800,1.298400
1129730220,1.298300,1.298400,1.298000,1.298000
1129730280,1.298100,1.298200,1.298000,1.298000
1129730340,1.298100,1.298200,1.297900,1.298000
1129730400,1.297900,1.298200,1.297900,1.298100
1129730460,1.298000,1.298500,1.298000,1.298300
1129730520,1.298200,1.298300,1.298000,1.298100
1129730580,1.298200,1.298300,1.298100,1.298100
1129730640,1.298000,1.298800,1.298000,1.298800
1129730700,1.298900,1.298900,1.298700,1.298700
1129730760,1.298600,1.298600,1.298300,1.298300
1129730820,1.298400,1.299200,1.298400,1.299100
1129730880,1.299000,1.299100,1.298500,1.298500
1129730940,1.298600,1.298600,1.298000,1.298100
1129731000,1.298000,1.298200,1.298000,1.298000
1129731060,1.298100,1.298200,1.298100,1.298200
1129731120,1.298300,1.298300,1.298100,1.298100
1129731180,1.298000,1.298200,1.297900,1.298000
1129731240,1.298100,1.298200,1.298100,1.298200
1129731300,1.298100,1.298500,1.298100,1.298400
1129731360,1.298300,1.298400,1.298200,1.298300
1129731420,1.298200,1.298400,1.298100,1.298400
1129731480,1.298300,1.298300,1.298000,1.298100
1129731540,1.298200,1.298300,1.298100,1.298200
1129731600,1.298300,1.298300,1.298000,1.298000
1129731660,1.298100,1.298100,1.297800,1.297800
1129731720,1.297900,1.298000,1.297600,1.297600
1129731780,1.297700,1.297700,1.297500,1.297600
1129731840,1.297700,1.297900,1.297500,1.297500
1129731900,1.297600,1.297900,1.297600,1.297700
1129731960,1.297600,1.297700,1.297600,1.297600
1129732020,1.297500,1.298100,1.297500,1.298000
1129732080,1.297900,1.298000,1.297900,1.298000
1129732140,1.297900,1.298100,1.297800,1.298100
1129732200,1.298000,1.298100,1.297800,1.297900
1129732260,1.297800,1.298100,1.297800,1.298100
1129732320,1.298000,1.298200,1.298000,1.298200
1129732380,1.298100,1.298300,1.298000,1.298000
1129732440,1.298100,1.298200,1.297500,1.297600
1129732500,1.297500,1.297500,1.296900,1.297200
1129732560,1.297100,1.297100,1.296700,1.297000
1129732620,1.297100,1.297200,1.296900,1.296900
1129732680,1.296800,1.297100,1.296800,1.297100
1129732740,1.297000,1.297300,1.296800,1.297200
1129732800,1.297100,1.297500,1.297000,1.297300
1129732860,1.297400,1.297600,1.297300,1.297500
1129732920,1.297600,1.297600,1.297200,1.297400
1129732980,1.297300,1.297700,1.297300,1.297600
1129733040,1.297700,1.297700,1.297500,1.297600
1129733100,1.297500,1.297600,1.297500,1.297600
1129733160,1.297700,1.297800,1.297700,1.297800
1129733220,1.297700,1.297900,1.296700,1.296800
1129733280,1.296900,1.297000,1.296700,1.297000
1129733340,1.296900,1.297000,1.296600,1.297000
1129733400,1.297100,1.297200,1.296900,1.296900
1129733460,1.296800,1.296800,1.296600,1.296600
1129733520,1.296700,1.296800,1.296600,1.296600
1129733580,1.296700,1.296800,1.296500,1.296600
1129733640,1.296500,1.296700,1.295900,1.295900
1129733700,1.295800,1.295800,1.295300,1.295400
1129733760,1.295300,1.295400,1.294900,1.295100
1129733820,1.295000,1.295400,1.295000,1.295300
1129733880,1.295200,1.295800,1.295200,1.295300
1129733940,1.295400,1.295900,1.295400,1.295900
1129734000,1.295800,1.295900,1.295600,1.295600
1129734060,1.295700,1.295700,1.295100,1.295300
1129734120,1.295200,1.295900,1.295200,1.295900
1129734180,1.295800,1.295900,1.295700,1.295700
1129734240,1.295800,1.295800,1.295500,1.295500
1129734300,1.295600,1.295700,1.295400,1.295400
1129734360,1.295300,1.295400,1.294700,1.294800
1129734420,1.294900,1.295000,1.294600,1.294600
1129734480,1.294700,1.294700,1.294300,1.294400
1129734540,1.294500,1.294900,1.294500,1.294800
1129734600,1.294900,1.294900,1.294600,1.294700
1129734660,1.294600,1.294900,1.294600,1.294800
1129734720,1.294900,1.295200,1.294800,1.295000
1129734780,1.294900,1.295100,1.294900,1.295100
1129734840,1.295000,1.295100,1.294400,1.294500
1129734900,1.294600,1.294800,1.294500,1.294700
1129734960,1.294800,1.294800,1.294600,1.294800
1129735020,1.294700,1.294800,1.294200,1.294300
1129735080,1.294200,1.294300,1.293700,1.293700
1129735140,1.293600,1.293700,1.293200,1.293700
1129735200,1.293600,1.294000,1.293500,1.293800
1129735260,1.293700,1.293900,1.293400,1.293900
1129735320,1.294000,1.294200,1.293900,1.294000
1129735380,1.293900,1.294000,1.293700,1.293900
1129735440,1.293800,1.294200,1.293800,1.294200
1129735500,1.294400,1.294800,1.294400,1.294700
1129735560,1.294800,1.294800,1.294600,1.294600
1129735620,1.294500,1.294700,1.294400,1.294700
1129735680,1.294600,1.294700,1.293900,1.293900
1129735740,1.294000,1.294200,1.293900,1.294000
1129735800,1.293900,1.294100,1.293900,1.294100
1129735860,1.294200,1.294200,1.294000,1.294100
1129735920,1.294200,1.294200,1.294100,1.294100
1129735980,1.294200,1.294200,1.294000,1.294100
1129736040,1.294200,1.294200,1.293800,1.294000
1129736100,1.293900,1.294000,1.293500,1.294000
1129736160,1.293900,1.294200,1.293900,1.294000
1129736220,1.293900,1.293900,1.293600,1.293900
1129736280,1.294000,1.294000,1.294000,1.294000
1129736340,1.293900,1.294400,1.293900,1.294400
1129736400,1.294300,1.294500,1.294300,1.294500
1129736460,1.294400,1.294500,1.294400,1.294500
1129736520,1.294400,1.294400,1.294200,1.294300
1129736580,1.294200,1.294300,1.294200,1.294300
1129736640,1.294200,1.294300,1.294200,1.294200
1129736700,1.294100,1.294200,1.294100,1.294200
1129736760,1.294100,1.294600,1.294100,1.294600
1129736820,1.294700,1.294700,1.294500,1.294500
1129736880,1.294600,1.294700,1.294600,1.294700
1129736940,1.294800,1.295000,1.294800,1.294900
1129737000,1.295000,1.295000,1.294800,1.294800
1129737060,1.294900,1.294900,1.294800,1.294900
1129737120,1.295000,1.295200,1.295000,1.295200
1129737180,1.295100,1.295200,1.295100,1.295200
1129737240,1.295100,1.295200,1.295100,1.295200
1129737300,1.295100,1.295100,1.294800,1.294900
1129737360,1.294800,1.294800,1.294600,1.294700
1129737420,1.294800,1.294800,1.294700,1.294800
1129737480,1.294900,1.294900,1.294800,1.294800
1129737540,1.294900,1.294900,1.294800,1.294900
1129737600,1.294800,1.294900,1.294700,1.294800
1129737660,1.294900,1.295000,1.294700,1.294700
1129737720,1.294800,1.294800,1.294600,1.294800
1129737780,1.294900,1.295100,1.294900,1.295100
1129737840,1.295000,1.295100,1.294800,1.295000
1129737900,1.295100,1.295100,1.295000,1.295000
1129737960,1.295100,1.295400,1.295100,1.295400
1129738020,1.295300,1.295400,1.295200,1.295300
1129738080,1.295200,1.295400,1.295200,1.295300
1129738140,1.295200,1.295300,1.295200,1.295200
1129738200,1.295100,1.295100,1.294700,1.294900
1129738260,1.294800,1.294800,1.294600,1.294800
1129738320,1.294700,1.294900,1.294600,1.294800
1129738380,1.294900,1.294900,1.294800,1.294800
1129738440,1.294700,1.294700,1.294600,1.294600
1129738500,1.294700,1.295100,1.294700,1.295100
1129738560,1.295200,1.295400,1.295100,1.295300
1129738620,1.295200,1.295200,1.295200,1.295200
1129738680,1.295100,1.295200,1.295100,1.295200
1129738740,1.295100,1.295200,1.295100,1.295100
1129738800,1.295000,1.295000,1.294800,1.294900
1129738860,1.295000,1.295000,1.294700,1.294900
1129738980,1.295000,1.295000,1.294900,1.295000
1129739040,1.295100,1.295100,1.294900,1.294900
1129739100,1.295000,1.295000,1.294900,1.294900
1129739160,1.295000,1.295000,1.295000,1.295000
1129739220,1.295100,1.295100,1.295000,1.295100
1129739280,1.295000,1.295100,1.295000,1.295000
1129739340,1.295100,1.295300,1.295100,1.295300
1129739400,1.295400,1.295500,1.295400,1.295400
1129739460,1.295500,1.295600,1.295500,1.295500
1129739580,1.295400,1.295500,1.295400,1.295400
1129739640,1.295500,1.295500,1.295400,1.295500
1129739700,1.295600,1.295800,1.295500,1.295800
1129739760,1.295700,1.296300,1.295700,1.296000
1129739820,1.295900,1.296000,1.295900,1.296000
1129739880,1.296100,1.296300,1.296000,1.296200
1129739940,1.296300,1.296600,1.296300,1.296400
1129740000,1.296500,1.296900,1.296400,1.296900
1129740060,1.296800,1.296900,1.296700,1.296700
1129740120,1.296800,1.296800,1.296500,1.296600
1129740180,1.296500,1.296700,1.296300,1.296400
1129740240,1.296500,1.296700,1.296500,1.296600
1129740300,1.296700,1.296700,1.296500,1.296500
1129740360,1.296600,1.296600,1.296500,1.296500
1129740420,1.296400,1.296500,1.296200,1.296500
1129740480,1.296600,1.296600,1.296500,1.296500
1129740540,1.296600,1.296900,1.296500,1.296900
1129740600,1.296800,1.296900,1.296700,1.296700
1129740660,1.296800,1.297200,1.296800,1.297100
1129740720,1.297200,1.297300,1.297100,1.297300
1129740780,1.297400,1.297600,1.297300,1.297300
1129740840,1.297200,1.297300,1.297000,1.297000
1129740900,1.296900,1.297300,1.296900,1.297300
1129740960,1.297200,1.297300,1.297100,1.297200
1129741020,1.297100,1.297200,1.297100,1.297200
1129741080,1.297100,1.297400,1.297100,1.297300
1129741140,1.297400,1.297500,1.297400,1.297500
1129741200,1.297400,1.297400,1.297300,1.297400
1129741260,1.297300,1.297400,1.297200,1.297200
1129741320,1.297100,1.297200,1.296900,1.296900
1129741380,1.297000,1.297000,1.296700,1.296800
1129741500,1.296700,1.296900,1.296700,1.296800
1129741560,1.296700,1.296800,1.296600,1.296600
1129741620,1.296700,1.297000,1.296600,1.297000
1129741680,1.297100,1.297400,1.297100,1.297400
1129741740,1.297500,1.297500,1.297300,1.297500
1129741800,1.297400,1.297700,1.297400,1.297700
1129741860,1.297800,1.298100,1.297800,1.298000
1129741920,1.298100,1.298100,1.298000,1.298100
1129741980,1.298200,1.298200,1.297900,1.298000
1129742040,1.297900,1.297900,1.297900,1.297900
1129742100,1.297800,1.297900,1.297800,1.297800
1129742160,1.297900,1.297900,1.297600,1.297600
1129742220,1.297500,1.297500,1.297400,1.297500
1129742280,1.297400,1.297500,1.297400,1.297500
1129742340,1.297600,1.297600,1.297000,1.297000
1129742400,1.297100,1.297100,1.296900,1.296900
1129742460,1.296800,1.296800,1.296600,1.296600
1129742520,1.296700,1.296800,1.296500,1.296800
1129742580,1.296900,1.297000,1.296800,1.297000
1129742640,1.296900,1.296900,1.296900,1.296900
1129742700,1.296800,1.296900,1.296800,1.296900
1129742820,1.297000,1.297300,1.296900,1.297200
1129742880,1.297100,1.297200,1.297000,1.297000
1129742940,1.297100,1.297100,1.296900,1.296900
1129743000,1.296800,1.296800,1.296600,1.296700
1129743060,1.296800,1.296800,1.296700,1.296800
1129743120,1.296700,1.296800,1.296700,1.296800
1129743180,1.296900,1.297200,1.296900,1.296900
1129743240,1.296800,1.296800,1.296800,1.296800
1129743300,1.296700,1.296800,1.296700,1.296800
1129743360,1.296900,1.296900,1.296800,1.296900
1129743420,1.296800,1.297000,1.296800,1.297000
1129743480,1.296900,1.296900,1.296800,1.296800
1129743600,1.296900,1.296900,1.296800,1.296800
1129743660,1.296700,1.296900,1.296700,1.296900
1129743720,1.296800,1.297000,1.296800,1.296900
1129743780,1.297000,1.297000,1.296900,1.296900
1129743900,1.296800,1.296900,1.296700,1.296800
1129743960,1.296900,1.296900,1.296900,1.296900
1129744020,1.297000,1.297000,1.296900,1.296900
1129744080,1.297000,1.297100,1.296900,1.297100
1129744140,1.297200,1.297200,1.297100,1.297200
1129744260,1.297300,1.297300,1.297100,1.297100
1129744320,1.297200,1.297200,1.297100,1.297200
1129744440,1.297300,1.297300,1.297300,1.297300
1129744500,1.297400,1.297600,1.297400,1.297500
1129744560,1.297600,1.297800,1.297500,1.297800
1129744620,1.297700,1.297700,1.297700,1.297700
1129744680,1.297800,1.297800,1.297500,1.297500
1129744740,1.297400,1.297400,1.297300,1.297400
1129744800,1.297500,1.297500,1.297400,1.297400
1129744860,1.297500,1.297500,1.297400,1.297400
1129744920,1.297300,1.297300,1.296900,1.297000
1129744980,1.297100,1.297100,1.297000,1.297100
1129745040,1.297000,1.297100,1.297000,1.297000
1129745100,1.297100,1.297200,1.297000,1.297100
1129745160,1.297000,1.297200,1.297000,1.297100
1129745220,1.297200,1.297200,1.297000,1.297100
1129745280,1.297000,1.297000,1.297000,1.297000
1129745340,1.297100,1.297100,1.297100,1.297100
1129745400,1.297000,1.297100,1.297000,1.297100
1129745460,1.297200,1.297300,1.297100,1.297100
1129745520,1.297000,1.297100,1.296900,1.297000
1129745580,1.296900,1.296900,1.296800,1.296800
1129745640,1.296900,1.296900,1.296700,1.296700
1129745700,1.296600,1.296700,1.296500,1.296500
1129745760,1.296700,1.296700,1.296600,1.296600
1129745820,1.296700,1.296700,1.296600,1.296600
1129745880,1.296700,1.296700,1.296700,1.296700
1129745940,1.296600,1.296700,1.296600,1.296600
1129746060,1.296700,1.296700,1.296600,1.296600
1129746120,1.296700,1.296700,1.296700,1.296700
1129746180,1.296600,1.296600,1.296500,1.296600
1129746240,1.296700,1.296800,1.296500,1.296700
1129746300,1.296600,1.296700,1.296500,1.296700
1129746360,1.296600,1.296800,1.296600,1.296800
1129746480,1.296600,1.296800,1.296600,1.296800
1129746540,1.296900,1.296900,1.296800,1.296800
1129746600,1.296900,1.296900,1.296800,1.296900
1129746660,1.296800,1.296900,1.296800,1.296900
1129746720,1.297000,1.297200,1.297000,1.297000
1129746780,1.297100,1.297200,1.297100,1.297100
1129746840,1.297200,1.297300,1.297000,1.297200
1129746900,1.297100,1.297100,1.296900,1.297100
1129746960,1.297200,1.297200,1.297200,1.297200
1129747020,1.297300,1.297400,1.297100,1.297200
1129747080,1.297100,1.297100,1.296900,1.297000
1129747140,1.297100,1.297100,1.297000,1.297000
1129747200,1.297100,1.297100,1.296800,1.296900
1129747260,1.296800,1.296900,1.296800,1.296900
1129747320,1.297000,1.297000,1.297000,1.297000
1129747380,1.296900,1.297100,1.296900,1.297000
1129747440,1.296900,1.296900,1.296800,1.296800
1129747500,1.296700,1.296800,1.296700,1.296700
1129747560,1.296600,1.296700,1.296600,1.296600
1129747620,1.296500,1.296600,1.296500,1.296500
1129747680,1.296400,1.296400,1.296300,1.296300
1129747740,1.296400,1.296400,1.296300,1.296300
1129747860,1.296200,1.296200,1.296200,1.296200
1129747920,1.296100,1.296100,1.296000,1.296100
1129747980,1.296000,1.296100,1.295900,1.296100
1129748040,1.296200,1.296300,1.295900,1.296200
1129748100,1.296100,1.296100,1.295900,1.296000
1129748160,1.296100,1.296100,1.296100,1.296100
1129748220,1.296000,1.296100,1.296000,1.296100
1129748280,1.296000,1.296100,1.296000,1.296100
1129748340,1.296000,1.296200,1.296000,1.296100
1129748400,1.296000,1.296200,1.296000,1.296000
1129748460,1.296100,1.296100,1.296000,1.296000
1129748520,1.295900,1.296000,1.295900,1.296000
1129748580,1.295900,1.295900,1.295800,1.295800
1129748640,1.295900,1.296000,1.295900,1.295900
1129748700,1.296000,1.296000,1.295900,1.295900
1129748820,1.295800,1.295900,1.295700,1.295700
1129748880,1.295600,1.295700,1.295600,1.295700
1129748940,1.295600,1.295700,1.295600,1.295700
1129749000,1.295600,1.295600,1.295200,1.295200
1129749060,1.295300,1.295300,1.295200,1.295300
1129749120,1.295200,1.295200,1.295200,1.295200
1129749180,1.295100,1.295300,1.295000,1.295300
1129749240,1.295400,1.295500,1.295300,1.295400
1129749300,1.295300,1.295500,1.295300,1.295500
1129749420,1.295400,1.295600,1.295400,1.295600
1129749480,1.295500,1.295900,1.295500,1.295900
1129749540,1.295800,1.295900,1.295700,1.295800
1129749600,1.295700,1.295900,1.295700,1.295900
1129749660,1.296000,1.296000,1.296000,1.296000
1129749780,1.296100,1.296100,1.295900,1.295900
1129749840,1.295800,1.295800,1.295500,1.295500
1129749900,1.295600,1.295600,1.295400,1.295400
1129750020,1.295300,1.295400,1.295200,1.295200
1129750080,1.295100,1.295200,1.294800,1.294900
1129750140,1.295000,1.295000,1.294800,1.294800
1129750200,1.294700,1.294900,1.294600,1.294600
1129750260,1.294700,1.294700,1.294600,1.294600
1129750320,1.294700,1.294700,1.294600,1.294600
1129750380,1.294500,1.294500,1.294100,1.294200
1129750440,1.294300,1.294400,1.294200,1.294300
1129750500,1.294200,1.294300,1.294100,1.294300
1129750560,1.294100,1.294100,1.294100,1.294100
1129750620,1.294000,1.294100,1.294000,1.294000
1129750680,1.294100,1.294400,1.294100,1.294400
1129750740,1.294500,1.294800,1.294500,1.294700
1129750800,1.294600,1.294800,1.294400,1.294600
1129750860,1.294700,1.295000,1.294600,1.294900
1129750920,1.294700,1.294700,1.294600,1.294700
1129750980,1.294600,1.294700,1.294600,1.294600
1129751100,1.294700,1.294700,1.294600,1.294600
1129751160,1.294700,1.294700,1.294500,1.294700
1129751220,1.294800,1.295000,1.294700,1.294900
1129751280,1.295000,1.295200,1.295000,1.295100
1129751340,1.295200,1.295200,1.295000,1.295100
1129751400,1.295000,1.295100,1.295000,1.295000
1129751460,1.294900,1.294900,1.294800,1.294900
1129751520,1.294800,1.294800,1.294700,1.294700
1129751580,1.294600,1.294600,1.294600,1.294600
1129751640,1.294500,1.294600,1.294400,1.294500
1129751700,1.294400,1.294500,1.294400,1.294400
1129751760,1.294300,1.294400,1.294200,1.294400
1129751820,1.294300,1.294400,1.294200,1.294300
1129751880,1.294400,1.294400,1.294300,1.294400
1129751940,1.294300,1.294400,1.293800,1.294100
1129752000,1.294000,1.294200,1.294000,1.294200
1129752060,1.294300,1.294300,1.294100,1.294100
1129752120,1.294200,1.294300,1.294200,1.294200
1129752180,1.294100,1.294300,1.294000,1.294200
1129752240,1.294100,1.294300,1.294100,1.294200
1129752300,1.294300,1.294400,1.294200,1.294400
1129752360,1.294500,1.294500,1.294500,1.294500
1129752420,1.294400,1.294400,1.294300,1.294300
1129752480,1.294200,1.294300,1.293700,1.293800
1129752540,1.293900,1.293900,1.293700,1.293800
1129752600,1.294000,1.294100,1.293700,1.294100
1129752660,1.294200,1.294400,1.294100,1.294400
1129752720,1.294300,1.294400,1.294300,1.294400
1129752780,1.294500,1.294600,1.294400,1.294400
1129752840,1.294500,1.294500,1.294400,1.294500
1129752900,1.294600,1.294600,1.294400,1.294500
1129752960,1.294600,1.294700,1.294200,1.294200
1129753020,1.294100,1.294200,1.294100,1.294200
1129753080,1.294300,1.294300,1.294200,1.294200
1129753140,1.294300,1.294300,1.294300,1.294300
1129753200,1.294200,1.294200,1.294200,1.294200
1129753260,1.294300,1.294400,1.294300,1.294400
1129753440,1.294500,1.294500,1.294500,1.294500
1129753500,1.294600,1.294600,1.294500,1.294600
1129753560,1.294500,1.294600,1.294400,1.294500
1129753680,1.294600,1.294600,1.294600,1.294600
1129753740,1.294500,1.294600,1.294500,1.294500
1129753800,1.294600,1.294600,1.294600,1.294600
1129753860,1.294700,1.294700,1.294700,1.294700
1129753980,1.294600,1.294600,1.294600,1.294600
1129754100,1.294700,1.294700,1.294700,1.294700
1129754160,1.294600,1.294700,1.294600,1.294700
1129754340,1.294800,1.294800,1.294700,1.294700
1129754400,1.294800,1.294800,1.294800,1.294800
1129754460,1.294700,1.294800,1.294700,1.294800
1129754520,1.294700,1.295000,1.294700,1.294900
1129754580,1.295000,1.295000,1.294900,1.294900
1129754640,1.295000,1.295000,1.294900,1.294900
1129754700,1.295000,1.295100,1.294900,1.295100
1129754760,1.295000,1.295100,1.295000,1.295100
1129755000,1.295000,1.295000,1.295000,1.295000
1129755060,1.295100,1.295200,1.295100,1.295100
1129755120,1.295000,1.295100,1.295000,1.295100
1129755240,1.295200,1.295200,1.295100,1.295100
1129755300,1.295200,1.295500,1.295100,1.295400
1129755360,1.295300,1.295300,1.295000,1.295300
1129755420,1.295200,1.295500,1.295200,1.295400
1129755480,1.295500,1.295500,1.295300,1.295400
1129755540,1.295300,1.295300,1.295000,1.295000
1129756440,1.295200,1.295400,1.295100,1.295400
1129756500,1.295300,1.295400,1.295300,1.295400
1129756560,1.295300,1.295300,1.295100,1.295200
1129756620,1.295100,1.295200,1.295100,1.295100
1129756740,1.295000,1.295000,1.294300,1.294700
1129756800,1.294900,1.295200,1.294500,1.294600
1129756860,1.294700,1.294800,1.294700,1.294800
1129756920,1.294700,1.294700,1.294600,1.294600
1129756980,1.294700,1.294800,1.294600,1.294600
1129757040,1.294700,1.294900,1.294700,1.294800
1129757100,1.294700,1.294800,1.294600,1.294800
1129757340,1.294700,1.294800,1.294700,1.294800
1129757400,1.294900,1.295100,1.294900,1.295000
1129757460,1.295100,1.295100,1.295000,1.295100
1129757520,1.295200,1.295200,1.295200,1.295200
1129757580,1.295300,1.295300,1.295100,1.295200
1129757640,1.295300,1.295400,1.295300,1.295300
1129757700,1.295400,1.295400,1.295300,1.295300
1129757760,1.295400,1.295700,1.295400,1.295600
1129757940,1.295700,1.295800,1.295600,1.295800
1129758000,1.295700,1.295700,1.295600,1.295700
1129758060,1.295800,1.295800,1.295700,1.295700
1129758120,1.295800,1.295800,1.295700,1.295800
1129758180,1.295700,1.295700,1.295700,1.295700
1129758240,1.295800,1.295800,1.295600,1.295600
1129758300,1.295700,1.295700,1.295700,1.295700
1129758420,1.295800,1.295900,1.295800,1.295800
1129758480,1.295700,1.295700,1.295700,1.295700
1129758540,1.295600,1.295700,1.295600,1.295700
1129758600,1.295800,1.295800,1.295800,1.295800
1129758720,1.295400,1.295600,1.295400,1.295600
1129758780,1.295500,1.295600,1.295500,1.295500
1129758900,1.295400,1.295400,1.295400,1.295400
1129758960,1.295300,1.295300,1.295300,1.295300
1129759020,1.295200,1.295300,1.295200,1.295300
1129759080,1.295200,1.295200,1.295000,1.295100
1129759200,1.295000,1.295000,1.295000,1.295000
1129759260,1.294900,1.295100,1.294900,1.295000
1129759320,1.295100,1.295200,1.295100,1.295100
1129759380,1.295000,1.295100,1.295000,1.295100
1129759440,1.295200,1.295200,1.295100,1.295200
1129759500,1.295300,1.295400,1.295300,1.295300
1129759560,1.295200,1.295200,1.295100,1.295200
1129759980,1.295300,1.295500,1.295300,1.295400
1129760100,1.295500,1.295500,1.295500,1.295500
1129760160,1.295400,1.295500,1.295400,1.295400
1129760340,1.295500,1.295600,1.295500,1.295600
1129760400,1.295500,1.295700,1.295500,1.295700
1129760580,1.295600,1.295700,1.295600,1.295600
1129760640,1.295700,1.295700,1.295600,1.295600
1129760700,1.295700,1.295700,1.295600,1.295600
1129761000,1.295700,1.295700,1.295600,1.295600
1129761060,1.295700,1.295700,1.295700,1.295700
1129761240,1.295800,1.295800,1.295700,1.295700
1129761300,1.295800,1.295900,1.295800,1.295900
1129761360,1.296000,1.296300,1.296000,1.296300
1129761420,1.296400,1.296600,1.296300,1.296600
1129761480,1.296500,1.296600,1.296500,1.296600
1129761540,1.296500,1.296700,1.296500,1.296600
1129761660,1.296700,1.296700,1.296600,1.296600
1129761720,1.296700,1.296700,1.296700,1.296700
1129761780,1.296800,1.296900,1.296700,1.296900
1129761840,1.296800,1.297000,1.296800,1.297000
1129761900,1.297100,1.297300,1.297100,1.297200
1129761960,1.297100,1.297200,1.297100,1.297200
1129762020,1.297300,1.297300,1.297300,1.297300
1129762080,1.297400,1.297400,1.297300,1.297300
1129762140,1.297400,1.297400,1.297300,1.297300
1129762200,1.297400,1.297400,1.297300,1.297400
1129762260,1.297300,1.297400,1.297100,1.297100
1129762320,1.297200,1.297200,1.297100,1.297200
1129762380,1.297300,1.297300,1.297200,1.297200
1129762440,1.297300,1.297300,1.297200,1.297300
1129762500,1.297400,1.297400,1.297300,1.297300
1129762560,1.297400,1.297400,1.297300,1.297400
1129762620,1.297300,1.297500,1.297300,1.297400
1129762680,1.297300,1.297500,1.297300,1.297500
1129762740,1.297400,1.297400,1.297400,1.297400
1129762800,1.297300,1.297400,1.297300,1.297400
1129762860,1.297300,1.297600,1.297300,1.297600
1129762920,1.297500,1.297700,1.297500,1.297500
1129762980,1.297600,1.297600,1.297500,1.297600
1129763040,1.297700,1.297900,1.297600,1.297800
1129763100,1.297900,1.297900,1.297800,1.297900
1129763160,1.297800,1.297800,1.297300,1.297300
1129763220,1.297200,1.297400,1.297200,1.297300
1129763280,1.297400,1.297400,1.297100,1.297200
1129763340,1.297500,1.297500,1.297000,1.297000
1129763400,1.296900,1.297000,1.296800,1.297000
1129763460,1.296800,1.297000,1.296800,1.296800
1129763520,1.296700,1.296800,1.296700,1.296700
1129763580,1.296800,1.296800,1.296700,1.296700
1129763640,1.296800,1.296800,1.296800,1.296800
1129763700,1.296700,1.296800,1.296400,1.296400
1129763760,1.296500,1.296600,1.296400,1.296600
1129763820,1.296500,1.296600,1.296400,1.296400
1129763880,1.296500,1.296600,1.296500,1.296600
1129763940,1.296500,1.296800,1.296500,1.296800
1129764000,1.296700,1.296800,1.296500,1.296600
1129764060,1.296500,1.296500,1.296000,1.296000
1129764120,1.296100,1.296400,1.296000,1.296000
1129764180,1.296100,1.296200,1.296000,1.296000
1129764240,1.295900,1.296000,1.295700,1.295800
1129764300,1.295900,1.296200,1.295900,1.296200
1129764360,1.296100,1.296100,1.296100,1.296100
1129764480,1.296200,1.296300,1.296100,1.296300
1129764540,1.296200,1.296400,1.296200,1.296400
1129764600,1.296300,1.296400,1.296200,1.296200
1129764660,1.296300,1.296300,1.296100,1.296200
1129764720,1.296100,1.296200,1.296000,1.296200
1129764780,1.296100,1.296100,1.296000,1.296000
1129764840,1.296100,1.296100,1.295900,1.296100
1129764900,1.296000,1.296000,1.295900,1.296000
1129764960,1.295900,1.296000,1.295900,1.296000
1129765020,1.296100,1.296100,1.296100,1.296100
1129765140,1.296200,1.296500,1.296200,1.296400
1129765200,1.296300,1.296600,1.296300,1.296500
1129765260,1.296400,1.296400,1.296100,1.296200
1129765320,1.296100,1.296200,1.296100,1.296200
1129765380,1.296100,1.296300,1.296100,1.296200
1129765440,1.296100,1.296300,1.296100,1.296100
1129765500,1.296000,1.296300,1.296000,1.296200
1129765560,1.296300,1.296300,1.296100,1.296100
1129765620,1.296000,1.296200,1.296000,1.296200
1129765680,1.296100,1.296400,1.296000,1.296100
1129765740,1.296200,1.296200,1.296100,1.296200
1129765800,1.296300,1.296400,1.296100,1.296300
1129765860,1.296400,1.296400,1.296300,1.296400
1129765920,1.296500,1.296500,1.296100,1.296200
1129765980,1.296300,1.296300,1.295900,1.295900
1129766040,1.296000,1.296200,1.295900,1.296200
1129766100,1.296100,1.296200,1.295900,1.295900
1129766160,1.296000,1.296200,1.295900,1.296000
1129766220,1.295900,1.296100,1.295900,1.295900
1129766280,1.296000,1.296100,1.295900,1.295900
1129766340,1.296000,1.296100,1.295900,1.296100
1129766400,1.296000,1.296000,1.295700,1.295900
1129766460,1.295800,1.296000,1.295700,1.295800
1129766520,1.295700,1.295900,1.295700,1.295900
1129766580,1.295800,1.295800,1.295600,1.295700
1129766640,1.295600,1.295900,1.295500,1.295900
1129766700,1.296000,1.296100,1.296000,1.296000
1129766760,1.296100,1.296300,1.296000,1.296200
1129766820,1.296100,1.296700,1.296100,1.296700
1129766880,1.296800,1.297200,1.296800,1.297000
1129766940,1.296900,1.297000,1.296700,1.296800
1129767000,1.296900,1.297000,1.296700,1.297000
1129767060,1.296900,1.297000,1.296900,1.297000
1129767120,1.297100,1.297100,1.297000,1.297000
1129767180,1.297100,1.297100,1.297000,1.297000
1129767240,1.296900,1.297100,1.296800,1.297000
1129767360,1.296900,1.296900,1.296800,1.296800
1129767480,1.296700,1.296800,1.296700,1.296700
1129767540,1.296800,1.296900,1.296700,1.296800
1129767600,1.296900,1.297000,1.296900,1.297000
1129767660,1.296900,1.297000,1.296800,1.296900
1129767720,1.296800,1.297000,1.296800,1.297000
1129767780,1.296900,1.297200,1.296900,1.297200
1129767840,1.297100,1.297100,1.297000,1.297100
1129767900,1.297000,1.297000,1.296900,1.296900
1129767960,1.297000,1.297100,1.296900,1.297100
1129768020,1.297200,1.297200,1.297100,1.297200
1129768080,1.297100,1.297100,1.296900,1.296900
1129768140,1.296800,1.296900,1.296700,1.296800
1129768200,1.296900,1.297000,1.296800,1.296800
1129768260,1.296900,1.296900,1.296800,1.296800
1129768320,1.296900,1.296900,1.296800,1.296900
1129768380,1.297000,1.297200,1.297000,1.297200
1129768440,1.297300,1.297300,1.297100,1.297300
1129768500,1.297200,1.297300,1.297200,1.297300
1129768560,1.297200,1.297300,1.297200,1.297300
1129768680,1.297500,1.297600,1.297300,1.297300
1129768740,1.297200,1.297400,1.297200,1.297400
1129768800,1.297500,1.297500,1.297300,1.297300
1129768860,1.297400,1.297400,1.297200,1.297200
1129768920,1.297300,1.297300,1.297200,1.297200
1129768980,1.297300,1.297400,1.297300,1.297300
1129769040,1.297400,1.297400,1.297300,1.297300
1129769100,1.297400,1.297400,1.297300,1.297400
1129769160,1.297500,1.297600,1.297300,1.297300
1129769220,1.297400,1.297400,1.297300,1.297300
1129769280,1.297200,1.297200,1.297000,1.297000
1129769340,1.297100,1.297100,1.296900,1.297000
1129769400,1.296900,1.296900,1.296800,1.296800
1129769460,1.296900,1.296900,1.296800,1.296900
1129769520,1.296800,1.297000,1.296700,1.296700
1129769580,1.296800,1.296800,1.296500,1.296700
1129769640,1.296800,1.296800,1.296800,1.296800
1129769700,1.296700,1.296800,1.296600,1.296800
1129769760,1.296700,1.296700,1.296600,1.296700
1129769820,1.296600,1.296700,1.296600,1.296600
1129769880,1.296500,1.296600,1.296500,1.296500
1129769940,1.296600,1.296600,1.296100,1.296100
1129770000,1.296200,1.296500,1.296200,1.296300
1129770060,1.296200,1.296500,1.296100,1.296400
1129770120,1.296300,1.296600,1.296300,1.296400
1129770180,1.296500,1.296700,1.296500,1.296700
1129770240,1.296600,1.296900,1.296600,1.296800
1129770300,1.296900,1.296900,1.296900,1.296900
1129770360,1.297000,1.297000,1.297000,1.297000
1129770420,1.296900,1.297000,1.296900,1.297000
1129770480,1.296900,1.297000,1.296900,1.297000
1129770540,1.297100,1.297100,1.297000,1.297100
1129770600,1.297000,1.297200,1.296900,1.297200
1129770720,1.297300,1.297300,1.297100,1.297100
1129770780,1.297200,1.297200,1.297000,1.297000
1129770840,1.296900,1.297000,1.296900,1.297000
1129770900,1.296900,1.297100,1.296800,1.297100
1129770960,1.297000,1.297000,1.296800,1.296900
1129771020,1.296800,1.296800,1.296600,1.296700
1129771080,1.296800,1.296900,1.296800,1.296800
1129771140,1.296700,1.296800,1.296600,1.296800
1129771200,1.296900,1.296900,1.296700,1.296800
1129771260,1.296700,1.296800,1.296600,1.296700
1129771320,1.296800,1.296900,1.296800,1.296800
1129771500,1.296900,1.296900,1.296700,1.296700
1129771560,1.296800,1.296800,1.296800,1.296800
1129771620,1.296700,1.296800,1.296700,1.296700
1129771680,1.296800,1.296800,1.296800,1.296800
1129771740,1.296700,1.296800,1.296600,1.296600
1129771800,1.296700,1.296700,1.296200,1.296400
1129771860,1.296500,1.296500,1.296200,1.296300
1129771920,1.296400,1.296500,1.296000,1.296100
1129771980,1.296000,1.296300,1.296000,1.296300
1129772040,1.296200,1.296500,1.296200,1.296500
1129772100,1.296400,1.296500,1.296400,1.296500
1129772160,1.296400,1.296400,1.296200,1.296200
1129772280,1.296100,1.296200,1.296100,1.296200
1129772340,1.296100,1.296200,1.296100,1.296200
1129772400,1.296100,1.296200,1.296100,1.296200
1129772460,1.296100,1.296400,1.296100,1.296300
1129772520,1.296200,1.296400,1.296200,1.296400
1129772580,1.296300,1.296400,1.296300,1.296300
1129772640,1.296400,1.296500,1.296400,1.296500
1129772700,1.296300,1.296400,1.296300,1.296400
1129772760,1.296500,1.296500,1.296300,1.296300
1129772820,1.296400,1.296500,1.296200,1.296300
1129772880,1.296400,1.296500,1.296300,1.296300
1129772940,1.296200,1.296300,1.296200,1.296200
1129773000,1.296300,1.296400,1.296200,1.296400
1129773060,1.296300,1.296400,1.296200,1.296300
1129773120,1.296400,1.296400,1.296200,1.296300
1129773180,1.296200,1.296400,1.296200,1.296400
1129773240,1.296500,1.296500,1.296500,1.296500
1129773300,1.296400,1.296400,1.296200,1.296400
1129773360,1.296300,1.296400,1.296200,1.296300
1129773420,1.296200,1.296300,1.296200,1.296300
1129773480,1.296200,1.296600,1.296200,1.296400
1129773540,1.296500,1.296700,1.296500,1.296600
1129773600,1.296500,1.296700,1.296500,1.296700
1129773660,1.296600,1.296700,1.296600,1.296700
1129773720,1.296600,1.296700,1.296500,1.296700
1129773780,1.296600,1.296800,1.296600,1.296800
1129773900,1.296700,1.296900,1.296700,1.296800
1129773960,1.296700,1.296900,1.296700,1.296800
1129774140,1.296700,1.296800,1.296700,1.296800
1129774200,1.296700,1.296700,1.296600,1.296700
1129774260,1.296600,1.296600,1.296600,1.296600
1129774440,1.296700,1.296700,1.296700,1.296700
1129774500,1.296600,1.296700,1.296600,1.296700
1129774560,1.296800,1.296800,1.296800,1.296800
1129774620,1.296700,1.296800,1.296600,1.296800
1129774680,1.296700,1.296900,1.296700,1.296900
1129774740,1.297000,1.297000,1.296800,1.296800
1129774800,1.296700,1.297000,1.296700,1.297000
1129774860,1.296900,1.297000,1.296900,1.297000
1129774920,1.296900,1.296900,1.296900,1.296900
1129775040,1.297000,1.297000,1.296900,1.297000
1129775100,1.296900,1.297000,1.296900,1.297000
1129775160,1.297100,1.297100,1.297000,1.297000
1129775220,1.297100,1.297100,1.297100,1.297100
1129775280,1.297000,1.297500,1.297000,1.297500
1129775340,1.297400,1.297400,1.297300,1.297400
1129775400,1.297500,1.297500,1.297400,1.297500
1129775460,1.297400,1.297400,1.297300,1.297300
1129775520,1.297400,1.297400,1.297100,1.297100
1129775580,1.297200,1.297200,1.297100,1.297100
1129775640,1.297200,1.297200,1.297100,1.297100
1129775820,1.297000,1.297100,1.297000,1.297100
1129775880,1.297200,1.297200,1.297100,1.297100
1129775940,1.297200,1.297400,1.297100,1.297100
1129776000,1.297200,1.297200,1.297100,1.297100
1129776060,1.297000,1.297100,1.297000,1.297100
1129776120,1.297000,1.297100,1.296900,1.297100
1129776180,1.297000,1.297000,1.296700,1.296700
1129776240,1.296600,1.296800,1.296600,1.296800
1129776300,1.296700,1.296900,1.296700,1.296900
1129776360,1.296800,1.297100,1.296800,1.297100
1129776420,1.297000,1.297100,1.296900,1.297000
1129776600,1.296900,1.297000,1.296900,1.297000
1129776660,1.296900,1.296900,1.296800,1.296800
1129776780,1.296700,1.296700,1.296600,1.296700
1129776840,1.296800,1.296800,1.296700,1.296700
1129776900,1.296800,1.296900,1.296800,1.296900
1129776960,1.296800,1.296900,1.296800,1.296900
1129777020,1.297000,1.297000,1.297000,1.297000
1129777140,1.296900,1.297000,1.296800,1.297000
1129777200,1.297100,1.297500,1.297100,1.297200
1129777260,1.297100,1.297100,1.297000,1.297100
1129777320,1.297200,1.297300,1.297100,1.297200
1129777380,1.297100,1.297400,1.297000,1.297300
1129777440,1.297200,1.297300,1.297200,1.297300
1129777500,1.297400,1.297800,1.297400,1.297700
1129777560,1.297800,1.297900,1.297800,1.297800
1129777620,1.297900,1.297900,1.297800,1.297900
1129777680,1.297800,1.297900,1.297600,1.297700
1129777740,1.297800,1.298100,1.297800,1.298100
1129777800,1.298000,1.298300,1.298000,1.298300
1129777860,1.298500,1.298500,1.298300,1.298300
1129777920,1.298400,1.298400,1.298300,1.298300
1129777980,1.298400,1.298600,1.298300,1.298300
1129778040,1.298200,1.298400,1.298200,1.298400
1129778100,1.298300,1.298500,1.298300,1.298400
1129778160,1.298500,1.298600,1.298400,1.298600
1129778220,1.298500,1.298600,1.298500,1.298600
1129778280,1.298500,1.298500,1.298500,1.298500
1129778340,1.298600,1.298600,1.298300,1.298400
1129778400,1.298100,1.298400,1.298100,1.298300
1129778460,1.298400,1.298400,1.298200,1.298200
1129778520,1.298100,1.298200,1.298000,1.298000
1129778580,1.298100,1.298200,1.298000,1.298200
1129778640,1.298300,1.298300,1.298200,1.298200
1129778700,1.298100,1.298300,1.298100,1.298200
1129778760,1.298300,1.298300,1.298100,1.298100
1129779060,1.298200,1.298300,1.298200,1.298200
1129779120,1.298300,1.298300,1.298200,1.298200
1129779360,1.298100,1.298100,1.298000,1.298100
1129779420,1.298000,1.298100,1.298000,1.298100
1129779480,1.298200,1.298200,1.298100,1.298100
1129779540,1.298200,1.298200,1.298200,1.298200
1129779600,1.298100,1.298100,1.298100,1.298100
1129779780,1.298000,1.298000,1.298000,1.298000
1129779840,1.298100,1.298100,1.298100,1.298100
1129779960,1.298200,1.298300,1.298100,1.298200
1129780020,1.298300,1.298400,1.298200,1.298200
1129780080,1.298300,1.298400,1.298200,1.298400
1129780140,1.298300,1.298500,1.298300,1.298500
1129780200,1.298400,1.298500,1.298400,1.298400
1129780260,1.298300,1.298500,1.298300,1.298400
1129780320,1.298300,1.298400,1.298300,1.298400
1129780380,1.298300,1.298400,1.298300,1.298400
1129780440,1.298300,1.298400,1.298300,1.298400
1129780500,1.298500,1.298500,1.298400,1.298400
1129780560,1.298500,1.298800,1.298400,1.298700
1129780620,1.298800,1.298900,1.298800,1.298900
1129780680,1.298800,1.298900,1.298700,1.298700
1129780740,1.298800,1.299000,1.298800,1.298900
