time,open,high,low,close
1306123200,1.056500,1.056600,1.056500,1.056600
1306123260,1.056500,1.056700,1.056500,1.056600
1306123320,1.056500,1.056900,1.056500,1.056800
1306123380,1.056900,1.056900,1.056700,1.056800
1306123440,1.056700,1.056900,1.056700,1.056800
1306123500,1.056900,1.056900,1.056700,1.056700
1306123560,1.056800,1.057100,1.056800,1.057100
1306123620,1.057000,1.057000,1.056800,1.056900
1306123680,1.057000,1.057100,1.056800,1.056900
1306123740,1.056800,1.056900,1.056700,1.056800
1306123800,1.056700,1.056800,1.056600,1.056700
1306123860,1.056600,1.056800,1.056600,1.056800
1306123920,1.056700,1.056800,1.056700,1.056800
1306123980,1.056700,1.056800,1.056700,1.056700
1306124040,1.056600,1.056700,1.056500,1.056700
1306124100,1.056800,1.056800,1.056700,1.056700
1306124220,1.056600,1.056600,1.056500,1.056600
1306124340,1.056500,1.056600,1.056500,1.056600
1306124400,1.056500,1.056800,1.056500,1.056600
1306124460,1.056700,1.056700,1.056600,1.056700
1306124520,1.056600,1.056600,1.056300,1.056400
1306124580,1.056500,1.056500,1.056100,1.056100
1306124640,1.056000,1.056100,1.055900,1.056100
1306124700,1.056000,1.056200,1.056000,1.056200
1306124760,1.056300,1.056400,1.056300,1.056400
1306124820,1.056500,1.056500,1.056400,1.056400
1306124880,1.056500,1.056500,1.056200,1.056200
1306124940,1.056100,1.056100,1.055900,1.056000
1306125000,1.055900,1.056500,1.055900,1.056400
1306125060,1.056300,1.056500,1.056300,1.056400
1306125120,1.056500,1.056600,1.056400,1.056500
1306125180,1.056400,1.056500,1.056400,1.056400
1306125240,1.056500,1.056500,1.056400,1.056400
1306125300,1.056500,1.056700,1.056400,1.056500
1306125360,1.056400,1.056500,1.056400,1.056500
1306125420,1.056400,1.056500,1.056200,1.056300
1306125480,1.056200,1.056300,1.056100,1.056200
1306125540,1.056100,1.056400,1.056100,1.056400
1306125600,1.056300,1.056400,1.056200,1.056400
1306125660,1.056300,1.056400,1.056300,1.056300
1306125720,1.056400,1.056500,1.056400,1.056500
1306125780,1.056400,1.056600,1.056400,1.056600
1306125840,1.056500,1.056600,1.056500,1.056600
1306125900,1.056700,1.056800,1.056600,1.056700
1306125960,1.056800,1.056900,1.056700,1.056700
1306126020,1.056800,1.056800,1.056700,1.056700
1306126080,1.056800,1.056800,1.056600,1.056700
1306126200,1.056600,1.056700,1.056600,1.056600
1306126260,1.056500,1.056600,1.056500,1.056600
1306126320,1.056600,1.056600,1.056600,1.056600
1306126380,1.056700,1.056800,1.056700,1.056800
1306126440,1.056900,1.057100,1.056900,1.057000
1306126500,1.057100,1.057100,1.057000,1.057000
1306126560,1.057100,1.057100,1.056800,1.056900
1306126620,1.056800,1.057200,1.056800,1.057100
1306126680,1.057000,1.057000,1.057000,1.057000
1306126740,1.056900,1.057200,1.056900,1.056900
1306126800,1.057000,1.057100,1.056900,1.057000
1306126860,1.057100,1.057100,1.056900,1.057000
1306126980,1.057100,1.057100,1.056900,1.056900
1306127040,1.057000,1.057200,1.057000,1.057000
1306127100,1.057100,1.057200,1.057000,1.057100
1306127160,1.057200,1.057200,1.057100,1.057200
1306127220,1.057300,1.057400,1.057200,1.057300
1306127280,1.057400,1.057400,1.057200,1.057200
1306127340,1.057300,1.057300,1.057300,1.057300
1306127400,1.057400,1.057400,1.057200,1.057300
1306127460,1.057200,1.057300,1.057000,1.057100
1306127520,1.057100,1.057100,1.057000,1.057000
1306127580,1.057100,1.057100,1.057000,1.057000
1306127640,1.057100,1.057100,1.057100,1.057100
1306127700,1.057000,1.057000,1.056900,1.056900
1306127760,1.056800,1.056800,1.056500,1.056600
1306127820,1.056500,1.056700,1.056500,1.056600
1306127880,1.056700,1.056900,1.056700,1.056800
1306127940,1.056700,1.056800,1.056600,1.056600
1306128000,1.056700,1.056700,1.056600,1.056600
1306128060,1.056700,1.056700,1.056500,1.056600
1306128120,1.056500,1.056600,1.056500,1.056500
1306128180,1.056600,1.056600,1.056300,1.056600
1306128240,1.056500,1.056700,1.056500,1.056700
1306128300,1.056700,1.056700,1.056600,1.056700
1306128360,1.056600,1.056700,1.056600,1.056600
1306128420,1.056500,1.056600,1.056500,1.056500
1306128480,1.056600,1.056600,1.056300,1.056300
1306128540,1.056200,1.056400,1.056200,1.056400
1306128600,1.056300,1.056700,1.056300,1.056700
1306128660,1.056600,1.056600,1.056600,1.056600
1306128720,1.056500,1.056500,1.056200,1.056200
1306128780,1.056100,1.056100,1.056000,1.056000
1306128840,1.056100,1.056100,1.056000,1.056100
1306128900,1.056200,1.056200,1.056100,1.056100
1306128960,1.056200,1.056300,1.056100,1.056100
1306129020,1.056200,1.056200,1.056100,1.056200
1306129140,1.056100,1.056200,1.056000,1.056100
1306129200,1.056000,1.056100,1.056000,1.056000
1306129260,1.055900,1.056000,1.055900,1.056000
1306129320,1.055900,1.055900,1.055400,1.055500
1306129380,1.055600,1.055600,1.055500,1.055500
1306129440,1.055600,1.055600,1.055500,1.055600
1306129500,1.055500,1.055600,1.055500,1.055600
1306129560,1.055500,1.055600,1.055000,1.055100
1306129620,1.055200,1.055200,1.054300,1.054700
1306129680,1.054600,1.054700,1.054400,1.054400
1306129740,1.054300,1.054800,1.054300,1.054700
1306129800,1.054800,1.054900,1.054700,1.054900
1306129860,1.054800,1.055100,1.054700,1.055000
1306129920,1.055100,1.055500,1.055100,1.055400
1306129980,1.055500,1.055600,1.055400,1.055600
1306130040,1.055800,1.055800,1.055600,1.055600
1306130100,1.055700,1.055700,1.055600,1.055600
1306130160,1.055500,1.055700,1.055500,1.055500
1306130220,1.055600,1.055600,1.055200,1.055300
1306130280,1.055200,1.055300,1.055200,1.055300
1306130340,1.055200,1.055500,1.055200,1.055500
1306130400,1.055600,1.055600,1.055000,1.055000
1306130460,1.055100,1.055100,1.054900,1.055000
1306130520,1.054900,1.055000,1.054700,1.054700
1306130580,1.054600,1.055000,1.054600,1.054900
1306130640,1.055000,1.055200,1.054900,1.055100
1306130700,1.055200,1.055300,1.055100,1.055200
1306130760,1.055300,1.055400,1.055300,1.055400
1306130820,1.055500,1.055900,1.055400,1.055800
1306130880,1.055900,1.055900,1.055500,1.055700
1306130940,1.055600,1.055600,1.055300,1.055400
1306131000,1.055500,1.055500,1.055200,1.055200
1306131060,1.055100,1.055200,1.054700,1.054800
1306131120,1.054700,1.054700,1.054400,1.054500
1306131180,1.054400,1.054500,1.053800,1.053800
1306131240,1.053900,1.054400,1.053700,1.054300
1306131300,1.054200,1.054500,1.054100,1.054500
1306131360,1.054700,1.054900,1.054200,1.054500
1306131420,1.054400,1.054500,1.054100,1.054200
1306131480,1.054100,1.054400,1.054000,1.054200
1306131540,1.054300,1.054300,1.054100,1.054200
1306131600,1.054300,1.054600,1.054200,1.054600
1306131660,1.054700,1.054700,1.054600,1.054600
1306131720,1.054700,1.054700,1.054500,1.054600
1306131780,1.054700,1.054700,1.054400,1.054400
1306131840,1.054500,1.054500,1.054300,1.054300
1306131900,1.054200,1.054400,1.054000,1.054300
1306131960,1.054400,1.054500,1.054200,1.054200
1306132020,1.054100,1.054500,1.054100,1.054400
1306132080,1.054300,1.054700,1.054200,1.054700
1306132140,1.054800,1.054800,1.054800,1.054800
1306132200,1.054900,1.055000,1.054600,1.054700
1306132260,1.054800,1.055000,1.054600,1.054600
1306132320,1.054700,1.054800,1.054500,1.054700
1306132380,1.054600,1.055200,1.054600,1.055200
1306132440,1.055300,1.055500,1.055100,1.055200
1306132500,1.055100,1.055300,1.055100,1.055300
1306132560,1.055200,1.055400,1.055200,1.055400
1306132620,1.055300,1.055400,1.055300,1.055300
1306132680,1.055200,1.055300,1.055200,1.055300
1306132740,1.055200,1.055200,1.055000,1.055100
1306132800,1.055200,1.055500,1.055200,1.055400
1306132860,1.055500,1.055600,1.055500,1.055600
1306132920,1.055500,1.055600,1.055500,1.055600
1306132980,1.055700,1.056100,1.055700,1.056000
1306133040,1.055900,1.055900,1.055500,1.055700
1306133100,1.055600,1.055900,1.055500,1.055800
1306133160,1.055700,1.055900,1.055700,1.055900
1306133220,1.056000,1.056000,1.055600,1.055600
1306133280,1.055500,1.055500,1.055100,1.055100
1306133340,1.055200,1.055300,1.055200,1.055300
1306133400,1.055200,1.055500,1.055100,1.055100
1306133460,1.055200,1.055200,1.054900,1.054900
1306133520,1.055000,1.055000,1.054900,1.054900
1306133580,1.055000,1.055000,1.054700,1.054700
1306133640,1.054800,1.055100,1.054700,1.054900
1306133700,1.054800,1.054900,1.054600,1.054700
1306133760,1.054600,1.054700,1.054400,1.054700
1306133820,1.054600,1.054900,1.054600,1.054800
1306133880,1.054900,1.055000,1.054500,1.054500
1306133940,1.054600,1.054600,1.054400,1.054500
1306134000,1.054600,1.054800,1.053900,1.054000
1306134060,1.054100,1.054700,1.054100,1.054700
1306134120,1.054600,1.054600,1.054300,1.054300
1306134180,1.054400,1.054500,1.054300,1.054400
1306134240,1.054300,1.054800,1.054300,1.054700
1306134300,1.054800,1.055100,1.054500,1.055100
1306134360,1.055200,1.055600,1.055200,1.055500
1306134420,1.055600,1.055700,1.055500,1.055600
1306134480,1.055700,1.056000,1.055700,1.055800
1306134540,1.055900,1.055900,1.055800,1.055800
1306134600,1.055900,1.055900,1.055500,1.055600
1306134660,1.055500,1.055800,1.055400,1.055800
1306134720,1.055700,1.055800,1.055600,1.055600
1306134780,1.055500,1.055800,1.055500,1.055700
1306134840,1.055800,1.055800,1.055600,1.055600
1306134900,1.055500,1.056100,1.055400,1.055900
1306134960,1.056100,1.056100,1.055700,1.055800
1306135020,1.055700,1.055900,1.055600,1.055700
1306135080,1.055600,1.055700,1.055400,1.055400
1306135140,1.055500,1.055600,1.055100,1.055400
1306135200,1.055300,1.055800,1.055300,1.055800
1306135260,1.055700,1.055800,1.055400,1.055400
1306135320,1.055500,1.055600,1.055400,1.055400
1306135380,1.055500,1.055700,1.055400,1.055600
1306135440,1.055700,1.055900,1.055700,1.055800
1306135500,1.055700,1.055900,1.055700,1.055900
1306135560,1.056000,1.056000,1.055800,1.055900
1306135620,1.055800,1.056100,1.055700,1.056000
1306135680,1.055900,1.056000,1.055400,1.055400
1306135740,1.055300,1.055400,1.054700,1.054700
1306135800,1.054600,1.054800,1.054400,1.054700
1306135860,1.054600,1.054600,1.054500,1.054600
1306135920,1.054700,1.054700,1.054300,1.054400
1306135980,1.054300,1.054400,1.054000,1.054100
1306136040,1.054000,1.054200,1.054000,1.054100
1306136100,1.054000,1.054000,1.053800,1.053800
1306136160,1.053900,1.054200,1.053800,1.054200
1306136220,1.054300,1.054600,1.054200,1.054500
1306136280,1.054400,1.054500,1.054000,1.054000
1306136340,1.054100,1.054100,1.053600,1.053700
1306136400,1.053800,1.054000,1.053700,1.054000
1306136460,1.053900,1.053900,1.053600,1.053700
1306136520,1.053600,1.054200,1.053600,1.054200
1306136580,1.054100,1.054600,1.054000,1.054600
1306136640,1.054700,1.054900,1.054600,1.054900
1306136700,1.054800,1.054900,1.054700,1.054900
1306136760,1.055000,1.055000,1.054800,1.054900
1306136820,1.055000,1.055200,1.055000,1.055100
1306136880,1.055000,1.055000,1.054700,1.054700
1306136940,1.054800,1.055100,1.054700,1.055100
1306137000,1.055200,1.055600,1.055100,1.055600
1306137060,1.055700,1.056000,1.055600,1.055900
1306137120,1.056000,1.056300,1.055900,1.056000
1306137180,1.055900,1.055900,1.055900,1.055900
1306137240,1.055800,1.055900,1.055500,1.055500
1306137300,1.055600,1.055700,1.055500,1.055700
1306137360,1.055800,1.055800,1.055200,1.055300
1306137420,1.055200,1.055400,1.055200,1.055400
1306137480,1.055500,1.055900,1.055400,1.055800
1306137540,1.055900,1.055900,1.055300,1.055300
1306137600,1.055400,1.055900,1.055300,1.055600
1306137660,1.055500,1.055800,1.055400,1.055600
1306137720,1.055500,1.055700,1.055500,1.055700
1306137780,1.055600,1.055700,1.055300,1.055300
1306137840,1.055200,1.055500,1.055200,1.055500
1306137900,1.055400,1.055800,1.055200,1.055800
1306137960,1.055900,1.056000,1.055700,1.055700
1306138020,1.055600,1.055800,1.055600,1.055700
1306138080,1.055600,1.055900,1.055500,1.055600
1306138140,1.055500,1.055600,1.055400,1.055400
1306138200,1.055300,1.055400,1.055300,1.055300
1306138260,1.055400,1.055600,1.055300,1.055600
1306138320,1.055500,1.055500,1.055300,1.055300
1306138380,1.055400,1.055400,1.055200,1.055200
1306138440,1.055300,1.056100,1.055300,1.056100
1306138500,1.056200,1.056200,1.055800,1.056100
1306138560,1.056000,1.056000,1.055800,1.055800
1306138620,1.055700,1.055900,1.055600,1.055600
1306138680,1.055500,1.055600,1.055200,1.055400
1306138740,1.055500,1.055500,1.055000,1.055400
1306138800,1.055300,1.055400,1.055200,1.055200
1306138860,1.055000,1.055100,1.054600,1.054600
1306138920,1.054500,1.054600,1.053800,1.054200
1306138980,1.054300,1.054300,1.053900,1.053900
1306139040,1.054000,1.054400,1.053900,1.054200
1306139100,1.054100,1.054100,1.053700,1.053800
1306139160,1.053900,1.053900,1.053700,1.053700
1306139220,1.053800,1.054300,1.053700,1.054300
1306139280,1.054500,1.054600,1.054300,1.054600
1306139340,1.054500,1.054700,1.054100,1.054200
1306139400,1.054100,1.054300,1.054100,1.054300
1306139460,1.054200,1.054400,1.053900,1.053900
1306139520,1.054000,1.054700,1.053900,1.054700
1306139580,1.054800,1.055000,1.054600,1.054600
1306139640,1.054700,1.054800,1.054500,1.054600
1306139700,1.054500,1.054800,1.054500,1.054600
1306139760,1.054500,1.054900,1.054400,1.054800
1306139820,1.054700,1.054800,1.054600,1.054600
1306139880,1.054700,1.054800,1.054300,1.054400
1306139940,1.054500,1.054700,1.054400,1.054600
1306140000,1.054300,1.054600,1.054300,1.054500
1306140060,1.054400,1.054500,1.054300,1.054400
1306140120,1.054500,1.054500,1.054200,1.054200
1306140180,1.054300,1.054300,1.054100,1.054100
1306140240,1.054200,1.054300,1.054100,1.054100
1306140300,1.054200,1.054400,1.054200,1.054200
1306140360,1.054100,1.054100,1.054000,1.054000
1306140420,1.054100,1.054100,1.053900,1.054100
1306140480,1.054000,1.054000,1.053600,1.053600
1306140540,1.053700,1.053700,1.053400,1.053400
1306140600,1.053300,1.053300,1.052800,1.052900
1306140660,1.053000,1.053400,1.052900,1.053300
1306140720,1.053400,1.053600,1.053200,1.053600
1306140780,1.053700,1.053700,1.053500,1.053500
1306140840,1.053600,1.053700,1.053600,1.053600
1306140900,1.053700,1.053800,1.053600,1.053800
1306140960,1.053900,1.054000,1.053600,1.053600
1306141020,1.053700,1.053700,1.053200,1.053300
1306141080,1.053200,1.053400,1.053200,1.053200
1306141140,1.053300,1.053700,1.053200,1.053700
1306141200,1.053600,1.053900,1.053500,1.053800
1306141260,1.053900,1.053900,1.053500,1.053600
1306141320,1.053500,1.053600,1.053300,1.053500
1306141380,1.053600,1.053900,1.053600,1.053800
1306141440,1.053900,1.053900,1.053700,1.053800
1306141500,1.053700,1.053800,1.053600,1.053600
1306141560,1.053500,1.053500,1.053200,1.053200
1306141620,1.053300,1.053300,1.052700,1.052800
1306141680,1.052900,1.053300,1.052900,1.053100
1306141740,1.053200,1.053200,1.053000,1.053100
1306141800,1.053000,1.053200,1.052800,1.052800
1306141860,1.052900,1.052900,1.052500,1.052500
1306141920,1.052600,1.052700,1.052200,1.052300
1306141980,1.052100,1.052200,1.051900,1.051900
1306142040,1.051800,1.052000,1.051500,1.051700
1306142100,1.051600,1.052300,1.051600,1.052300
1306142160,1.052200,1.052300,1.051900,1.052100
1306142220,1.052200,1.052300,1.052200,1.052300
1306142280,1.052200,1.052200,1.051600,1.051800
1306142340,1.051700,1.052000,1.051400,1.051500
1306142400,1.051400,1.051700,1.051400,1.051700
1306142460,1.051800,1.051900,1.051800,1.051900
1306142520,1.051800,1.051800,1.051300,1.051700
1306142580,1.051600,1.051700,1.051400,1.051500
1306142640,1.051400,1.051700,1.051400,1.051700
1306142700,1.051800,1.051800,1.051600,1.051700
1306142760,1.051600,1.051800,1.051500,1.051800
1306142820,1.051900,1.051900,1.051700,1.051800
1306142880,1.051900,1.052200,1.051900,1.052200
1306142940,1.052100,1.052300,1.052100,1.052200
1306143000,1.052300,1.052300,1.052100,1.052100
1306143060,1.052200,1.052400,1.052000,1.052400
1306143120,1.052300,1.052500,1.052300,1.052500
1306143180,1.052600,1.052600,1.052500,1.052500
1306143240,1.052600,1.052600,1.052400,1.052500
1306143300,1.052600,1.053000,1.052500,1.053000
1306143360,1.052900,1.053000,1.052800,1.052900
1306143420,1.052800,1.052900,1.052600,1.052600
1306143480,1.052700,1.052700,1.052200,1.052400
1306143540,1.052300,1.052300,1.051600,1.051800
1306143600,1.051700,1.052000,1.051700,1.051700
1306143660,1.051600,1.051700,1.051400,1.051500
1306143720,1.051400,1.051500,1.051000,1.051100
1306143780,1.051200,1.051800,1.051200,1.051800
1306143840,1.051900,1.052400,1.051900,1.052200
1306143900,1.052300,1.052900,1.052200,1.052900
1306143960,1.053000,1.053400,1.052800,1.053200
1306144020,1.053100,1.053200,1.052900,1.052900
1306144080,1.053000,1.053000,1.052600,1.052800
1306144140,1.052900,1.052900,1.052700,1.052700
1306144200,1.052600,1.052700,1.052300,1.052300
1306144260,1.052400,1.052500,1.052300,1.052500
1306144320,1.052600,1.052900,1.052600,1.052800
1306144380,1.052700,1.052700,1.052500,1.052500
1306144440,1.052600,1.052700,1.052500,1.052700
1306144500,1.052600,1.052800,1.052600,1.052700
1306144560,1.052600,1.052700,1.052400,1.052500
1306144620,1.052600,1.052600,1.052200,1.052300
1306144680,1.052400,1.052600,1.052200,1.052300
1306144740,1.052200,1.052400,1.052100,1.052400
1306144800,1.052500,1.052500,1.051600,1.051700
1306144860,1.051800,1.052100,1.051800,1.052000
1306144920,1.052100,1.052300,1.052100,1.052300
1306144980,1.052200,1.052300,1.051800,1.051900
1306145040,1.052000,1.052000,1.051600,1.051700
1306145100,1.051800,1.051900,1.051700,1.051900
1306145160,1.052000,1.052100,1.051800,1.052000
1306145220,1.052100,1.052200,1.051900,1.052100
1306145280,1.052000,1.052000,1.051700,1.051800
1306145340,1.051700,1.051900,1.051500,1.051800
1306145400,1.051900,1.052600,1.051800,1.052600
1306145460,1.052500,1.052600,1.052200,1.052300
1306145520,1.052200,1.052300,1.052000,1.052000
1306145580,1.051900,1.052000,1.051600,1.051800
1306145640,1.051700,1.051900,1.051700,1.051700
1306145700,1.051600,1.051900,1.051600,1.051900
1306145760,1.052000,1.052200,1.052000,1.052200
1306145820,1.052100,1.052300,1.052100,1.052300
1306145880,1.052400,1.052700,1.052300,1.052700
1306145940,1.052600,1.052800,1.052600,1.052700
1306146000,1.052600,1.052700,1.052500,1.052500
1306146060,1.052600,1.052600,1.052200,1.052300
1306146120,1.052400,1.052400,1.052400,1.052400
1306146180,1.052300,1.052400,1.052300,1.052400
1306146240,1.052300,1.052400,1.052200,1.052200
1306146300,1.052300,1.052700,1.052200,1.052700
1306146360,1.052800,1.053200,1.052800,1.053100
1306146420,1.053000,1.053000,1.052900,1.052900
1306146480,1.053000,1.053100,1.052500,1.052500
1306146540,1.052600,1.052600,1.052400,1.052500
1306146600,1.052600,1.052600,1.052500,1.052500
1306146660,1.052400,1.052600,1.052400,1.052500
1306146720,1.052600,1.052600,1.052300,1.052300
1306146780,1.052400,1.052400,1.052000,1.052100
1306146840,1.052000,1.052300,1.051900,1.052200
1306146900,1.052400,1.052600,1.052300,1.052300
1306146960,1.052400,1.052500,1.052300,1.052400
1306147020,1.052300,1.052600,1.052300,1.052600
1306147080,1.052700,1.052800,1.052600,1.052600
1306147140,1.052700,1.052700,1.052600,1.052700
1306147200,1.052600,1.052700,1.052500,1.052600
1306147260,1.052500,1.052600,1.052300,1.052400
1306147320,1.052300,1.052400,1.052300,1.052400
1306147380,1.052500,1.052600,1.052300,1.052300
1306147440,1.052400,1.052500,1.052400,1.052400
1306147500,1.052500,1.052500,1.052000,1.052000
1306147560,1.052100,1.052300,1.052100,1.052200
1306147620,1.052300,1.052400,1.052200,1.052300
1306147680,1.052400,1.052400,1.052300,1.052400
1306147740,1.052300,1.052900,1.052300,1.052900
1306147800,1.053000,1.053000,1.052600,1.052600
1306147860,1.052700,1.052800,1.052500,1.052600
1306147920,1.052700,1.052700,1.052500,1.052500
1306147980,1.052600,1.052700,1.052300,1.052300
1306148040,1.052200,1.052500,1.052200,1.052400
1306148100,1.052300,1.052400,1.052100,1.052100
1306148160,1.052200,1.052300,1.052200,1.052200
1306148220,1.052300,1.052300,1.052000,1.052200
1306148280,1.052100,1.052500,1.052100,1.052300
1306148340,1.052200,1.052200,1.052100,1.052100
1306148400,1.052200,1.052200,1.051900,1.052000
1306148460,1.051900,1.052000,1.051800,1.052000
1306148520,1.051900,1.051900,1.051600,1.051600
1306148580,1.051500,1.051600,1.051500,1.051500
1306148640,1.051400,1.051500,1.051200,1.051300
1306148700,1.051400,1.051400,1.051100,1.051100
1306148760,1.051200,1.051500,1.051200,1.051300
1306148820,1.051500,1.051800,1.051500,1.051700
1306148880,1.051800,1.052200,1.051800,1.052200
1306148940,1.052100,1.052300,1.052000,1.052200
1306149000,1.052000,1.052200,1.051900,1.052100
1306149060,1.052000,1.052200,1.051900,1.052200
1306149120,1.052300,1.052300,1.052200,1.052200
1306149180,1.052100,1.052100,1.051900,1.052000
1306149240,1.052100,1.052200,1.052000,1.052200
1306149300,1.052300,1.052300,1.052100,1.052200
1306149360,1.052300,1.052600,1.052300,1.052600
1306149420,1.052700,1.052800,1.052600,1.052800
1306149480,1.052900,1.053100,1.052800,1.053000
1306149540,1.052900,1.053000,1.052800,1.052900
1306149600,1.053000,1.053200,1.052500,1.052500
1306149660,1.052600,1.052600,1.052100,1.052200
1306149720,1.052300,1.052500,1.052100,1.052100
1306149780,1.052000,1.052100,1.051900,1.052000
1306149840,1.052100,1.052100,1.051900,1.051900
1306149900,1.051800,1.051900,1.051700,1.051700
1306149960,1.051800,1.052000,1.051700,1.051800
1306150020,1.051700,1.051800,1.051700,1.051800
1306150080,1.051700,1.051900,1.051700,1.051800
1306150140,1.051700,1.052000,1.051700,1.052000
1306150200,1.051900,1.051900,1.051700,1.051700
1306150260,1.051800,1.052300,1.051700,1.052200
1306150320,1.052300,1.052600,1.052200,1.052600
1306150380,1.052700,1.052900,1.052500,1.052900
1306150440,1.052800,1.052800,1.052600,1.052600
1306150500,1.052500,1.052600,1.052400,1.052500
1306150560,1.052600,1.052700,1.052600,1.052700
1306150620,1.052600,1.052600,1.052400,1.052400
1306150680,1.052300,1.052400,1.052200,1.052200
1306150740,1.052100,1.052600,1.052100,1.052600
1306150800,1.052500,1.052600,1.052200,1.052300
1306150860,1.052400,1.052600,1.052400,1.052400
1306150920,1.052300,1.052300,1.051900,1.052000
1306150980,1.052100,1.052200,1.051900,1.051900
1306151040,1.052000,1.052600,1.052000,1.052500
1306151100,1.052400,1.052500,1.052300,1.052300
1306151160,1.052400,1.052700,1.052400,1.052700
1306151220,1.052800,1.052900,1.052800,1.052800
1306151280,1.052900,1.053000,1.052800,1.053000
1306151340,1.052900,1.053000,1.052600,1.052700
1306151400,1.052600,1.052600,1.052500,1.052500
1306151460,1.052400,1.052500,1.052400,1.052400
1306151520,1.052500,1.052700,1.052500,1.052700
1306151580,1.052600,1.052700,1.052400,1.052400
1306151640,1.052300,1.052400,1.052200,1.052300
1306151700,1.052200,1.052200,1.052200,1.052200
1306151760,1.052300,1.052300,1.052100,1.052100
1306151820,1.052000,1.052300,1.052000,1.052300
1306151880,1.052400,1.052600,1.052400,1.052500
1306151940,1.052400,1.052700,1.052400,1.052700
1306152000,1.052600,1.052800,1.052500,1.052800
1306152060,1.052900,1.053000,1.052800,1.052900
1306152120,1.053000,1.053000,1.052700,1.052700
1306152180,1.052600,1.052800,1.052600,1.052700
1306152240,1.052600,1.052700,1.052400,1.052400
1306152300,1.052500,1.052600,1.052400,1.052600
1306152360,1.052500,1.052700,1.052500,1.052600
1306152420,1.052500,1.052700,1.052500,1.052700
1306152480,1.052600,1.052700,1.052400,1.052500
1306152540,1.052400,1.052400,1.052000,1.052100
1306152600,1.052000,1.052100,1.051800,1.051800
1306152660,1.051900,1.051900,1.051600,1.051800
1306152720,1.051700,1.051900,1.051700,1.051900
1306152780,1.051800,1.051800,1.051400,1.051500
1306152840,1.051600,1.051700,1.051300,1.051300
1306152900,1.051200,1.051200,1.050700,1.050900
1306152960,1.051000,1.051100,1.050700,1.051100
1306153020,1.051200,1.051200,1.050000,1.050000
1306153080,1.049900,1.050000,1.049200,1.050000
1306153140,1.050200,1.050300,1.049300,1.049300
1306153200,1.049400,1.050100,1.049300,1.050000
1306153260,1.049900,1.050400,1.049900,1.050400
1306153320,1.050500,1.050500,1.050200,1.050200
1306153380,1.050100,1.050300,1.049900,1.050100
1306153440,1.050000,1.050900,1.050000,1.050900
1306153500,1.051200,1.051200,1.051000,1.051200
1306153560,1.051300,1.051300,1.050900,1.051200
1306153620,1.051100,1.051100,1.050600,1.050600
1306153680,1.050700,1.051300,1.050700,1.051200
1306153740,1.051100,1.051300,1.050800,1.050800
1306153800,1.050900,1.050900,1.050400,1.050400
1306153860,1.050300,1.050400,1.050200,1.050300
1306153920,1.050400,1.050500,1.050300,1.050500
1306153980,1.050600,1.050900,1.050500,1.050800
1306154040,1.050900,1.050900,1.050700,1.050800
1306154100,1.050900,1.051000,1.050700,1.050700
1306154160,1.050500,1.051000,1.050500,1.050800
1306154220,1.050900,1.051000,1.050600,1.050700
1306154280,1.050800,1.051200,1.050800,1.051100
1306154340,1.051200,1.051200,1.050600,1.050800
1306154400,1.050900,1.050900,1.050500,1.050500
1306154460,1.050600,1.050600,1.050500,1.050500
1306154520,1.050400,1.050700,1.050400,1.050700
1306154580,1.050600,1.050900,1.050500,1.050900
1306154640,1.050800,1.051000,1.050600,1.050600
1306154700,1.050700,1.050900,1.050500,1.050800
1306154760,1.050900,1.051200,1.050800,1.051200
1306154820,1.051300,1.051400,1.051000,1.051100
1306154880,1.051000,1.051300,1.051000,1.051200
1306154940,1.051100,1.051200,1.050600,1.050700
1306155000,1.050600,1.051200,1.050500,1.051200
1306155060,1.051300,1.051700,1.051100,1.051700
1306155120,1.051600,1.051700,1.051300,1.051300
1306155180,1.051200,1.051200,1.051000,1.051100
1306155240,1.051000,1.051200,1.051000,1.051000
1306155300,1.051100,1.051200,1.050700,1.051100
1306155360,1.051000,1.051400,1.050900,1.051300
1306155420,1.051100,1.051400,1.051100,1.051400
1306155480,1.051500,1.051500,1.051100,1.051300
1306155540,1.051400,1.051500,1.051100,1.051400
1306155600,1.051300,1.051500,1.051100,1.051300
1306155660,1.051400,1.051600,1.051300,1.051500
1306155720,1.051600,1.051600,1.051400,1.051500
1306155780,1.051300,1.051300,1.051100,1.051300
1306155840,1.051200,1.051200,1.050900,1.051000
1306155900,1.051100,1.051300,1.051000,1.051100
1306155960,1.051200,1.051300,1.051000,1.051200
1306156020,1.051100,1.051100,1.050900,1.051000
1306156080,1.050900,1.051100,1.050900,1.051100
1306156140,1.051000,1.051000,1.050800,1.050800
1306156200,1.050900,1.050900,1.050600,1.050600
1306156260,1.050500,1.050700,1.050500,1.050500
1306156320,1.050600,1.050700,1.050500,1.050600
1306156380,1.050700,1.050700,1.050400,1.050500
1306156440,1.050400,1.050900,1.050400,1.050700
1306156500,1.050600,1.050700,1.050500,1.050700
1306156560,1.050800,1.051000,1.050700,1.050800
1306156620,1.050900,1.051100,1.050800,1.050900
1306156680,1.051000,1.051100,1.050900,1.051000
1306156740,1.050900,1.051000,1.050500,1.050500
1306156800,1.050600,1.050600,1.050300,1.050500
1306156860,1.050400,1.050700,1.050400,1.050700
1306156920,1.050800,1.051000,1.050800,1.051000
1306156980,1.050900,1.050900,1.050300,1.050400
1306157040,1.050500,1.050500,1.050300,1.050400
1306157100,1.050500,1.050700,1.050500,1.050600
1306157160,1.050700,1.050700,1.050300,1.050400
1306157220,1.050500,1.050500,1.050400,1.050400
1306157280,1.050300,1.050400,1.050200,1.050300
1306157340,1.050200,1.050300,1.050200,1.050200
1306157400,1.050100,1.050200,1.050000,1.050100
1306157460,1.050000,1.050200,1.049700,1.049700
1306157520,1.049600,1.049800,1.049400,1.049800
1306157580,1.049700,1.050200,1.049700,1.050200
1306157640,1.050300,1.050400,1.050200,1.050300
1306157700,1.050400,1.050800,1.050100,1.050700
1306157760,1.050600,1.050900,1.050600,1.050800
1306157820,1.050600,1.050900,1.050400,1.050900
1306157880,1.051000,1.051200,1.050900,1.051100
1306157940,1.051200,1.051600,1.051200,1.051600
1306158000,1.051500,1.051500,1.050700,1.050900
1306158060,1.050800,1.051900,1.050800,1.051900
1306158120,1.051800,1.052200,1.051800,1.052000
1306158180,1.051900,1.052100,1.051800,1.052100
1306158240,1.052000,1.052200,1.051600,1.051600
1306158300,1.051500,1.051900,1.051500,1.051600
1306158360,1.051700,1.052000,1.051500,1.052000
1306158420,1.052100,1.052400,1.052000,1.052400
1306158480,1.052500,1.052500,1.052000,1.052000
1306158540,1.052200,1.052800,1.052000,1.052800
1306158600,1.052700,1.052700,1.052400,1.052400
1306158660,1.052300,1.052500,1.052100,1.052500
1306158720,1.052400,1.052500,1.052200,1.052400
1306158780,1.052200,1.052300,1.052000,1.052000
1306158840,1.051900,1.052100,1.051900,1.052000
1306158900,1.051900,1.052400,1.051900,1.052300
1306158960,1.052400,1.052400,1.052000,1.052300
1306159020,1.052200,1.052500,1.052100,1.052300
1306159080,1.052400,1.052600,1.052000,1.052000
1306159140,1.052100,1.052300,1.052000,1.052100
1306159200,1.052000,1.052100,1.051800,1.052000
1306159260,1.051900,1.052200,1.051700,1.052200
1306159320,1.052100,1.052500,1.052100,1.052400
1306159380,1.052300,1.052600,1.052100,1.052600
1306159440,1.052700,1.052900,1.052700,1.052900
1306159500,1.053000,1.053200,1.052900,1.052900
1306159560,1.053000,1.053300,1.053000,1.053100
1306159620,1.053200,1.053200,1.053000,1.053000
1306159680,1.052800,1.053100,1.052500,1.052900
1306159740,1.052800,1.053100,1.052600,1.052600
1306159800,1.052700,1.052900,1.052400,1.052500
1306159860,1.052600,1.052600,1.052100,1.052300
1306159920,1.052200,1.052500,1.052100,1.052200
1306159980,1.052100,1.052300,1.051900,1.052000
1306160040,1.051900,1.052100,1.051800,1.051900
1306160100,1.051800,1.051900,1.051600,1.051600
1306160160,1.051500,1.051600,1.051500,1.051600
1306160220,1.051700,1.051900,1.051600,1.051600
1306160280,1.051500,1.051700,1.051200,1.051300
1306160340,1.051200,1.051400,1.051000,1.051000
1306160400,1.050900,1.051100,1.050700,1.050900
1306160460,1.050800,1.051100,1.050800,1.051100
1306160520,1.051300,1.051400,1.051000,1.051300
1306160580,1.051400,1.051700,1.051400,1.051600
1306160640,1.051700,1.052100,1.051500,1.052100
1306160700,1.052000,1.052100,1.051700,1.051700
1306160760,1.051600,1.051900,1.051500,1.051900
1306160820,1.051800,1.051800,1.051600,1.051700
1306160880,1.051800,1.051800,1.051500,1.051600
1306160940,1.051700,1.051800,1.051600,1.051600
1306161000,1.051700,1.052300,1.051500,1.052300
1306161060,1.052200,1.052600,1.052200,1.052400
1306161120,1.052500,1.052600,1.052400,1.052400
1306161180,1.052500,1.052500,1.052300,1.052500
1306161240,1.052600,1.053000,1.052600,1.052700
1306161300,1.052600,1.052600,1.052000,1.052300
1306161360,1.052400,1.052500,1.052100,1.052100
1306161420,1.052000,1.052100,1.051700,1.051900
1306161480,1.051800,1.052100,1.051800,1.052100
1306161540,1.052000,1.052000,1.051700,1.051800
1306161600,1.051700,1.051800,1.051400,1.051500
1306161660,1.051600,1.051800,1.051300,1.051400
1306161720,1.051300,1.051500,1.051200,1.051500
1306161780,1.051700,1.051900,1.051600,1.051700
1306161840,1.051500,1.051800,1.051400,1.051700
1306161900,1.051600,1.051800,1.051400,1.051500
1306161960,1.051400,1.051400,1.050900,1.051000
1306162020,1.051100,1.051200,1.050900,1.051000
1306162080,1.050900,1.051100,1.050900,1.051100
1306162140,1.051000,1.051400,1.051000,1.051300
1306162200,1.051200,1.051200,1.051000,1.051100
1306162260,1.051200,1.051200,1.050900,1.051100
1306162320,1.051200,1.051500,1.051100,1.051500
1306162380,1.051400,1.051700,1.051400,1.051700
1306162440,1.051600,1.051600,1.051000,1.051100
1306162500,1.051200,1.051300,1.051100,1.051200
1306162560,1.051400,1.051700,1.051400,1.051500
1306162620,1.051600,1.051600,1.051200,1.051300
1306162680,1.051400,1.051400,1.050700,1.050700
1306162740,1.050600,1.050800,1.050500,1.050600
1306162800,1.050500,1.050900,1.050400,1.050600
1306162860,1.050500,1.050900,1.050500,1.050800
1306162920,1.050900,1.051100,1.050800,1.050900
1306162980,1.051000,1.051000,1.050900,1.051000
1306163040,1.051100,1.051300,1.051000,1.051300
1306163100,1.051400,1.051600,1.051000,1.051000
1306163160,1.050800,1.051200,1.050700,1.051200
1306163220,1.051300,1.051300,1.050900,1.050900
1306163280,1.050800,1.051000,1.050400,1.051000
1306163340,1.050900,1.051100,1.050400,1.050600
1306163400,1.050700,1.050900,1.050500,1.050600
1306163460,1.050500,1.050700,1.050300,1.050400
1306163520,1.050500,1.050600,1.050200,1.050300
1306163580,1.050200,1.050200,1.049500,1.049500
1306163640,1.049400,1.049800,1.049200,1.049200
1306163700,1.049100,1.049300,1.048400,1.048700
1306163760,1.048600,1.048700,1.047800,1.047800
1306163820,1.047900,1.048600,1.047800,1.048600
1306163880,1.048500,1.048500,1.048100,1.048200
1306163940,1.048100,1.048700,1.048100,1.048600
1306164000,1.048700,1.048700,1.048400,1.048600
1306164060,1.048700,1.048700,1.048300,1.048400
1306164120,1.048300,1.048600,1.048300,1.048500
1306164180,1.048600,1.049500,1.048600,1.049300
1306164240,1.049400,1.049400,1.049000,1.049000
1306164300,1.048900,1.049400,1.048900,1.049400
1306164360,1.049300,1.049700,1.049300,1.049700
1306164420,1.049600,1.049700,1.049400,1.049400
1306164480,1.049500,1.049500,1.049200,1.049400
1306164540,1.049300,1.049400,1.049200,1.049400
1306164600,1.049500,1.049700,1.049400,1.049400
1306164660,1.049300,1.049300,1.049000,1.049200
1306164720,1.049100,1.049100,1.048600,1.048700
1306164780,1.048600,1.049100,1.048600,1.049000
1306164840,1.049100,1.049100,1.048800,1.048800
1306164900,1.048700,1.048700,1.048000,1.048100
1306164960,1.048000,1.048400,1.048000,1.048300
1306165020,1.048400,1.048600,1.048300,1.048600
1306165080,1.048500,1.048500,1.048300,1.048400
1306165140,1.048500,1.049000,1.048500,1.048900
1306165200,1.049000,1.049000,1.048400,1.048400
1306165260,1.048300,1.048400,1.048100,1.048200
1306165320,1.048300,1.048700,1.048200,1.048700
1306165380,1.048600,1.048900,1.048600,1.048800
1306165440,1.048700,1.049100,1.048600,1.049000
1306165500,1.049100,1.049400,1.049100,1.049200
1306165560,1.049300,1.049500,1.049300,1.049500
1306165620,1.049600,1.049700,1.049300,1.049300
1306165680,1.049100,1.049100,1.048300,1.048700
1306165740,1.048600,1.048800,1.048400,1.048700
1306165800,1.048900,1.049100,1.048700,1.049100
1306165860,1.049200,1.049200,1.048900,1.049000
1306165920,1.049100,1.049200,1.048900,1.049200
1306165980,1.049300,1.049500,1.049100,1.049500
1306166040,1.049400,1.049600,1.049400,1.049600
1306166100,1.049700,1.049900,1.049500,1.049700
1306166160,1.049600,1.049600,1.049500,1.049600
1306166220,1.049700,1.049800,1.049600,1.049800
1306166280,1.049700,1.049800,1.049500,1.049700
1306166340,1.049800,1.049800,1.049400,1.049400
1306166400,1.049500,1.049500,1.049200,1.049200
1306166460,1.049300,1.049800,1.049300,1.049500
1306166520,1.049400,1.049500,1.049300,1.049500
1306166580,1.049600,1.049700,1.049600,1.049700
1306166640,1.049600,1.049600,1.049200,1.049300
1306166700,1.049200,1.049200,1.048900,1.048900
1306166760,1.048800,1.049400,1.048800,1.049200
1306166820,1.049100,1.049600,1.049100,1.049600
1306166880,1.049700,1.049700,1.049500,1.049700
1306166940,1.049600,1.049700,1.049400,1.049600
1306167000,1.049500,1.049600,1.049400,1.049500
1306167060,1.049400,1.049500,1.049100,1.049200
1306167120,1.049300,1.049300,1.047900,1.048400
1306167180,1.048300,1.048400,1.048000,1.048400
1306167240,1.048300,1.048900,1.048200,1.048600
1306167300,1.048700,1.048700,1.048300,1.048500
1306167360,1.048400,1.048400,1.048000,1.048100
1306167420,1.047800,1.048300,1.047800,1.048100
1306167480,1.048200,1.048200,1.048100,1.048200
1306167540,1.048100,1.048300,1.047800,1.048200
1306167600,1.048300,1.048900,1.048300,1.048900
1306167660,1.048800,1.049200,1.048800,1.049000
1306167720,1.049100,1.049300,1.049000,1.049200
1306167780,1.049100,1.049100,1.049000,1.049100
1306167840,1.049000,1.049300,1.049000,1.049300
1306167900,1.049200,1.049200,1.048700,1.049000
1306167960,1.048900,1.049400,1.048900,1.049300
1306168020,1.049400,1.049600,1.049300,1.049300
1306168080,1.049400,1.049600,1.049400,1.049500
1306168140,1.049400,1.050000,1.049400,1.050000
1306168200,1.050100,1.050200,1.049900,1.050200
1306168260,1.050100,1.050100,1.049900,1.050000
1306168320,1.049900,1.050000,1.049600,1.049800
1306168380,1.049700,1.050000,1.049700,1.049900
1306168440,1.050000,1.050300,1.050000,1.050200
1306168500,1.050300,1.050600,1.050300,1.050600
1306168560,1.050500,1.050700,1.050200,1.050600
1306168620,1.050400,1.050700,1.050400,1.050700
1306168680,1.050800,1.051100,1.050800,1.050800
1306168740,1.050900,1.050900,1.050600,1.050600
1306168800,1.050500,1.050800,1.050500,1.050800
1306168860,1.050700,1.051000,1.050600,1.051000
1306168920,1.050900,1.050900,1.050500,1.050800
1306168980,1.050900,1.050900,1.050500,1.050500
1306169040,1.050400,1.050500,1.050200,1.050300
1306169100,1.050200,1.050600,1.050100,1.050600
1306169160,1.050700,1.051000,1.050700,1.050800
1306169220,1.050900,1.051000,1.050700,1.050900
1306169280,1.050800,1.051000,1.050800,1.050900
1306169340,1.051000,1.051100,1.050900,1.051100
1306169400,1.051200,1.051300,1.051100,1.051300
1306169460,1.051200,1.051300,1.051000,1.051100
1306169520,1.051000,1.051100,1.050800,1.050800
1306169580,1.050900,1.051000,1.050800,1.050900
1306169640,1.051000,1.051100,1.050900,1.051100
1306169700,1.051200,1.051300,1.050800,1.050800
1306169760,1.050900,1.050900,1.050800,1.050800
1306169820,1.050700,1.050800,1.050700,1.050800
1306169880,1.050700,1.050700,1.050500,1.050600
1306169940,1.050500,1.050900,1.050500,1.050900
1306170000,1.050800,1.050800,1.050600,1.050600
1306170060,1.050500,1.050700,1.050400,1.050500
1306170120,1.050600,1.050700,1.050400,1.050400
1306170180,1.050500,1.050900,1.050500,1.050800
1306170240,1.050700,1.050800,1.050400,1.050400
1306170300,1.050300,1.050600,1.050300,1.050400
1306170360,1.050500,1.050500,1.050200,1.050300
1306170420,1.050200,1.050200,1.049800,1.050000
1306170480,1.049900,1.050100,1.049900,1.050000
1306170540,1.049900,1.050200,1.049800,1.050100
1306170600,1.050000,1.050300,1.050000,1.050200
1306170660,1.050300,1.050500,1.050100,1.050400
1306170720,1.050500,1.050500,1.050400,1.050500
1306170780,1.050600,1.050900,1.050500,1.050800
1306170840,1.050900,1.051100,1.050500,1.051000
1306170900,1.051100,1.051100,1.050800,1.051100
1306170960,1.051000,1.051100,1.050500,1.050700
1306171020,1.050600,1.050600,1.050400,1.050400
1306171080,1.050300,1.050300,1.050200,1.050300
1306171140,1.050400,1.050800,1.050300,1.050800
1306171200,1.050700,1.050900,1.050600,1.050700
1306171260,1.050600,1.050800,1.050600,1.050600
1306171320,1.050700,1.050700,1.050400,1.050400
1306171380,1.050500,1.050600,1.050500,1.050600
1306171440,1.050500,1.050600,1.050500,1.050500
1306171500,1.050600,1.050600,1.050300,1.050400
1306171560,1.050500,1.050600,1.050400,1.050400
1306171620,1.050500,1.050600,1.050500,1.050500
1306171680,1.050600,1.050600,1.049700,1.050000
1306171740,1.050100,1.050200,1.049800,1.050000
1306171800,1.049900,1.050000,1.049800,1.050000
1306171860,1.050100,1.050100,1.049800,1.049900
1306171920,1.050000,1.050100,1.050000,1.050000
1306171980,1.049900,1.050000,1.049900,1.050000
1306172040,1.050100,1.050300,1.050000,1.050300
1306172100,1.050400,1.050500,1.050300,1.050400
1306172160,1.050500,1.050500,1.050000,1.050000
1306172220,1.049900,1.050100,1.049900,1.050000
1306172280,1.049900,1.050200,1.049900,1.050100
1306172340,1.050200,1.050200,1.050000,1.050000
1306172400,1.049900,1.050100,1.049900,1.050100
1306172460,1.050100,1.050200,1.050100,1.050200
1306172520,1.050100,1.050300,1.050100,1.050300
1306172580,1.050200,1.050300,1.050100,1.050200
1306172640,1.050300,1.050300,1.050200,1.050200
1306172700,1.050300,1.050300,1.050100,1.050100
1306172760,1.050200,1.050400,1.050100,1.050400
1306172820,1.050500,1.050500,1.050400,1.050500
1306172880,1.050600,1.050800,1.050600,1.050700
1306172940,1.050600,1.050700,1.050500,1.050700
1306173000,1.050800,1.050900,1.050800,1.050800
1306173060,1.050900,1.051000,1.050800,1.051000
1306173120,1.050900,1.051000,1.050700,1.050800
1306173180,1.050900,1.050900,1.050800,1.050800
1306173240,1.050900,1.051000,1.050700,1.050900
1306173300,1.051000,1.051000,1.050600,1.051000
1306173360,1.050900,1.050900,1.050700,1.050800
1306173420,1.050900,1.051700,1.050900,1.051500
1306173480,1.051600,1.051600,1.051300,1.051400
1306173540,1.051500,1.051700,1.051300,1.051300
1306173600,1.051200,1.051600,1.051200,1.051300
1306173660,1.051200,1.051600,1.051100,1.051100
1306173720,1.051000,1.051600,1.051000,1.051400
1306173780,1.051300,1.051500,1.051200,1.051200
1306173840,1.051300,1.051300,1.051200,1.051300
1306173900,1.051400,1.051500,1.051200,1.051400
1306173960,1.051300,1.051400,1.051200,1.051400
1306174020,1.051500,1.051600,1.051400,1.051500
1306174080,1.051600,1.051900,1.051600,1.051900
1306174140,1.052000,1.052200,1.052000,1.052200
1306174200,1.052100,1.052400,1.052000,1.052300
1306174260,1.052200,1.052400,1.052200,1.052400
1306174320,1.052500,1.052900,1.052500,1.052900
1306174380,1.052800,1.053000,1.052500,1.052700
1306174440,1.052600,1.052700,1.052500,1.052600
1306174500,1.052700,1.052700,1.052200,1.052300
1306174560,1.052200,1.052300,1.052000,1.052100
1306174620,1.052200,1.052200,1.052000,1.052200
1306174680,1.052300,1.052400,1.052200,1.052300
1306174740,1.052400,1.052400,1.052300,1.052400
1306174800,1.052500,1.052500,1.052400,1.052400
1306174860,1.052300,1.052400,1.052200,1.052400
1306174920,1.052500,1.052500,1.052200,1.052300
1306174980,1.052200,1.052300,1.052100,1.052200
1306175040,1.052100,1.052200,1.052100,1.052100
1306175100,1.052000,1.052200,1.051900,1.052100
1306175160,1.052200,1.052500,1.052200,1.052500
1306175220,1.052400,1.052500,1.052200,1.052300
1306175280,1.052200,1.052400,1.052100,1.052200
1306175340,1.052100,1.052200,1.051800,1.051800
1306175400,1.051700,1.052100,1.051700,1.052000
1306175460,1.052100,1.052100,1.052100,1.052100
1306175520,1.052200,1.052300,1.052100,1.052200
1306175580,1.052100,1.052300,1.052100,1.052300
1306175640,1.052200,1.052400,1.052200,1.052400
1306175700,1.052500,1.052500,1.052400,1.052400
1306175760,1.052500,1.053200,1.052500,1.053000
1306175820,1.052900,1.053200,1.052900,1.053100
1306175880,1.053000,1.053100,1.052800,1.052800
1306175940,1.052700,1.052700,1.052500,1.052600
1306176000,1.052700,1.053000,1.052600,1.052700
1306176060,1.052800,1.053100,1.052800,1.053100
1306176120,1.053000,1.053100,1.052800,1.052900
1306176180,1.052800,1.052800,1.052300,1.052300
1306176240,1.052400,1.052700,1.052300,1.052600
1306176300,1.052700,1.052900,1.052700,1.052800
1306176360,1.052900,1.053000,1.052700,1.052800
1306176420,1.052700,1.052800,1.052500,1.052500
1306176480,1.052600,1.052600,1.052500,1.052500
1306176540,1.052400,1.052600,1.052300,1.052600
1306176600,1.052500,1.052800,1.052500,1.052800
1306176660,1.052900,1.053000,1.052800,1.052800
1306176720,1.052900,1.053000,1.052900,1.053000
1306176780,1.052900,1.053000,1.052700,1.052700
1306176840,1.052800,1.053100,1.052800,1.053000
1306176900,1.053100,1.053100,1.053000,1.053000
1306176960,1.053100,1.053300,1.053000,1.053200
1306177020,1.053300,1.053400,1.053000,1.053000
1306177080,1.052900,1.053100,1.052700,1.052900
1306177140,1.052800,1.052900,1.052300,1.052400
1306177200,1.052500,1.052700,1.052500,1.052700
1306177260,1.052600,1.052600,1.052500,1.052600
1306177320,1.052700,1.052700,1.052600,1.052700
1306177380,1.052800,1.052900,1.052400,1.052500
1306177440,1.052600,1.052700,1.052600,1.052600
1306177500,1.052700,1.052800,1.052700,1.052700
1306177560,1.052800,1.052900,1.052700,1.052700
1306177680,1.052600,1.052600,1.052000,1.052000
1306177740,1.051900,1.052300,1.051800,1.051900
1306177800,1.051800,1.052000,1.051700,1.051900
1306177860,1.052000,1.052200,1.052000,1.052000
1306177920,1.052100,1.052200,1.052000,1.052000
1306177980,1.052100,1.052100,1.051800,1.051800
1306178040,1.051700,1.051800,1.051600,1.051700
1306178100,1.051600,1.051700,1.051600,1.051700
1306178160,1.051600,1.051700,1.051600,1.051700
1306178220,1.051600,1.051700,1.051500,1.051600
1306178280,1.051700,1.051900,1.051700,1.051800
1306178340,1.051900,1.052000,1.051800,1.052000
1306178400,1.051900,1.052200,1.051900,1.052100
1306178460,1.052000,1.052100,1.051800,1.051800
1306178520,1.051900,1.051900,1.051800,1.051900
1306178580,1.052000,1.052000,1.051900,1.052000
1306178640,1.051900,1.052000,1.051900,1.051900
1306178700,1.051800,1.051800,1.051600,1.051600
1306178760,1.051700,1.051700,1.051600,1.051600
1306178820,1.051500,1.052100,1.051500,1.052000
1306178880,1.052100,1.052200,1.051900,1.051900
1306178940,1.051800,1.052000,1.051800,1.051900
1306179000,1.051800,1.052000,1.051800,1.052000
1306179060,1.051900,1.052000,1.051900,1.051900
1306179120,1.052000,1.052000,1.051800,1.051800
1306179180,1.051700,1.051900,1.051600,1.051900
1306179240,1.051800,1.051800,1.051700,1.051800
1306179300,1.051900,1.051900,1.051700,1.051900
1306179360,1.051800,1.051900,1.051800,1.051900
1306179420,1.051800,1.051900,1.051800,1.051800
1306179480,1.051700,1.051800,1.051700,1.051700
1306179540,1.051800,1.051800,1.051300,1.051400
1306179600,1.051300,1.051400,1.051000,1.051000
1306179660,1.051100,1.051200,1.051000,1.051100
1306179720,1.051000,1.051000,1.050900,1.050900
1306179780,1.051000,1.051200,1.050900,1.050900
1306179840,1.050900,1.050900,1.050700,1.050700
1306179900,1.050600,1.050800,1.050600,1.050700
1306179960,1.050600,1.050700,1.050600,1.050600
1306180020,1.050700,1.050900,1.050600,1.050700
1306180080,1.050800,1.051000,1.050800,1.050900
1306180140,1.051000,1.051000,1.050800,1.050900
1306180200,1.051000,1.051000,1.050800,1.050900
1306180260,1.050800,1.050900,1.050700,1.050800
1306180320,1.050900,1.050900,1.050800,1.050800
1306180380,1.050900,1.050900,1.050800,1.050800
1306180440,1.050700,1.050700,1.050500,1.050600
1306180500,1.050700,1.050800,1.050500,1.050600
1306180560,1.050700,1.050900,1.050700,1.050900
1306180620,1.051000,1.051000,1.050900,1.050900
1306180680,1.051000,1.051000,1.050700,1.050800
1306180740,1.050700,1.050800,1.050500,1.050500
1306180800,1.050600,1.050600,1.050500,1.050500
1306180860,1.050500,1.050500,1.050400,1.050500
1306180920,1.050400,1.050400,1.050100,1.050300
1306180980,1.050200,1.050300,1.050100,1.050200
1306181040,1.050300,1.050500,1.050200,1.050400
1306181100,1.050500,1.050500,1.050400,1.050400
1306181160,1.050300,1.050400,1.050300,1.050300
1306181220,1.050400,1.050500,1.050400,1.050400
1306181280,1.050500,1.050700,1.050400,1.050700
1306181340,1.050600,1.050700,1.050600,1.050600
1306181400,1.050700,1.050800,1.050600,1.050700
1306181460,1.050600,1.050900,1.050600,1.050800
1306181520,1.050900,1.051000,1.050900,1.050900
1306181580,1.051000,1.051200,1.051000,1.051100
1306181640,1.051200,1.051200,1.051100,1.051100
1306181760,1.051200,1.051200,1.051100,1.051100
1306181820,1.051200,1.051200,1.051000,1.051000
1306181880,1.051100,1.051100,1.050700,1.050800
1306181940,1.050900,1.051000,1.050800,1.051000
1306182000,1.050900,1.051100,1.050800,1.051100
1306182060,1.051000,1.051100,1.051000,1.051100
1306182120,1.051000,1.051200,1.051000,1.051200
1306182180,1.051100,1.051200,1.051100,1.051100
1306182240,1.051200,1.051300,1.051200,1.051200
1306182300,1.051300,1.051300,1.051200,1.051300
1306182360,1.051200,1.051300,1.051200,1.051300
1306182420,1.051200,1.051300,1.051000,1.051000
1306182480,1.051100,1.051200,1.051100,1.051100
1306182540,1.051200,1.051200,1.051000,1.051000
1306182600,1.051100,1.051100,1.051100,1.051100
1306182660,1.051000,1.051100,1.051000,1.051100
1306182720,1.051000,1.051000,1.051000,1.051000
1306182900,1.050900,1.051000,1.050900,1.051000
1306182960,1.051000,1.051000,1.050700,1.050700
1306183020,1.050600,1.050700,1.050500,1.050700
1306183080,1.050600,1.050600,1.050500,1.050600
1306183140,1.050600,1.050600,1.050600,1.050600
1306183200,1.050500,1.050700,1.050500,1.050500
1306183260,1.050600,1.050700,1.050600,1.050600
1306183320,1.050600,1.050700,1.050500,1.050600
1306183440,1.050500,1.050600,1.050500,1.050600
1306183500,1.050500,1.050700,1.050500,1.050500
1306183560,1.050500,1.050600,1.050400,1.050500
1306183680,1.050700,1.050700,1.050600,1.050600
1306183740,1.050700,1.050700,1.050500,1.050700
1306183800,1.050600,1.050700,1.050600,1.050600
1306183860,1.050500,1.050600,1.050400,1.050500
1306183920,1.050400,1.050500,1.050400,1.050500
1306183980,1.050400,1.050500,1.050200,1.050400
1306184040,1.050300,1.050400,1.050300,1.050300
1306184100,1.050200,1.050300,1.050200,1.050300
1306184160,1.050300,1.050300,1.050300,1.050300
1306184220,1.050400,1.050400,1.050300,1.050300
1306184280,1.050400,1.050400,1.050200,1.050300
1306184340,1.050200,1.050300,1.050200,1.050300
1306184400,1.050200,1.050500,1.050200,1.050400
1306184460,1.050500,1.050500,1.050400,1.050400
1306184520,1.050400,1.050700,1.050400,1.050500
1306184580,1.050600,1.050700,1.050500,1.050500
1306184640,1.050500,1.050500,1.050500,1.050500
1306184700,1.050400,1.050500,1.050400,1.050400
1306184760,1.050300,1.050400,1.050200,1.050400
1306184820,1.050400,1.050600,1.050400,1.050500
1306184880,1.050600,1.050600,1.050600,1.050600
1306184940,1.050500,1.050500,1.050500,1.050500
1306185000,1.050500,1.050600,1.050500,1.050600
1306185060,1.050500,1.050500,1.050400,1.050500
1306185120,1.050500,1.050500,1.050400,1.050500
1306185180,1.050400,1.050400,1.050400,1.050400
1306185240,1.050400,1.050500,1.050400,1.050500
1306185300,1.050400,1.050500,1.050400,1.050400
1306185360,1.050400,1.050500,1.050400,1.050500
1306185420,1.050400,1.050500,1.050400,1.050400
1306185480,1.050400,1.050500,1.050400,1.050500
1306185540,1.050600,1.050600,1.050500,1.050500
1306185600,1.050600,1.050600,1.050500,1.050500
1306185660,1.050600,1.050600,1.050500,1.050600
1306185720,1.050700,1.051600,1.050600,1.050800
1306185780,1.050800,1.050800,1.050700,1.050700
1306185840,1.050800,1.051000,1.050800,1.050800
1306185900,1.050900,1.051000,1.050800,1.050900
1306185960,1.050800,1.050900,1.050800,1.050900
1306186020,1.051000,1.051000,1.050900,1.051000
1306186080,1.050900,1.051100,1.050700,1.050700
1306186140,1.050700,1.050700,1.050600,1.050600
1306186200,1.050700,1.050700,1.050500,1.050600
1306186260,1.050600,1.050700,1.050500,1.050700
1306186320,1.050600,1.050700,1.050500,1.050500
1306186380,1.050600,1.050600,1.050500,1.050600
1306186440,1.050500,1.050600,1.050500,1.050500
1306186500,1.050600,1.050600,1.050500,1.050600
1306186560,1.050500,1.050600,1.050500,1.050500
1306186620,1.050600,1.050600,1.050500,1.050500
1306186680,1.050600,1.050700,1.050500,1.050500
1306186740,1.050600,1.050600,1.050500,1.050500
1306186800,1.050600,1.050700,1.050500,1.050700
1306186860,1.050600,1.050700,1.050600,1.050600
1306186920,1.050700,1.050700,1.050600,1.050600
1306186980,1.050700,1.050700,1.050700,1.050700
1306187040,1.050800,1.050800,1.050700,1.050700
1306187100,1.050800,1.050800,1.050700,1.050700
1306187160,1.050800,1.050800,1.050700,1.050700
1306187220,1.050800,1.050900,1.050700,1.050800
1306187280,1.050700,1.050700,1.050700,1.050700
1306187340,1.050800,1.050800,1.050700,1.050800
1306187400,1.050700,1.050900,1.050700,1.050900
1306187460,1.050900,1.050900,1.050900,1.050900
1306187520,1.050900,1.050900,1.050900,1.050900
1306187640,1.050800,1.050900,1.050800,1.050800
1306187700,1.050800,1.050800,1.050800,1.050800
1306187760,1.050800,1.050800,1.050800,1.050800
1306187820,1.050900,1.051200,1.050900,1.051000
1306187880,1.051100,1.051100,1.051000,1.051000
1306187940,1.051100,1.051200,1.051000,1.051000
1306188000,1.051100,1.051200,1.051000,1.051200
1306188060,1.051200,1.051200,1.051000,1.051100
1306188120,1.051000,1.051200,1.051000,1.051200
1306188180,1.051200,1.051300,1.051100,1.051200
1306188240,1.051100,1.051100,1.051100,1.051100
1306188300,1.051100,1.051100,1.051100,1.051100
1306188360,1.051200,1.051300,1.051200,1.051200
1306188420,1.051300,1.051300,1.051200,1.051200
1306188480,1.051300,1.051400,1.051200,1.051300
1306188540,1.051400,1.051400,1.051300,1.051400
1306188600,1.051300,1.051300,1.051200,1.051300
1306188660,1.051400,1.051400,1.051300,1.051300
1306188720,1.051400,1.051500,1.051300,1.051400
1306188780,1.051500,1.051700,1.051500,1.051500
1306188840,1.051400,1.051500,1.051400,1.051500
1306188900,1.051600,1.051700,1.051500,1.051500
1306188960,1.051400,1.051800,1.051400,1.051800
1306189020,1.051600,1.051700,1.051600,1.051600
1306189080,1.051600,1.051600,1.051600,1.051600
1306189140,1.051700,1.051700,1.051500,1.051600
1306189200,1.051500,1.051500,1.051300,1.051500
1306189260,1.051400,1.051500,1.051300,1.051300
1306189320,1.051400,1.051400,1.051300,1.051300
1306189380,1.051400,1.051400,1.051300,1.051300
1306189440,1.051400,1.051400,1.051300,1.051300
1306189560,1.051200,1.051300,1.051200,1.051200
1306189620,1.051300,1.051400,1.051200,1.051300
1306189680,1.051200,1.051200,1.051000,1.051000
1306189740,1.051000,1.051100,1.051000,1.051100
1306189800,1.051000,1.051100,1.050800,1.050900
1306189860,1.050800,1.051000,1.050800,1.050800
1306189980,1.050700,1.050800,1.050600,1.050700
1306190040,1.050600,1.050600,1.050500,1.050600
1306190100,1.050600,1.050700,1.050600,1.050700
1306190160,1.050600,1.050600,1.050400,1.050400
1306190220,1.050500,1.050500,1.050400,1.050500
1306190280,1.050600,1.050600,1.050400,1.050500
1306190340,1.050400,1.050900,1.050400,1.050900
1306190400,1.051000,1.051000,1.050900,1.051000
1306190460,1.050900,1.050900,1.050700,1.050800
1306190520,1.050700,1.050700,1.050600,1.050700
1306190580,1.050800,1.050900,1.050700,1.050900
1306190640,1.051000,1.051100,1.051000,1.051000
1306190700,1.051100,1.051100,1.051000,1.051100
1306190760,1.051000,1.051100,1.051000,1.051000
1306190820,1.050900,1.050900,1.050600,1.050700
1306190880,1.050600,1.050700,1.050500,1.050600
1306190940,1.050700,1.050900,1.050700,1.050900
1306191000,1.050800,1.050900,1.050500,1.050600
1306191060,1.050500,1.050700,1.050400,1.050600
1306191120,1.050700,1.050800,1.050600,1.050600
1306191180,1.050700,1.050800,1.050500,1.050800
1306191240,1.050700,1.050900,1.050600,1.050600
1306191300,1.050500,1.050700,1.050500,1.050700
1306191360,1.050600,1.050800,1.050600,1.050800
1306191420,1.050900,1.051000,1.050600,1.050600
1306191480,1.050700,1.050700,1.050600,1.050600
1306191540,1.050500,1.050500,1.050200,1.050400
1306191600,1.050500,1.050500,1.050400,1.050500
1306191660,1.050600,1.050600,1.050300,1.050300
1306191720,1.050200,1.050300,1.050200,1.050200
1306191780,1.050100,1.050200,1.050000,1.050100
1306191840,1.050000,1.050200,1.050000,1.050100
1306191900,1.050000,1.050100,1.050000,1.050000
1306191960,1.050100,1.050100,1.049900,1.049900
1306192020,1.049900,1.049900,1.049800,1.049900
1306192080,1.049800,1.050200,1.049800,1.050100
1306192140,1.050200,1.050200,1.050000,1.050000
1306192200,1.049900,1.050000,1.049900,1.049900
1306192260,1.049800,1.049800,1.049800,1.049800
1306192320,1.049800,1.049900,1.049800,1.049900
1306192380,1.049800,1.049800,1.049400,1.049500
1306192440,1.049600,1.049700,1.049400,1.049400
1306192500,1.049500,1.049600,1.049400,1.049600
1306192560,1.049500,1.049600,1.049500,1.049600
1306192620,1.049500,1.049600,1.049500,1.049600
1306192680,1.049700,1.049700,1.049700,1.049700
1306192740,1.049600,1.049600,1.049600,1.049600
1306192800,1.049500,1.049600,1.049300,1.049400
1306192860,1.049300,1.049500,1.049300,1.049500
1306192920,1.049400,1.049500,1.049400,1.049500
1306192980,1.049600,1.049600,1.049500,1.049500
1306193040,1.049400,1.049400,1.049100,1.049100
1306193100,1.049200,1.049300,1.048600,1.048700
1306193160,1.048900,1.048900,1.048400,1.048500
1306193220,1.048600,1.048700,1.048600,1.048700
1306193280,1.048600,1.048700,1.048500,1.048600
1306193340,1.048700,1.048700,1.048400,1.048500
1306193400,1.048400,1.048900,1.048300,1.048900
1306193460,1.049000,1.049100,1.048800,1.048800
1306193520,1.048900,1.049000,1.048900,1.048900
1306193580,1.049000,1.049100,1.048900,1.049000
1306193640,1.048900,1.049000,1.048800,1.048800
1306193700,1.048900,1.048900,1.048500,1.048600
1306193760,1.048700,1.048700,1.048200,1.048200
1306193820,1.048100,1.048300,1.048100,1.048100
1306193880,1.048000,1.048200,1.048000,1.048100
1306193940,1.048000,1.048200,1.047800,1.048000
1306194000,1.048100,1.048200,1.047900,1.048000
1306194060,1.047900,1.048100,1.047900,1.048100
1306194120,1.048000,1.048300,1.048000,1.048300
1306194180,1.048400,1.048400,1.048400,1.048400
1306194240,1.048300,1.048400,1.048300,1.048400
1306194300,1.048300,1.048800,1.048300,1.048800
1306194360,1.049000,1.049000,1.048900,1.048900
1306194420,1.048800,1.049000,1.048800,1.048900
1306194480,1.048800,1.048900,1.048700,1.048800
1306194540,1.048700,1.048800,1.048600,1.048600
1306194600,1.048700,1.048800,1.048500,1.048500
1306194660,1.048600,1.048700,1.048400,1.048400
1306194720,1.048500,1.048500,1.048400,1.048500
1306194780,1.048600,1.048600,1.048400,1.048500
1306194840,1.048600,1.048700,1.048600,1.048600
1306194900,1.048700,1.048900,1.048600,1.048800
1306194960,1.048700,1.048900,1.048700,1.048900
1306195020,1.048800,1.048900,1.048700,1.048900
1306195080,1.048800,1.049100,1.048800,1.049100
1306195140,1.049200,1.049600,1.049200,1.049500
1306195200,1.049600,1.049600,1.049500,1.049500
1306195260,1.049300,1.049500,1.049200,1.049500
1306195320,1.049600,1.049700,1.049500,1.049600
1306195380,1.049700,1.049700,1.049200,1.049400
1306195440,1.049500,1.049800,1.049500,1.049700
1306195500,1.049800,1.050000,1.049700,1.050000
1306195560,1.050100,1.050200,1.050100,1.050200
1306195620,1.050300,1.050400,1.050200,1.050300
1306195680,1.050400,1.050700,1.050400,1.050600
1306195740,1.050500,1.050500,1.050200,1.050200
1306195800,1.050300,1.050800,1.050200,1.050800
1306195860,1.050700,1.050800,1.050600,1.050600
1306195920,1.050700,1.050800,1.050700,1.050800
1306195980,1.050700,1.050900,1.050700,1.050800
1306196040,1.050700,1.050700,1.050300,1.050300
1306196100,1.050400,1.050400,1.050300,1.050300
1306196160,1.050400,1.050600,1.050300,1.050600
1306196220,1.050700,1.051000,1.050600,1.050900
1306196280,1.051000,1.051000,1.050700,1.051000
1306196340,1.051100,1.051100,1.050400,1.050400
1306196400,1.050300,1.050400,1.050100,1.050300
1306196460,1.050200,1.050600,1.050200,1.050600
1306196520,1.050700,1.050700,1.050500,1.050600
1306196580,1.050500,1.050800,1.050500,1.050700
1306196640,1.050800,1.051000,1.050800,1.050900
1306196700,1.051000,1.051200,1.051000,1.051000
1306196760,1.051100,1.051300,1.051000,1.051200
1306196820,1.051300,1.051400,1.051100,1.051300
1306196880,1.051200,1.051400,1.051200,1.051400
1306196940,1.051300,1.051300,1.051300,1.051300
1306197000,1.051200,1.051300,1.051000,1.051200
1306197060,1.051100,1.051200,1.051100,1.051200
1306197120,1.051100,1.051200,1.051000,1.051200
1306197180,1.051300,1.051700,1.051200,1.051700
1306197240,1.051800,1.052300,1.051800,1.052300
1306197300,1.052200,1.052200,1.052100,1.052100
1306197360,1.052200,1.052200,1.051900,1.052100
1306197420,1.052000,1.052000,1.051900,1.051900
1306197480,1.052000,1.052100,1.051900,1.052000
1306197540,1.051900,1.052100,1.051800,1.051900
1306197600,1.051800,1.052000,1.051800,1.052000
1306197660,1.051900,1.052000,1.051800,1.051900
1306197720,1.051800,1.051800,1.051600,1.051600
1306197780,1.051700,1.051800,1.051500,1.051500
1306197840,1.051600,1.051600,1.051400,1.051400
1306197900,1.051500,1.051500,1.051200,1.051200
1306197960,1.051300,1.051300,1.051100,1.051100
1306198020,1.051200,1.051400,1.051200,1.051200
1306198080,1.051300,1.051600,1.051300,1.051600
1306198140,1.051700,1.051900,1.051500,1.051500
1306198200,1.051600,1.051900,1.051600,1.051800
1306198260,1.051900,1.051900,1.051600,1.051700
1306198320,1.051600,1.051700,1.051600,1.051600
1306198380,1.051700,1.051700,1.051400,1.051400
1306198440,1.051500,1.051800,1.051400,1.051700
1306198500,1.051800,1.051900,1.051700,1.051900
1306198560,1.051800,1.051900,1.051600,1.051700
1306198620,1.051800,1.051800,1.051700,1.051800
1306198680,1.051700,1.052000,1.051700,1.052000
1306198740,1.052100,1.052100,1.052000,1.052100
1306198800,1.052200,1.052300,1.052000,1.052100
1306198860,1.052200,1.052200,1.051900,1.052000
1306198920,1.052100,1.052100,1.051900,1.052000
1306198980,1.051900,1.052100,1.051900,1.052000
1306199040,1.052000,1.052000,1.052000,1.052000
1306199100,1.051900,1.052000,1.051800,1.051800
1306199160,1.051700,1.051800,1.051700,1.051700
1306199220,1.051800,1.052000,1.051700,1.052000
1306199280,1.052100,1.052100,1.051900,1.052100
1306199340,1.052000,1.052200,1.052000,1.052200
1306199400,1.052300,1.052400,1.052200,1.052300
1306199460,1.052400,1.052400,1.052100,1.052200
1306199520,1.052300,1.052400,1.052200,1.052400
1306199580,1.052500,1.052600,1.052400,1.052500
1306199640,1.052400,1.052500,1.052300,1.052400
1306199700,1.052300,1.052400,1.052100,1.052300
1306199760,1.052200,1.052500,1.052100,1.052400
1306199820,1.052500,1.052600,1.052400,1.052500
1306199880,1.052400,1.052500,1.052400,1.052400
1306199940,1.052500,1.052600,1.052400,1.052500
1306200000,1.052600,1.052600,1.052400,1.052600
1306200060,1.052700,1.052700,1.052700,1.052700
1306200120,1.052800,1.053000,1.052600,1.052900
1306200180,1.052800,1.053100,1.052800,1.052800
1306200240,1.052900,1.052900,1.052700,1.052800
1306200300,1.052700,1.053000,1.052700,1.052700
1306200360,1.052800,1.052800,1.052600,1.052700
1306200420,1.052600,1.052800,1.052600,1.052600
1306200480,1.052500,1.052600,1.052200,1.052200
1306200540,1.052300,1.052400,1.052200,1.052300
1306200600,1.052400,1.052500,1.052100,1.052100
1306200660,1.052000,1.052100,1.052000,1.052100
1306200720,1.052200,1.052200,1.052100,1.052200
1306200840,1.052100,1.052200,1.052100,1.052100
1306200900,1.052200,1.052200,1.051700,1.051800
1306200960,1.051900,1.051900,1.051700,1.051800
1306201020,1.051700,1.051800,1.051600,1.051700
1306201080,1.051600,1.052000,1.051600,1.051900
1306201140,1.052000,1.052500,1.052000,1.052500
1306201200,1.052400,1.052600,1.052200,1.052600
1306201260,1.052500,1.052600,1.052400,1.052500
1306201320,1.052600,1.052700,1.052500,1.052500
1306201380,1.052400,1.052600,1.052400,1.052500
1306201440,1.052600,1.052700,1.052500,1.052600
1306201500,1.052700,1.052700,1.052500,1.052700
1306201560,1.052600,1.052800,1.052600,1.052800
1306201620,1.052900,1.053300,1.052900,1.053200
1306201680,1.053300,1.053600,1.053200,1.053200
1306201740,1.053300,1.053300,1.053100,1.053200
1306201800,1.053300,1.053400,1.053200,1.053200
1306201860,1.053300,1.053300,1.053100,1.053100
1306201920,1.053200,1.053200,1.053000,1.053000
1306201980,1.052900,1.052900,1.052800,1.052800
1306202040,1.052900,1.052900,1.052600,1.052600
1306202100,1.052500,1.052600,1.052400,1.052500
1306202160,1.052600,1.052600,1.052400,1.052400
1306202220,1.052300,1.052500,1.052300,1.052300
1306202280,1.052200,1.052300,1.052100,1.052300
1306202340,1.052400,1.052900,1.052400,1.052600
1306202400,1.052700,1.053000,1.052600,1.052900
1306202460,1.053000,1.053100,1.052800,1.053000
1306202520,1.052900,1.053000,1.052800,1.052800
1306202580,1.052900,1.052900,1.052600,1.052600
1306202640,1.052500,1.052800,1.052400,1.052700
1306202700,1.052600,1.052800,1.052600,1.052700
1306202760,1.052800,1.052800,1.052600,1.052800
1306202820,1.052700,1.052800,1.052700,1.052800
1306202880,1.052900,1.052900,1.052700,1.052700
1306202940,1.052800,1.052800,1.052600,1.052700
1306203000,1.052600,1.052600,1.052500,1.052500
1306203060,1.052400,1.052500,1.052300,1.052300
1306203120,1.052200,1.052300,1.052100,1.052100
1306203180,1.052200,1.052200,1.051900,1.051900
1306203240,1.051800,1.052100,1.051800,1.051900
1306203300,1.052000,1.052100,1.052000,1.052000
1306203360,1.052100,1.052100,1.052000,1.052000
1306203420,1.052000,1.052000,1.052000,1.052000
1306203480,1.051900,1.051900,1.051800,1.051800
1306203540,1.051900,1.051900,1.051800,1.051800
1306203600,1.051700,1.051800,1.051400,1.051400
1306203660,1.051300,1.051300,1.051200,1.051200
1306203720,1.051300,1.051300,1.051200,1.051200
1306203780,1.051300,1.051600,1.051300,1.051500
1306203840,1.051400,1.051500,1.051400,1.051400
1306203900,1.051500,1.051500,1.051300,1.051400
1306203960,1.051300,1.051500,1.051300,1.051500
1306204020,1.051600,1.051700,1.051600,1.051600
1306204080,1.051500,1.051600,1.051500,1.051600
1306204140,1.051500,1.051600,1.051500,1.051600
1306204200,1.051700,1.051800,1.051700,1.051800
1306204260,1.051700,1.051700,1.051400,1.051400
1306204320,1.051500,1.051600,1.051400,1.051600
1306204380,1.051500,1.051600,1.051500,1.051500
1306204500,1.051600,1.051900,1.051600,1.051900
1306204560,1.052000,1.052000,1.051800,1.051800
1306204620,1.051900,1.051900,1.051500,1.051600
1306204680,1.051700,1.051900,1.051600,1.051700
1306204740,1.051600,1.051600,1.051100,1.051100
1306204800,1.051200,1.051300,1.051200,1.051200
1306204860,1.051300,1.051300,1.051200,1.051200
1306204980,1.051300,1.051300,1.051200,1.051300
1306205040,1.051200,1.051300,1.050900,1.051100
1306205100,1.051000,1.051200,1.051000,1.051100
1306205160,1.051000,1.051000,1.050900,1.051000
1306205220,1.051100,1.051200,1.051100,1.051200
1306205280,1.051300,1.051300,1.051000,1.051100
1306205400,1.051200,1.051600,1.051200,1.051500
1306205460,1.051400,1.051400,1.050800,1.050900
1306205520,1.051100,1.051400,1.051100,1.051400
1306205580,1.051500,1.051500,1.051000,1.051400
1306205640,1.051500,1.051700,1.051400,1.051400
1306205700,1.051500,1.051500,1.051400,1.051400
1306205760,1.051500,1.051600,1.051500,1.051500
1306205820,1.051600,1.051600,1.051500,1.051500
1306205880,1.051600,1.051600,1.051400,1.051400
1306205940,1.051500,1.051500,1.051400,1.051400
1306206000,1.051500,1.051500,1.051400,1.051400
1306206060,1.051500,1.051800,1.051500,1.051800
1306206120,1.051900,1.052100,1.051800,1.052100
1306206180,1.052200,1.052200,1.052000,1.052000
1306206240,1.052100,1.052400,1.052000,1.052400
1306206300,1.052200,1.052500,1.052200,1.052500
1306206360,1.052600,1.053200,1.052600,1.053100
1306206420,1.053000,1.053100,1.052600,1.052600
1306206480,1.052700,1.053000,1.052700,1.052800
1306206540,1.052900,1.053200,1.052900,1.053000
1306206600,1.053100,1.053300,1.053100,1.053300
1306206660,1.053400,1.053400,1.053300,1.053400
1306206720,1.053500,1.053800,1.053500,1.053700
1306206780,1.053600,1.053600,1.053300,1.053400
1306206840,1.053500,1.053500,1.053400,1.053400
1306206900,1.053500,1.053500,1.053100,1.053300
1306206960,1.053400,1.053400,1.053200,1.053200
1306207020,1.053100,1.053400,1.053100,1.053200
1306207080,1.053300,1.053400,1.053100,1.053300
1306207140,1.053200,1.053500,1.053200,1.053500
1306207200,1.053400,1.054200,1.053400,1.054200
1306207260,1.054100,1.054500,1.054000,1.054500
1306207320,1.054600,1.054700,1.054200,1.054300
1306207380,1.054200,1.054400,1.054100,1.054300
1306207440,1.054400,1.054700,1.054400,1.054400
1306207500,1.054300,1.054500,1.054100,1.054300
1306207560,1.054400,1.054400,1.054200,1.054400
1306207620,1.054500,1.054500,1.054400,1.054500
1306207680,1.054400,1.054500,1.054400,1.054500
1306207740,1.054600,1.054700,1.054500,1.054500
1306207800,1.054600,1.054600,1.054400,1.054400
1306207860,1.054500,1.054500,1.054300,1.054300
1306207920,1.054400,1.054400,1.054300,1.054300
1306207980,1.054400,1.054400,1.054100,1.054200
1306208040,1.054100,1.054200,1.054000,1.054100
1306208100,1.054200,1.054200,1.053700,1.053800
1306208160,1.053900,1.053900,1.053700,1.053800
1306208220,1.053700,1.053800,1.053700,1.053700
1306208340,1.053800,1.053900,1.053700,1.053900
1306208400,1.053800,1.054000,1.053800,1.054000
1306208460,1.054100,1.054100,1.054000,1.054000
1306208520,1.053900,1.053900,1.053800,1.053900
1306208580,1.053800,1.053900,1.053800,1.053800
1306208640,1.053700,1.053800,1.053700,1.053700
1306208700,1.053800,1.053800,1.053600,1.053700
1306208820,1.053800,1.054100,1.053800,1.054100
1306208880,1.054200,1.054200,1.054100,1.054100
1306208940,1.054000,1.054200,1.054000,1.054100
1306209000,1.054000,1.054100,1.054000,1.054000
1306209060,1.054100,1.054100,1.053900,1.053900
1306209120,1.054000,1.054000,1.053900,1.054000
1306209180,1.053900,1.054100,1.053900,1.054100
1306209240,1.054000,1.054000,1.053900,1.053900
1306209360,1.053800,1.053900,1.053800,1.053800
1306209420,1.053900,1.053900,1.053800,1.053900
1306209480,1.054000,1.054000,1.053800,1.053900
1306209540,1.053800,1.054400,1.053800,1.054400
