time,open,high,low,close
1464667200,0.673090,0.673110,0.673060,0.673110
1464667260,0.673110,0.673110,0.673070,0.673070
1464667320,0.673070,0.673090,0.673060,0.673090
1464667380,0.673090,0.673100,0.673010,0.673100
1464667440,0.673090,0.673090,0.673040,0.673040
1464667500,0.673040,0.673070,0.673040,0.673040
1464667560,0.673050,0.673060,0.672810,0.673010
1464667620,0.673010,0.673030,0.672930,0.672930
1464667680,0.672930,0.672930,0.672840,0.672880
1464667740,0.672880,0.672880,0.672780,0.672820
1464667800,0.672840,0.673010,0.672840,0.672950
1464667860,0.672960,0.673000,0.672870,0.672880
1464667920,0.672890,0.673000,0.672870,0.672930
1464667980,0.672980,0.673000,0.672670,0.672690
1464668040,0.672680,0.672780,0.672580,0.672750
1464668100,0.672750,0.672780,0.672670,0.672760
1464668160,0.672750,0.672750,0.672690,0.672690
1464668220,0.672680,0.672840,0.672670,0.672770
1464668280,0.672760,0.672810,0.672740,0.672800
1464668340,0.672810,0.672830,0.672750,0.672780
1464668400,0.672790,0.672900,0.672740,0.672870
1464668460,0.672860,0.672860,0.672780,0.672830
1464668520,0.672840,0.672850,0.672820,0.672840
1464668580,0.672840,0.672890,0.672740,0.672740
1464668640,0.672740,0.672780,0.672710,0.672740
1464668700,0.672750,0.672880,0.672740,0.672790
1464668760,0.672800,0.672850,0.672760,0.672830
1464668820,0.672830,0.672950,0.672800,0.672940
1464668880,0.672940,0.672950,0.672740,0.672820
1464668940,0.672820,0.672900,0.672820,0.672890
1464669000,0.672900,0.672910,0.672830,0.672830
1464669060,0.672840,0.672880,0.672750,0.672760
1464669120,0.672740,0.672740,0.672550,0.672630
1464669180,0.672640,0.672640,0.672610,0.672610
1464669240,0.672620,0.672660,0.672620,0.672640
1464669300,0.672660,0.672660,0.672660,0.672660
1464669360,0.672650,0.672670,0.672640,0.672640
1464669420,0.672660,0.672670,0.672620,0.672660
1464669480,0.672640,0.672670,0.672630,0.672670
1464669540,0.672660,0.672760,0.672650,0.672740
1464669600,0.672740,0.672790,0.672720,0.672780
1464669660,0.672780,0.672780,0.672670,0.672670
1464669720,0.672680,0.672680,0.672520,0.672520
1464669780,0.672520,0.672650,0.672410,0.672460
1464669840,0.672470,0.672680,0.672470,0.672570
1464669900,0.672580,0.672800,0.672570,0.672800
1464669960,0.672810,0.672820,0.672730,0.672800
1464670020,0.672800,0.672800,0.672740,0.672770
1464670080,0.672770,0.672810,0.672750,0.672760
1464670140,0.672770,0.672830,0.672760,0.672790
1464670200,0.672780,0.672830,0.672780,0.672830
1464670260,0.672830,0.672830,0.672780,0.672790
1464670320,0.672800,0.672880,0.672750,0.672750
1464670380,0.672740,0.672770,0.672740,0.672770
1464670440,0.672770,0.672810,0.672770,0.672800
1464670500,0.672810,0.672810,0.672710,0.672750
1464670560,0.672750,0.672790,0.672710,0.672750
1464670620,0.672730,0.672730,0.672650,0.672660
1464670680,0.672660,0.672670,0.672650,0.672670
1464670740,0.672670,0.672800,0.672670,0.672770
1464670800,0.672770,0.672940,0.672770,0.672940
1464670860,0.672940,0.672940,0.672890,0.672910
1464670920,0.672890,0.673140,0.672890,0.673010
1464670980,0.673040,0.673070,0.673020,0.673070
1464671040,0.673070,0.673070,0.673000,0.673030
1464671100,0.673040,0.673040,0.672950,0.673000
1464671160,0.673000,0.673000,0.672870,0.672910
1464671220,0.672910,0.672910,0.672890,0.672890
1464671280,0.672890,0.672890,0.672890,0.672890
1464671340,0.672890,0.672900,0.672890,0.672900
1464671400,0.672900,0.672900,0.672880,0.672900
1464671460,0.672900,0.672900,0.672850,0.672890
1464671520,0.672890,0.672910,0.672890,0.672910
1464671580,0.672910,0.673010,0.672910,0.673000
1464671640,0.673000,0.673000,0.672900,0.672920
1464671700,0.672920,0.672920,0.672820,0.672890
1464671760,0.672870,0.672880,0.672760,0.672760
1464671820,0.672760,0.672760,0.672660,0.672680
1464671880,0.672680,0.672680,0.672640,0.672660
1464671940,0.672660,0.672660,0.672560,0.672570
1464672000,0.672570,0.672600,0.672540,0.672540
1464672060,0.672550,0.672550,0.672540,0.672550
1464672120,0.672550,0.672580,0.672520,0.672530
1464672180,0.672530,0.672550,0.672520,0.672540
1464672240,0.672530,0.672560,0.672430,0.672470
1464672300,0.672470,0.672480,0.672390,0.672460
1464672360,0.672460,0.672490,0.672460,0.672470
1464672420,0.672470,0.672470,0.672470,0.672470
1464672480,0.672470,0.672490,0.672470,0.672470
1464672540,0.672460,0.672500,0.672440,0.672480
1464672600,0.672500,0.672590,0.672460,0.672590
1464672660,0.672590,0.672620,0.672540,0.672550
1464672720,0.672560,0.672610,0.672530,0.672550
1464672780,0.672500,0.672630,0.672500,0.672600
1464672840,0.672590,0.672600,0.672570,0.672590
1464672900,0.672580,0.672580,0.672510,0.672520
1464672960,0.672530,0.672550,0.672470,0.672540
1464673020,0.672520,0.672550,0.672470,0.672480
1464673080,0.672480,0.672510,0.672440,0.672460
1464673140,0.672460,0.672460,0.672370,0.672380
1464673200,0.672400,0.672400,0.672370,0.672370
1464673260,0.672350,0.672550,0.672350,0.672540
1464673320,0.672550,0.672560,0.672540,0.672550
1464673380,0.672560,0.672610,0.672500,0.672500
1464673440,0.672500,0.672510,0.672500,0.672500
1464673500,0.672510,0.672560,0.672510,0.672540
1464673560,0.672520,0.672530,0.672510,0.672510
1464673620,0.672520,0.672540,0.672500,0.672520
1464673680,0.672510,0.672550,0.672510,0.672540
1464673740,0.672530,0.672570,0.672490,0.672490
1464673800,0.672500,0.672540,0.672480,0.672540
1464673860,0.672530,0.672540,0.672500,0.672500
1464673920,0.672520,0.672590,0.672510,0.672590
1464673980,0.672590,0.672640,0.672570,0.672570
1464674040,0.672550,0.672550,0.672490,0.672490
1464674100,0.672500,0.672520,0.672500,0.672510
1464674160,0.672500,0.672550,0.672500,0.672540
1464674220,0.672570,0.672570,0.672540,0.672560
1464674280,0.672540,0.672550,0.672410,0.672430
1464674340,0.672400,0.672400,0.672350,0.672350
1464674400,0.672350,0.672470,0.672350,0.672470
1464674460,0.672470,0.672680,0.672440,0.672650
1464674520,0.672640,0.672850,0.672640,0.672670
1464674580,0.672670,0.672900,0.672650,0.672890
1464674640,0.672900,0.672920,0.672840,0.672900
1464674700,0.672890,0.672890,0.672670,0.672670
1464674760,0.672660,0.672690,0.672440,0.672600
1464674820,0.672610,0.672710,0.672460,0.672540
1464674880,0.672530,0.672530,0.672350,0.672480
1464674940,0.672480,0.672520,0.672480,0.672500
1464675000,0.672510,0.672530,0.672450,0.672490
1464675060,0.672500,0.672710,0.672470,0.672700
1464675120,0.672700,0.672860,0.672610,0.672660
1464675180,0.672670,0.672710,0.672650,0.672680
1464675240,0.672670,0.672720,0.672610,0.672680
1464675300,0.672670,0.672730,0.672620,0.672690
1464675360,0.672680,0.672680,0.672430,0.672590
1464675420,0.672580,0.672610,0.672540,0.672540
1464675480,0.672590,0.672710,0.672530,0.672640
1464675540,0.672700,0.672710,0.672630,0.672700
1464675600,0.672690,0.672690,0.672560,0.672570
1464675660,0.672560,0.672570,0.672470,0.672470
1464675720,0.672460,0.672590,0.672450,0.672590
1464675780,0.672580,0.672760,0.672580,0.672740
1464675840,0.672750,0.672750,0.672600,0.672650
1464675900,0.672640,0.672880,0.672630,0.672780
1464675960,0.672830,0.673210,0.672830,0.673160
1464676020,0.673170,0.673260,0.673070,0.673230
1464676080,0.673230,0.673400,0.673220,0.673250
1464676140,0.673260,0.673400,0.673260,0.673330
1464676200,0.673290,0.673300,0.673040,0.673140
1464676260,0.673130,0.673130,0.673000,0.673030
1464676320,0.673010,0.673160,0.673010,0.673050
1464676380,0.673040,0.673150,0.673030,0.673070
1464676440,0.673040,0.673040,0.672790,0.672880
1464676500,0.672880,0.672910,0.672810,0.672820
1464676560,0.672830,0.672900,0.672790,0.672890
1464676620,0.672870,0.673010,0.672870,0.673010
1464676680,0.673000,0.673000,0.672850,0.672900
1464676740,0.672890,0.672930,0.672850,0.672900
1464676800,0.672910,0.672910,0.672560,0.672670
1464676860,0.672680,0.672700,0.672570,0.672660
1464676920,0.672680,0.672740,0.672600,0.672740
1464676980,0.672730,0.672790,0.672680,0.672690
1464677040,0.672680,0.672700,0.672530,0.672530
1464677100,0.672540,0.672610,0.672380,0.672600
1464677160,0.672610,0.672610,0.672400,0.672420
1464677220,0.672430,0.672460,0.672350,0.672370
1464677280,0.672380,0.672570,0.672370,0.672550
1464677340,0.672560,0.672570,0.672530,0.672530
1464677400,0.672530,0.672540,0.672240,0.672340
1464677460,0.672330,0.672330,0.672130,0.672130
1464677520,0.672160,0.672230,0.672030,0.672050
1464677580,0.672030,0.672060,0.671930,0.671940
1464677640,0.671950,0.672050,0.671870,0.671980
1464677700,0.671990,0.671990,0.671760,0.671780
1464677760,0.671800,0.671970,0.671760,0.671940
1464677820,0.671940,0.672010,0.671880,0.671910
1464677880,0.671910,0.671940,0.671770,0.671810
1464677940,0.671790,0.672030,0.671790,0.671960
1464678000,0.672000,0.672190,0.671950,0.672110
1464678060,0.672140,0.672170,0.672060,0.672080
1464678120,0.672080,0.672100,0.671940,0.671940
1464678180,0.671950,0.672060,0.671910,0.671910
1464678240,0.671920,0.671930,0.671660,0.671670
1464678300,0.671680,0.671760,0.671630,0.671680
1464678360,0.671690,0.672070,0.671690,0.671980
1464678420,0.671980,0.672010,0.671880,0.671890
1464678480,0.671880,0.671890,0.671750,0.671780
1464678540,0.671780,0.671820,0.671760,0.671810
1464678600,0.671820,0.671820,0.671530,0.671570
1464678660,0.671560,0.671620,0.671460,0.671610
1464678720,0.671620,0.671690,0.671550,0.671580
1464678780,0.671590,0.671610,0.671460,0.671560
1464678840,0.671570,0.671600,0.671460,0.671500
1464678900,0.671480,0.671530,0.671200,0.671300
1464678960,0.671290,0.671370,0.671180,0.671190
1464679020,0.671200,0.671300,0.671150,0.671170
1464679080,0.671180,0.671460,0.671150,0.671370
1464679140,0.671350,0.671550,0.671350,0.671540
1464679200,0.671550,0.671560,0.671270,0.671310
1464679260,0.671320,0.671510,0.671320,0.671490
1464679320,0.671480,0.671520,0.671410,0.671490
1464679380,0.671490,0.671700,0.671490,0.671580
1464679440,0.671580,0.671660,0.671450,0.671650
1464679500,0.671650,0.671860,0.671590,0.671810
1464679560,0.671810,0.671830,0.671750,0.671830
1464679620,0.671830,0.671890,0.671690,0.671730
1464679680,0.671730,0.671780,0.671580,0.671680
1464679740,0.671680,0.671680,0.671550,0.671590
1464679800,0.671620,0.671650,0.671510,0.671600
1464679860,0.671600,0.671600,0.671500,0.671500
1464679920,0.671480,0.671480,0.671360,0.671360
1464679980,0.671360,0.671670,0.671360,0.671470
1464680040,0.671450,0.671590,0.671450,0.671580
1464680100,0.671560,0.671560,0.671450,0.671470
1464680160,0.671450,0.671470,0.671350,0.671370
1464680220,0.671370,0.671470,0.671350,0.671450
1464680280,0.671470,0.671670,0.671450,0.671650
1464680340,0.671650,0.671800,0.671630,0.671740
1464680400,0.671730,0.671730,0.671570,0.671650
1464680460,0.671660,0.671660,0.671550,0.671560
1464680520,0.671540,0.671690,0.671540,0.671610
1464680580,0.671610,0.671780,0.671580,0.671680
1464680640,0.671680,0.671680,0.671490,0.671570
1464680700,0.671570,0.671680,0.671540,0.671680
1464680760,0.671680,0.671730,0.671650,0.671680
1464680820,0.671680,0.671690,0.671370,0.671370
1464680880,0.671360,0.671470,0.671340,0.671410
1464680940,0.671430,0.671470,0.671290,0.671360
1464681000,0.671340,0.671470,0.671270,0.671390
1464681060,0.671400,0.671420,0.671270,0.671280
1464681120,0.671290,0.671360,0.671240,0.671250
1464681180,0.671260,0.671300,0.671190,0.671210
1464681240,0.671220,0.671400,0.671180,0.671400
1464681300,0.671400,0.671630,0.671390,0.671500
1464681360,0.671510,0.671590,0.671480,0.671490
1464681420,0.671480,0.671590,0.671460,0.671590
1464681480,0.671580,0.671600,0.671530,0.671570
1464681540,0.671550,0.671570,0.671270,0.671290
1464681600,0.671280,0.671330,0.671060,0.671060
1464681660,0.671060,0.671090,0.670940,0.671060
1464681720,0.671070,0.671190,0.671050,0.671160
1464681780,0.671160,0.671270,0.670940,0.670980
1464681840,0.670980,0.671080,0.670960,0.670980
1464681900,0.671000,0.671120,0.670780,0.670900
1464681960,0.670890,0.671120,0.670850,0.671050
1464682020,0.671050,0.671060,0.670780,0.670860
1464682080,0.670870,0.671110,0.670870,0.671080
1464682140,0.671090,0.671120,0.670950,0.670980
1464682200,0.670990,0.671130,0.670990,0.671070
1464682260,0.671090,0.671310,0.671080,0.671310
1464682320,0.671300,0.671400,0.671300,0.671300
1464682380,0.671290,0.671430,0.671290,0.671380
1464682440,0.671400,0.671400,0.671140,0.671210
1464682500,0.671200,0.671290,0.671190,0.671280
1464682560,0.671290,0.671310,0.671250,0.671300
1464682620,0.671290,0.671320,0.671260,0.671290
1464682680,0.671290,0.671390,0.671290,0.671390
1464682740,0.671410,0.671410,0.671360,0.671380
1464682800,0.671370,0.671370,0.671240,0.671260
1464682860,0.671260,0.671260,0.670950,0.671070
1464682920,0.671080,0.671080,0.670960,0.670960
1464682980,0.670960,0.671070,0.670920,0.670940
1464683040,0.670950,0.671030,0.670950,0.670980
1464683100,0.671000,0.671210,0.671000,0.671190
1464683160,0.671200,0.671280,0.671190,0.671260
1464683220,0.671250,0.671300,0.671210,0.671290
1464683280,0.671300,0.671410,0.671300,0.671400
1464683340,0.671410,0.671410,0.671360,0.671380
1464683400,0.671370,0.671500,0.671300,0.671500
1464683460,0.671520,0.671590,0.671470,0.671470
1464683520,0.671490,0.671520,0.671440,0.671460
1464683580,0.671440,0.671490,0.671440,0.671490
1464683640,0.671500,0.671720,0.671500,0.671700
1464683700,0.671690,0.671710,0.671590,0.671610
1464683760,0.671620,0.671660,0.671590,0.671590
1464683820,0.671600,0.671690,0.671600,0.671600
1464683880,0.671600,0.671690,0.671600,0.671600
1464683940,0.671640,0.671840,0.671640,0.671840
1464684000,0.671840,0.671910,0.671800,0.671890
1464684060,0.671900,0.671960,0.671900,0.671910
1464684120,0.671920,0.671930,0.671910,0.671910
1464684180,0.671900,0.672010,0.671900,0.672010
1464684240,0.671970,0.671970,0.671880,0.671890
1464684300,0.671900,0.671900,0.671780,0.671820
1464684360,0.671810,0.671890,0.671790,0.671800
1464684420,0.671790,0.671810,0.671760,0.671780
1464684480,0.671770,0.671890,0.671770,0.671890
1464684540,0.671870,0.671870,0.671790,0.671830
1464684600,0.671830,0.671840,0.671670,0.671810
1464684660,0.671820,0.671880,0.671810,0.671820
1464684720,0.671810,0.671810,0.671660,0.671670
1464684780,0.671680,0.671760,0.671680,0.671740
1464684840,0.671730,0.671940,0.671730,0.671890
1464684900,0.671880,0.671910,0.671850,0.671870
1464684960,0.671880,0.671880,0.671770,0.671880
1464685020,0.671920,0.672000,0.671910,0.671990
1464685080,0.672000,0.672070,0.671940,0.671980
1464685140,0.671970,0.672050,0.671960,0.672020
1464685200,0.672030,0.672030,0.671860,0.671870
1464685260,0.671890,0.671890,0.671670,0.671690
1464685320,0.671700,0.671840,0.671690,0.671780
1464685380,0.671790,0.671820,0.671730,0.671820
1464685440,0.671830,0.671900,0.671800,0.671810
1464685500,0.671820,0.671820,0.671630,0.671740
1464685560,0.671730,0.671920,0.671700,0.671900
1464685620,0.671890,0.672020,0.671860,0.671870
1464685680,0.671880,0.671920,0.671800,0.671870
1464685740,0.671880,0.671900,0.671760,0.671800
1464685800,0.671780,0.671870,0.671780,0.671800
1464685860,0.671830,0.671880,0.671830,0.671870
1464685920,0.671890,0.671980,0.671890,0.671970
1464685980,0.671960,0.672010,0.671960,0.671990
1464686040,0.671980,0.671980,0.671890,0.671890
1464686100,0.671900,0.671920,0.671770,0.671840
1464686160,0.671860,0.671920,0.671860,0.671880
1464686220,0.671870,0.671880,0.671680,0.671680
1464686280,0.671670,0.671770,0.671660,0.671700
1464686340,0.671710,0.671750,0.671710,0.671720
1464686400,0.671710,0.671840,0.671690,0.671830
1464686460,0.671820,0.671830,0.671770,0.671790
1464686520,0.671800,0.671940,0.671790,0.671920
1464686580,0.671910,0.671920,0.671870,0.671910
1464686640,0.671900,0.671960,0.671850,0.671870
1464686700,0.671860,0.671910,0.671770,0.671910
1464686760,0.671900,0.671950,0.671870,0.671900
1464686820,0.671900,0.671910,0.671700,0.671740
1464686880,0.671750,0.671910,0.671750,0.671820
1464686940,0.671810,0.671960,0.671810,0.671930
1464687000,0.671930,0.671960,0.671720,0.671780
1464687060,0.671790,0.671900,0.671720,0.671820
1464687120,0.671810,0.671890,0.671790,0.671820
1464687180,0.671810,0.671840,0.671790,0.671820
1464687240,0.671810,0.671940,0.671790,0.671910
1464687300,0.671910,0.672030,0.671910,0.672030
1464687360,0.672020,0.672120,0.672010,0.672120
1464687420,0.672110,0.672260,0.672110,0.672260
1464687480,0.672250,0.672360,0.672250,0.672340
1464687540,0.672330,0.672340,0.672120,0.672190
1464687600,0.672180,0.672290,0.672130,0.672280
1464687660,0.672270,0.672370,0.672270,0.672310
1464687720,0.672310,0.672320,0.672200,0.672210
1464687780,0.672230,0.672380,0.672200,0.672380
1464687840,0.672400,0.672410,0.672290,0.672300
1464687900,0.672310,0.672360,0.672290,0.672300
1464687960,0.672310,0.672360,0.672290,0.672300
1464688020,0.672310,0.672420,0.672310,0.672420
1464688080,0.672410,0.672460,0.672330,0.672370
1464688140,0.672380,0.672500,0.672380,0.672410
1464688200,0.672420,0.672530,0.672410,0.672520
1464688260,0.672510,0.672540,0.672500,0.672520
1464688320,0.672510,0.672590,0.672490,0.672510
1464688380,0.672520,0.672640,0.672510,0.672610
1464688440,0.672590,0.672790,0.672550,0.672790
1464688500,0.672790,0.672980,0.672790,0.672920
1464688560,0.672920,0.673000,0.672810,0.672900
1464688620,0.672910,0.673020,0.672900,0.673000
1464688680,0.672980,0.672990,0.672900,0.672950
1464688740,0.672970,0.672990,0.672870,0.672940
1464688800,0.672930,0.672960,0.672740,0.672940
1464688860,0.672960,0.673140,0.672960,0.673100
1464688920,0.673100,0.673220,0.673090,0.673220
1464688980,0.673230,0.673280,0.673100,0.673210
1464689040,0.673220,0.673580,0.673210,0.673560
1464689100,0.673560,0.673560,0.673240,0.673260
1464689160,0.673260,0.673260,0.673080,0.673080
1464689220,0.673080,0.673090,0.672990,0.673000
1464689280,0.673010,0.673200,0.672980,0.673190
1464689340,0.673190,0.673400,0.673170,0.673390
1464689400,0.673400,0.673440,0.673380,0.673400
1464689460,0.673390,0.673390,0.673280,0.673330
1464689520,0.673330,0.673430,0.673330,0.673410
1464689580,0.673400,0.673400,0.673310,0.673310
1464689640,0.673290,0.673290,0.673190,0.673220
1464689700,0.673230,0.673340,0.673220,0.673340
1464689760,0.673360,0.673540,0.673340,0.673390
1464689820,0.673400,0.673400,0.673360,0.673370
1464689880,0.673380,0.673400,0.673340,0.673400
1464689940,0.673380,0.673450,0.673370,0.673400
1464690000,0.673410,0.673520,0.673400,0.673480
1464690060,0.673480,0.673510,0.673450,0.673500
1464690120,0.673490,0.673490,0.673390,0.673400
1464690180,0.673410,0.673740,0.673400,0.673740
1464690240,0.673740,0.673970,0.673660,0.673940
1464690300,0.673930,0.673930,0.673810,0.673830
1464690360,0.673820,0.673830,0.673730,0.673740
1464690420,0.673720,0.673720,0.673560,0.673680
1464690480,0.673680,0.673780,0.673600,0.673610
1464690540,0.673620,0.673700,0.673600,0.673630
1464690600,0.673610,0.673780,0.673600,0.673700
1464690660,0.673710,0.673720,0.673580,0.673710
1464690720,0.673700,0.673720,0.673670,0.673670
1464690780,0.673680,0.673690,0.673580,0.673590
1464690840,0.673580,0.673690,0.673580,0.673640
1464690900,0.673640,0.673660,0.673580,0.673600
1464690960,0.673610,0.673650,0.673610,0.673640
1464691020,0.673630,0.673660,0.673620,0.673660
1464691080,0.673660,0.673690,0.673610,0.673670
1464691140,0.673650,0.673650,0.673600,0.673600
1464691200,0.673600,0.673690,0.673570,0.673570
1464691260,0.673560,0.673600,0.673530,0.673570
1464691320,0.673560,0.673560,0.673490,0.673500
1464691380,0.673510,0.673510,0.673280,0.673330
1464691440,0.673350,0.673380,0.673270,0.673290
1464691500,0.673290,0.673350,0.673270,0.673290
1464691560,0.673280,0.673290,0.673080,0.673080
1464691620,0.673120,0.673300,0.673120,0.673180
1464691680,0.673180,0.673350,0.673180,0.673270
1464691740,0.673270,0.673510,0.673270,0.673460
1464691800,0.673460,0.673460,0.673290,0.673330
1464691860,0.673330,0.673420,0.673330,0.673400
1464691920,0.673400,0.673510,0.673400,0.673500
1464691980,0.673500,0.673590,0.673460,0.673590
1464692040,0.673590,0.673590,0.673460,0.673460
1464692100,0.673470,0.673470,0.673330,0.673380
1464692160,0.673360,0.673370,0.673240,0.673270
1464692220,0.673260,0.673290,0.673230,0.673240
1464692280,0.673250,0.673330,0.673220,0.673280
1464692340,0.673280,0.673310,0.673260,0.673290
1464692400,0.673320,0.673400,0.673240,0.673240
1464692460,0.673260,0.673260,0.673180,0.673180
1464692520,0.673180,0.673240,0.673060,0.673070
1464692580,0.673070,0.673470,0.673070,0.673460
1464692640,0.673460,0.673700,0.673460,0.673600
1464692700,0.673590,0.673630,0.673480,0.673540
1464692760,0.673530,0.673650,0.673460,0.673600
1464692820,0.673590,0.673870,0.673590,0.673860
1464692880,0.673870,0.674040,0.673820,0.673960
1464692940,0.673960,0.674080,0.673820,0.674050
1464693000,0.674050,0.674180,0.674030,0.674160
1464693060,0.674150,0.674390,0.674150,0.674380
1464693120,0.674380,0.674600,0.674360,0.674380
1464693180,0.674400,0.674540,0.674370,0.674380
1464693240,0.674380,0.674480,0.674290,0.674460
1464693300,0.674460,0.674500,0.674380,0.674390
1464693360,0.674400,0.674570,0.674380,0.674550
1464693420,0.674550,0.674710,0.674520,0.674710
1464693480,0.674710,0.675460,0.674710,0.675260
1464693540,0.675260,0.675330,0.675120,0.675180
1464693600,0.675200,0.675670,0.675190,0.675600
1464693660,0.675600,0.675670,0.675340,0.675600
1464693720,0.675590,0.675590,0.675190,0.675240
1464693780,0.675260,0.675400,0.675240,0.675370
1464693840,0.675370,0.675480,0.675330,0.675340
1464693900,0.675350,0.675360,0.675200,0.675350
1464693960,0.675350,0.675410,0.674950,0.675040
1464694020,0.675050,0.675320,0.675030,0.675210
1464694080,0.675220,0.675310,0.675220,0.675260
1464694140,0.675180,0.675250,0.675130,0.675130
1464694200,0.675130,0.675190,0.675130,0.675160
1464694260,0.675170,0.675170,0.675130,0.675170
1464694320,0.675140,0.675500,0.675140,0.675460
1464694380,0.675460,0.675560,0.675390,0.675390
1464694440,0.675400,0.675400,0.675030,0.675040
1464694500,0.675040,0.675250,0.674920,0.675050
1464694560,0.675040,0.675230,0.674990,0.675180
1464694620,0.675210,0.675340,0.675190,0.675230
1464694680,0.675240,0.675290,0.675200,0.675250
1464694740,0.675250,0.675290,0.675170,0.675170
1464694800,0.675160,0.675360,0.675160,0.675270
1464694860,0.675280,0.675320,0.675260,0.675260
1464694920,0.675260,0.675280,0.675190,0.675250
1464694980,0.675250,0.675350,0.675250,0.675310
1464695040,0.675310,0.675310,0.675250,0.675250
1464695100,0.675230,0.675300,0.675190,0.675230
1464695160,0.675230,0.675230,0.675080,0.675160
1464695220,0.675160,0.675160,0.675050,0.675050
1464695280,0.675050,0.675050,0.675010,0.675010
1464695340,0.675010,0.675020,0.675000,0.675000
1464695400,0.675000,0.675050,0.674950,0.675050
1464695460,0.675030,0.675200,0.675010,0.675200
1464695520,0.675200,0.675250,0.675200,0.675200
1464695580,0.675200,0.675200,0.675070,0.675070
1464695640,0.675070,0.675080,0.675000,0.675070
1464695700,0.675070,0.675160,0.675050,0.675160
1464695760,0.675160,0.675160,0.675070,0.675130
1464695820,0.675160,0.675320,0.675080,0.675280
1464695880,0.675260,0.675480,0.675260,0.675460
1464695940,0.675440,0.675470,0.675370,0.675430
1464696000,0.675440,0.675490,0.675390,0.675440
1464696060,0.675440,0.675450,0.675380,0.675380
1464696120,0.675400,0.675430,0.675330,0.675350
1464696180,0.675370,0.675610,0.675350,0.675610
1464696240,0.675600,0.675870,0.675600,0.675730
1464696300,0.675710,0.675740,0.675540,0.675630
1464696360,0.675610,0.675610,0.675470,0.675550
1464696420,0.675560,0.675630,0.675430,0.675440
1464696480,0.675440,0.675450,0.675180,0.675380
1464696540,0.675370,0.675550,0.675240,0.675550
1464696600,0.675550,0.675550,0.675430,0.675450
1464696660,0.675450,0.675500,0.675280,0.675280
1464696720,0.675300,0.675410,0.675270,0.675410
1464696780,0.675420,0.675470,0.675380,0.675380
1464696840,0.675380,0.675390,0.675250,0.675270
1464696900,0.675290,0.675350,0.675100,0.675110
1464696960,0.675120,0.675230,0.675060,0.675140
1464697020,0.675130,0.675220,0.675030,0.675030
1464697080,0.675040,0.675070,0.674840,0.674840
1464697140,0.674840,0.674990,0.674790,0.674940
1464697200,0.674960,0.675100,0.674960,0.675040
1464697260,0.675040,0.675050,0.674890,0.674940
1464697320,0.674940,0.674950,0.674940,0.674940
1464697380,0.674930,0.674940,0.674780,0.674930
1464697440,0.674930,0.675050,0.674930,0.674960
1464697500,0.674960,0.675140,0.674960,0.675060
1464697560,0.675060,0.675130,0.675040,0.675050
1464697620,0.675050,0.675110,0.675030,0.675110
1464697680,0.675110,0.675200,0.675060,0.675140
1464697740,0.675130,0.675150,0.675000,0.675090
1464697800,0.675100,0.675100,0.674520,0.674780
1464697860,0.674770,0.674790,0.674510,0.674610
1464697920,0.674590,0.674920,0.674540,0.674850
1464697980,0.674840,0.674870,0.674630,0.674750
1464698040,0.674780,0.674840,0.674760,0.674760
1464698100,0.674770,0.674810,0.674640,0.674780
1464698160,0.674780,0.674830,0.674640,0.674640
1464698220,0.674650,0.674710,0.674630,0.674630
1464698280,0.674630,0.674630,0.674340,0.674340
1464698340,0.674330,0.674650,0.674250,0.674560
1464698400,0.674580,0.674700,0.674560,0.674590
1464698460,0.674590,0.674750,0.674590,0.674750
1464698520,0.674740,0.674740,0.674450,0.674580
1464698580,0.674600,0.674710,0.674580,0.674600
1464698640,0.674630,0.674640,0.674450,0.674540
1464698700,0.674550,0.674570,0.674480,0.674560
1464698760,0.674560,0.674560,0.674250,0.674340
1464698820,0.674340,0.674370,0.674030,0.674120
1464698880,0.674130,0.674390,0.674120,0.674340
1464698940,0.674340,0.674360,0.674230,0.674320
1464699000,0.674330,0.674330,0.674260,0.674310
1464699060,0.674310,0.674310,0.673850,0.673890
1464699120,0.673920,0.673920,0.673720,0.673720
1464699180,0.673740,0.673880,0.673670,0.673780
1464699240,0.673790,0.673860,0.673540,0.673650
1464699300,0.673660,0.673800,0.673660,0.673790
1464699360,0.673780,0.673880,0.673720,0.673880
1464699420,0.673870,0.673900,0.673870,0.673890
1464699480,0.673890,0.673900,0.673880,0.673880
1464699540,0.673880,0.673920,0.673860,0.673910
1464699600,0.673900,0.673960,0.673860,0.673870
1464699660,0.673880,0.673940,0.673860,0.673940
1464699720,0.673930,0.674230,0.673930,0.674080
1464699780,0.674060,0.674220,0.674060,0.674190
1464699840,0.674180,0.674220,0.674070,0.674090
1464699900,0.674100,0.674100,0.673870,0.673900
1464699960,0.673900,0.674070,0.673880,0.674050
1464700020,0.674050,0.674150,0.674000,0.674050
1464700080,0.674060,0.674150,0.674050,0.674050
1464700140,0.674060,0.674150,0.673970,0.674100
1464700200,0.674110,0.674150,0.673940,0.673940
1464700260,0.673940,0.674050,0.673940,0.674020
1464700320,0.674020,0.674130,0.673970,0.674010
1464700380,0.674030,0.674200,0.674030,0.674140
1464700440,0.674140,0.674320,0.674140,0.674240
1464700500,0.674220,0.674680,0.674130,0.674440
1464700560,0.674430,0.674430,0.674250,0.674300
1464700620,0.674320,0.674330,0.674120,0.674130
1464700680,0.674150,0.674230,0.673980,0.674020
1464700740,0.674000,0.674140,0.673940,0.674070
1464700800,0.674070,0.674130,0.674030,0.674040
1464700860,0.674060,0.674180,0.674040,0.674150
1464700920,0.674160,0.674200,0.674070,0.674140
1464700980,0.674120,0.674490,0.674120,0.674390
1464701040,0.674370,0.674390,0.674240,0.674270
1464701100,0.674250,0.674330,0.674200,0.674290
1464701160,0.674300,0.674330,0.674250,0.674250
1464701220,0.674230,0.674240,0.674120,0.674200
1464701280,0.674210,0.674230,0.674160,0.674230
1464701340,0.674230,0.674340,0.674220,0.674260
1464701400,0.674260,0.674360,0.674220,0.674340
1464701460,0.674330,0.674340,0.674220,0.674250
1464701520,0.674230,0.674270,0.674010,0.674040
1464701580,0.674040,0.674150,0.673960,0.674040
1464701640,0.674050,0.674050,0.673910,0.673940
1464701700,0.673930,0.674040,0.673910,0.674000
1464701760,0.674020,0.674040,0.673910,0.673910
1464701820,0.673930,0.673930,0.673560,0.673650
1464701880,0.673650,0.673960,0.673620,0.673950
1464701940,0.673950,0.674120,0.673950,0.674040
1464702000,0.674030,0.674080,0.673930,0.673930
1464702060,0.673940,0.673950,0.673870,0.673870
1464702120,0.673880,0.674350,0.673880,0.674300
1464702180,0.674290,0.674420,0.674240,0.674330
1464702240,0.674340,0.674440,0.674120,0.674220
1464702300,0.674220,0.674650,0.674220,0.674610
1464702360,0.674640,0.674650,0.674530,0.674640
1464702420,0.674650,0.674690,0.674620,0.674680
1464702480,0.674660,0.674700,0.674590,0.674660
1464702540,0.674670,0.674950,0.674670,0.674940
1464702600,0.674930,0.675600,0.674930,0.675480
1464702660,0.675480,0.675480,0.675260,0.675360
1464702720,0.675360,0.675560,0.675170,0.675550
1464702780,0.675550,0.675690,0.675360,0.675360
1464702840,0.675360,0.675390,0.675290,0.675340
1464702900,0.675340,0.675760,0.675340,0.675650
1464702960,0.675650,0.675760,0.675540,0.675650
1464703020,0.675660,0.675660,0.675350,0.675450
1464703080,0.675410,0.675510,0.675400,0.675510
1464703140,0.675520,0.675650,0.675490,0.675640
1464703200,0.675650,0.675890,0.675540,0.675830
1464703260,0.675820,0.675970,0.675790,0.675940
1464703320,0.675940,0.676490,0.675940,0.676180
1464703380,0.676190,0.676360,0.676190,0.676340
1464703440,0.676340,0.676670,0.676320,0.676640
1464703500,0.676660,0.676660,0.676370,0.676540
1464703560,0.676540,0.676650,0.676440,0.676440
1464703620,0.676440,0.676470,0.676230,0.676270
1464703680,0.676270,0.676450,0.676230,0.676360
1464703740,0.676380,0.676450,0.676250,0.676410
1464703800,0.676430,0.676430,0.676150,0.676240
1464703860,0.676240,0.676270,0.676050,0.676060
1464703920,0.676060,0.676080,0.675920,0.675990
1464703980,0.675980,0.676050,0.675930,0.675940
1464704040,0.675950,0.676090,0.675940,0.675980
1464704100,0.675990,0.676220,0.675970,0.676210
1464704160,0.676180,0.676410,0.676180,0.676250
1464704220,0.676260,0.676380,0.676160,0.676310
1464704280,0.676310,0.676600,0.676280,0.676600
1464704340,0.676590,0.676750,0.676560,0.676750
1464704400,0.676780,0.676820,0.676650,0.676740
1464704460,0.676740,0.676810,0.676710,0.676800
1464704520,0.676780,0.676790,0.676370,0.676370
1464704580,0.676370,0.676610,0.676350,0.676600
1464704640,0.676600,0.676600,0.676430,0.676540
1464704700,0.676560,0.676630,0.676520,0.676540
1464704760,0.676540,0.676720,0.676460,0.676640
1464704820,0.676640,0.677080,0.676640,0.676950
1464704880,0.676950,0.676980,0.676730,0.676890
1464704940,0.676860,0.677030,0.676790,0.676910
1464705000,0.676920,0.677140,0.676800,0.677090
1464705060,0.677180,0.677600,0.677180,0.677470
1464705120,0.677480,0.677510,0.677140,0.677260
1464705180,0.677300,0.677440,0.677050,0.677050
1464705240,0.677070,0.677190,0.676720,0.676810
1464705300,0.676800,0.677190,0.676780,0.677150
1464705360,0.677150,0.677240,0.676950,0.677010
1464705420,0.677010,0.677050,0.676350,0.676490
1464705480,0.676470,0.676680,0.676360,0.676380
1464705540,0.676350,0.676480,0.676210,0.676320
1464705600,0.676320,0.676380,0.676170,0.676330
1464705660,0.676340,0.676640,0.676320,0.676560
1464705720,0.676570,0.676810,0.676570,0.676710
1464705780,0.676720,0.677040,0.676680,0.677010
1464705840,0.677000,0.677100,0.676860,0.676880
1464705900,0.676890,0.676900,0.676330,0.676360
1464705960,0.676410,0.676460,0.676150,0.676330
1464706020,0.676300,0.676620,0.676300,0.676350
1464706080,0.676370,0.676470,0.676140,0.676150
1464706140,0.676140,0.676290,0.676060,0.676180
1464706200,0.676160,0.676290,0.676160,0.676220
1464706260,0.676220,0.676660,0.676110,0.676560
1464706320,0.676570,0.676780,0.676520,0.676550
1464706380,0.676550,0.676950,0.676410,0.676900
1464706440,0.676920,0.676980,0.676760,0.676810
1464706500,0.676820,0.676830,0.676420,0.676460
1464706560,0.676450,0.676650,0.676340,0.676560
1464706620,0.676570,0.676720,0.676270,0.676340
1464706680,0.676360,0.676440,0.675960,0.676420
1464706740,0.676420,0.676890,0.676410,0.676580
1464706800,0.676560,0.676720,0.676450,0.676500
1464706860,0.676510,0.676640,0.676420,0.676560
1464706920,0.676540,0.676610,0.676240,0.676420
1464706980,0.676380,0.676380,0.676110,0.676200
1464707040,0.676210,0.676210,0.676000,0.676060
1464707100,0.676080,0.676080,0.675900,0.675970
1464707160,0.675960,0.676020,0.675730,0.675890
1464707220,0.675900,0.676150,0.675840,0.676080
1464707280,0.676120,0.676370,0.676050,0.676190
1464707340,0.676170,0.676190,0.675850,0.676040
1464707400,0.676050,0.676060,0.675780,0.675890
1464707460,0.675900,0.675920,0.675750,0.675920
1464707520,0.675920,0.676130,0.675920,0.676060
1464707580,0.676060,0.676130,0.675920,0.675990
1464707640,0.675990,0.676120,0.675960,0.675970
1464707700,0.675990,0.676310,0.675930,0.676280
1464707760,0.676300,0.676390,0.676200,0.676200
1464707820,0.676200,0.676320,0.676070,0.676080
1464707880,0.676080,0.676260,0.676030,0.676170
1464707940,0.676170,0.676260,0.676120,0.676210
1464708000,0.676210,0.676210,0.675960,0.676070
1464708060,0.676110,0.676160,0.676010,0.676110
1464708120,0.676120,0.676340,0.676110,0.676330
1464708180,0.676330,0.676400,0.676330,0.676360
1464708240,0.676410,0.676460,0.676140,0.676160
1464708300,0.676170,0.676250,0.676060,0.676070
1464708360,0.676060,0.676220,0.676060,0.676180
1464708420,0.676180,0.676190,0.676080,0.676140
1464708480,0.676150,0.676240,0.676110,0.676120
1464708540,0.676110,0.676250,0.676100,0.676250
1464708600,0.676260,0.676260,0.676210,0.676210
1464708660,0.676210,0.676320,0.676200,0.676300
1464708720,0.676300,0.676350,0.676300,0.676320
1464708780,0.676320,0.676320,0.676290,0.676290
1464708840,0.676290,0.676400,0.676270,0.676400
1464708900,0.676400,0.676420,0.676390,0.676390
1464708960,0.676380,0.676470,0.676330,0.676450
1464709020,0.676410,0.676610,0.676410,0.676600
1464709080,0.676600,0.676600,0.676240,0.676240
1464709140,0.676230,0.676300,0.676190,0.676300
1464709200,0.676290,0.676320,0.676220,0.676270
1464709260,0.676290,0.676530,0.676290,0.676470
1464709320,0.676470,0.676530,0.676430,0.676450
1464709380,0.676450,0.676450,0.676410,0.676450
1464709440,0.676460,0.676460,0.676350,0.676370
1464709500,0.676360,0.676380,0.676230,0.676240
1464709560,0.676250,0.676450,0.676250,0.676440
1464709620,0.676440,0.676620,0.676390,0.676580
1464709680,0.676580,0.676690,0.676580,0.676660
1464709740,0.676680,0.676890,0.676660,0.676670
1464709800,0.676680,0.676710,0.676640,0.676650
1464709860,0.676680,0.676750,0.676660,0.676730
1464709920,0.676720,0.676790,0.676670,0.676710
1464709980,0.676710,0.676890,0.676710,0.676850
1464710040,0.676850,0.676900,0.676530,0.676530
1464710100,0.676540,0.676630,0.676440,0.676630
1464710160,0.676630,0.676800,0.676540,0.676730
1464710220,0.676730,0.676850,0.676730,0.676780
1464710280,0.676780,0.676860,0.676740,0.676740
1464710340,0.676740,0.676760,0.676600,0.676750
1464710400,0.676750,0.676810,0.676360,0.676420
1464710460,0.676460,0.676460,0.676270,0.676340
1464710520,0.676350,0.676540,0.676340,0.676430
1464710580,0.676430,0.676510,0.676430,0.676450
1464710640,0.676480,0.676620,0.676450,0.676540
1464710700,0.676540,0.676540,0.676350,0.676400
1464710760,0.676390,0.676420,0.676230,0.676230
1464710820,0.676230,0.676410,0.676210,0.676390
1464710880,0.676390,0.676480,0.676350,0.676360
1464710940,0.676360,0.676580,0.676340,0.676560
1464711000,0.676560,0.676650,0.676520,0.676620
1464711060,0.676630,0.676630,0.676530,0.676540
1464711120,0.676540,0.676540,0.676440,0.676440
1464711180,0.676440,0.676630,0.676400,0.676630
1464711240,0.676630,0.676660,0.676450,0.676540
1464711300,0.676550,0.676560,0.676440,0.676460
1464711360,0.676460,0.676490,0.676450,0.676450
1464711420,0.676450,0.676480,0.676390,0.676470
1464711480,0.676490,0.676620,0.676440,0.676440
1464711540,0.676460,0.676530,0.676420,0.676520
1464711600,0.676520,0.676640,0.676490,0.676490
1464711660,0.676490,0.676500,0.676420,0.676440
1464711720,0.676440,0.676580,0.676440,0.676550
1464711780,0.676530,0.676580,0.676530,0.676540
1464711840,0.676540,0.676550,0.676430,0.676520
1464711900,0.676520,0.676670,0.676480,0.676630
1464711960,0.676650,0.676650,0.676540,0.676540
1464712020,0.676540,0.676650,0.676540,0.676570
1464712080,0.676580,0.676650,0.676550,0.676630
1464712140,0.676620,0.676750,0.676610,0.676730
1464712200,0.676750,0.676820,0.676710,0.676810
1464712260,0.676790,0.676810,0.676770,0.676800
1464712320,0.676800,0.676910,0.676760,0.676910
1464712380,0.676870,0.676870,0.676740,0.676740
1464712440,0.676720,0.676850,0.676650,0.676740
1464712500,0.676760,0.676810,0.676640,0.676640
1464712560,0.676640,0.676650,0.676540,0.676540
1464712620,0.676540,0.676550,0.676360,0.676390
1464712680,0.676400,0.676450,0.676370,0.676400
1464712740,0.676400,0.676540,0.676400,0.676530
1464712800,0.676510,0.676540,0.676460,0.676490
1464712860,0.676490,0.676520,0.676440,0.676440
1464712920,0.676440,0.676490,0.676360,0.676400
1464712980,0.676430,0.676470,0.676410,0.676430
1464713040,0.676410,0.676450,0.676370,0.676410
1464713100,0.676420,0.676440,0.676350,0.676370
1464713160,0.676370,0.676400,0.676310,0.676330
1464713220,0.676330,0.676400,0.676330,0.676380
1464713280,0.676390,0.676460,0.676380,0.676430
1464713340,0.676420,0.676500,0.676420,0.676500
1464713400,0.676500,0.676650,0.676470,0.676620
1464713460,0.676620,0.676660,0.676620,0.676640
1464713520,0.676640,0.676740,0.676640,0.676650
1464713580,0.676650,0.676760,0.676650,0.676750
1464713640,0.676750,0.676800,0.676750,0.676760
1464713700,0.676760,0.676760,0.676620,0.676620
1464713760,0.676650,0.676650,0.676380,0.676380
1464713820,0.676380,0.676450,0.676380,0.676430
1464713880,0.676430,0.676430,0.675990,0.676040
1464713940,0.676040,0.676100,0.675910,0.675950
1464714000,0.675960,0.676060,0.675960,0.676020
1464714060,0.676020,0.676060,0.675980,0.676050
1464714120,0.676040,0.676140,0.676000,0.676050
1464714180,0.676050,0.676060,0.675990,0.676030
1464714240,0.676050,0.676100,0.676030,0.676060
1464714300,0.676080,0.676120,0.675970,0.675970
1464714360,0.675970,0.676020,0.675970,0.676020
1464714420,0.676010,0.676020,0.675960,0.675970
1464714480,0.675960,0.676000,0.675810,0.675910
1464714540,0.675930,0.675990,0.675870,0.675980
1464714600,0.676010,0.676060,0.675960,0.675980
1464714660,0.675980,0.675980,0.675910,0.675950
1464714720,0.675950,0.675960,0.675840,0.675840
1464714780,0.675830,0.675850,0.675790,0.675830
1464714840,0.675830,0.675930,0.675800,0.675890
1464714900,0.675880,0.676050,0.675880,0.675990
1464714960,0.676010,0.676060,0.675990,0.676050
1464715020,0.676060,0.676060,0.675990,0.675990
1464715080,0.676000,0.676020,0.675900,0.675900
1464715140,0.675910,0.676040,0.675900,0.676000
1464715200,0.675970,0.676000,0.675920,0.675940
1464715260,0.675950,0.676050,0.675930,0.676030
1464715320,0.676090,0.676210,0.676060,0.676200
1464715380,0.676220,0.676220,0.676050,0.676090
1464715440,0.676110,0.676110,0.675920,0.675950
1464715500,0.675960,0.676130,0.675960,0.676130
1464715560,0.676150,0.676200,0.676050,0.676070
1464715620,0.676080,0.676170,0.676040,0.676080
1464715680,0.676100,0.676120,0.676010,0.676060
1464715740,0.676060,0.676060,0.675950,0.676040
1464715800,0.676090,0.676210,0.676090,0.676180
1464715860,0.676170,0.676210,0.676110,0.676120
1464715920,0.676120,0.676180,0.676090,0.676090
1464715980,0.676090,0.676140,0.676070,0.676070
1464716040,0.676070,0.676070,0.676040,0.676060
1464716100,0.676030,0.676030,0.675960,0.675980
1464716160,0.675980,0.675980,0.675940,0.675940
1464716220,0.675950,0.675980,0.675910,0.675950
1464716280,0.675970,0.675990,0.675950,0.675970
1464716340,0.675980,0.676000,0.675980,0.675990
1464716400,0.676000,0.676000,0.675920,0.675990
1464716460,0.675990,0.675990,0.675970,0.675990
1464716520,0.676000,0.676060,0.676000,0.676060
1464716580,0.676080,0.676300,0.676080,0.676300
1464716640,0.676300,0.676300,0.676180,0.676260
1464716700,0.676270,0.676290,0.676120,0.676160
1464716760,0.676080,0.676080,0.676000,0.676010
1464716820,0.676020,0.676150,0.676010,0.676150
1464716880,0.676150,0.676280,0.676120,0.676270
1464716940,0.676290,0.676300,0.676140,0.676150
1464717000,0.676160,0.676200,0.676060,0.676080
1464717060,0.676070,0.676080,0.676040,0.676060
1464717120,0.676080,0.676170,0.676060,0.676140
1464717180,0.676160,0.676170,0.676070,0.676080
1464717240,0.676070,0.676200,0.676040,0.676190
1464717300,0.676180,0.676250,0.676160,0.676180
1464717360,0.676190,0.676200,0.676160,0.676180
1464717420,0.676190,0.676190,0.676080,0.676080
1464717480,0.676090,0.676100,0.675980,0.676070
1464717540,0.676080,0.676100,0.676060,0.676080
1464717600,0.676070,0.676080,0.675740,0.675760
1464717660,0.675760,0.675870,0.675670,0.675820
1464717720,0.675810,0.675890,0.675770,0.675890
1464717780,0.675870,0.675890,0.675670,0.675740
1464717840,0.675730,0.675800,0.675680,0.675690
1464717900,0.675670,0.675890,0.675660,0.675880
1464717960,0.675880,0.676030,0.675860,0.675930
1464718020,0.675920,0.676180,0.675880,0.676110
1464718080,0.676120,0.676170,0.675980,0.676070
1464718140,0.676090,0.676090,0.675870,0.675900
1464718200,0.675910,0.675990,0.675860,0.675900
1464718260,0.675900,0.675960,0.675650,0.675890
1464718320,0.675890,0.675990,0.675850,0.675990
1464718380,0.675970,0.676060,0.675940,0.675940
1464718440,0.675970,0.676030,0.675870,0.675890
1464718500,0.675930,0.675950,0.675860,0.675910
1464718560,0.675920,0.675920,0.675760,0.675760
1464718620,0.675760,0.675810,0.675650,0.675650
1464718680,0.675650,0.675770,0.675650,0.675760
1464718740,0.675770,0.675860,0.675730,0.675790
1464718800,0.675760,0.675860,0.675620,0.675830
1464718860,0.675830,0.676020,0.675760,0.675960
1464718920,0.675960,0.676020,0.675910,0.675970
1464718980,0.675970,0.676060,0.675970,0.676020
1464719040,0.676020,0.676020,0.675920,0.675920
1464719100,0.675930,0.675930,0.675780,0.675780
1464719160,0.675780,0.675780,0.675720,0.675740
1464719220,0.675720,0.675720,0.675540,0.675540
1464719280,0.675550,0.675630,0.675520,0.675630
1464719340,0.675630,0.675860,0.675590,0.675850
1464719400,0.675880,0.675930,0.675840,0.675900
1464719460,0.675920,0.675950,0.675880,0.675880
1464719520,0.675880,0.675930,0.675850,0.675880
1464719580,0.675860,0.676010,0.675840,0.676010
1464719640,0.676010,0.676080,0.676010,0.676050
1464719700,0.676070,0.676330,0.676060,0.676220
1464719760,0.676230,0.676310,0.676230,0.676300
1464719820,0.676310,0.676380,0.676280,0.676380
1464719880,0.676370,0.676490,0.676360,0.676400
1464719940,0.676380,0.676410,0.676280,0.676330
1464720000,0.676340,0.676340,0.676180,0.676180
1464720060,0.676190,0.676190,0.675880,0.675890
1464720120,0.675880,0.675960,0.675860,0.675920
1464720180,0.675930,0.675930,0.675850,0.675910
1464720240,0.675920,0.675960,0.675870,0.675880
1464720300,0.675850,0.675950,0.675830,0.675930
1464720360,0.675930,0.675930,0.675730,0.675810
1464720420,0.675820,0.675950,0.675690,0.675690
1464720480,0.675680,0.675790,0.675650,0.675690
1464720540,0.675690,0.675840,0.675640,0.675720
1464720600,0.675720,0.675750,0.675640,0.675640
1464720660,0.675620,0.675680,0.675530,0.675560
1464720720,0.675560,0.675570,0.675550,0.675550
1464720780,0.675550,0.675560,0.675520,0.675530
1464720840,0.675540,0.675540,0.675350,0.675350
1464720900,0.675360,0.675470,0.675290,0.675320
1464720960,0.675320,0.675400,0.675230,0.675340
1464721020,0.675320,0.675360,0.675280,0.675300
1464721080,0.675290,0.675290,0.675180,0.675240
1464721140,0.675240,0.675450,0.675190,0.675310
1464721200,0.675310,0.675400,0.675280,0.675360
1464721260,0.675360,0.675490,0.675320,0.675450
1464721320,0.675460,0.675580,0.675450,0.675480
1464721380,0.675460,0.675530,0.675460,0.675480
1464721440,0.675490,0.675510,0.675480,0.675500
1464721500,0.675510,0.675510,0.675280,0.675290
1464721560,0.675300,0.675370,0.675270,0.675370
1464721620,0.675380,0.675410,0.675170,0.675220
1464721680,0.675210,0.675220,0.675100,0.675100
1464721740,0.675110,0.675180,0.675100,0.675180
1464721800,0.675180,0.675230,0.675100,0.675230
1464721860,0.675240,0.675250,0.675220,0.675240
1464721920,0.675240,0.675390,0.675240,0.675330
1464721980,0.675320,0.675430,0.675320,0.675340
1464722040,0.675340,0.675370,0.675310,0.675360
1464722100,0.675340,0.675490,0.675300,0.675470
1464722160,0.675460,0.675640,0.675460,0.675620
1464722220,0.675620,0.675630,0.675530,0.675590
1464722280,0.675610,0.675630,0.675570,0.675610
1464722340,0.675620,0.675760,0.675610,0.675720
1464722400,0.675740,0.675890,0.675740,0.675860
1464722460,0.675840,0.675970,0.675810,0.675830
1464722520,0.675810,0.675810,0.675570,0.675570
1464722580,0.675570,0.675620,0.675400,0.675420
1464722640,0.675430,0.675490,0.675230,0.675490
1464722700,0.675490,0.675630,0.675470,0.675630
1464722760,0.675630,0.675770,0.675620,0.675750
1464722820,0.675730,0.675730,0.675610,0.675720
1464722880,0.675710,0.675740,0.675620,0.675650
1464722940,0.675660,0.675790,0.675660,0.675750
1464723000,0.675750,0.675950,0.675750,0.675950
1464723060,0.675930,0.675980,0.675830,0.675850
1464723120,0.675830,0.675950,0.675830,0.675910
1464723180,0.675920,0.675970,0.675910,0.675950
1464723240,0.675970,0.676270,0.675970,0.676150
1464723300,0.676140,0.676170,0.676050,0.676150
1464723360,0.676140,0.676150,0.676050,0.676050
1464723420,0.676040,0.676120,0.676040,0.676120
1464723480,0.676130,0.676170,0.676130,0.676150
1464723540,0.676150,0.676170,0.676140,0.676140
1464723600,0.676140,0.676160,0.676130,0.676140
1464723660,0.676130,0.676160,0.676090,0.676140
1464723720,0.676140,0.676250,0.676130,0.676220
1464723780,0.676220,0.676220,0.676130,0.676140
1464723840,0.676130,0.676180,0.676130,0.676160
1464723900,0.676170,0.676170,0.675950,0.675950
1464723960,0.675960,0.675980,0.675840,0.675950
1464724020,0.675950,0.675980,0.675840,0.675850
1464724080,0.675840,0.675960,0.675790,0.675860
1464724140,0.675850,0.675960,0.675840,0.675930
1464724200,0.675920,0.675990,0.675920,0.675960
1464724260,0.675950,0.676010,0.675930,0.675940
1464724320,0.675950,0.676060,0.675950,0.676020
1464724380,0.676030,0.676050,0.676000,0.676030
1464724440,0.676020,0.676060,0.676000,0.676040
1464724500,0.676050,0.676100,0.676020,0.676070
1464724560,0.676080,0.676080,0.676040,0.676060
1464724620,0.676080,0.676100,0.675960,0.675960
1464724680,0.675970,0.675980,0.675780,0.675950
1464724740,0.675960,0.676100,0.675900,0.676090
1464724800,0.676130,0.676780,0.676130,0.676770
1464724860,0.676780,0.677040,0.676700,0.677010
1464724920,0.677020,0.677020,0.676780,0.676830
1464724980,0.676820,0.676820,0.676630,0.676680
1464725040,0.676690,0.676940,0.676400,0.676420
1464725100,0.676410,0.676430,0.676330,0.676400
1464725160,0.676390,0.676490,0.676340,0.676450
1464725220,0.676450,0.676470,0.676350,0.676420
1464725280,0.676440,0.676660,0.676430,0.676660
1464725340,0.676660,0.676670,0.676600,0.676610
1464725400,0.676590,0.676590,0.676420,0.676470
1464725460,0.676480,0.676540,0.676450,0.676540
1464725520,0.676550,0.676660,0.676550,0.676650
1464725580,0.676660,0.676710,0.676660,0.676680
1464725640,0.676720,0.676750,0.676580,0.676580
1464725700,0.676600,0.676630,0.676590,0.676600
1464725760,0.676590,0.676600,0.676380,0.676380
1464725820,0.676370,0.676430,0.676370,0.676430
1464725880,0.676460,0.676500,0.676460,0.676500
1464725940,0.676520,0.676600,0.676520,0.676540
1464726000,0.676540,0.676600,0.676530,0.676560
1464726060,0.676560,0.676580,0.676540,0.676540
1464726120,0.676520,0.676520,0.676520,0.676520
1464726180,0.676520,0.676520,0.676400,0.676440
1464726240,0.676440,0.676470,0.676440,0.676440
1464726300,0.676460,0.676460,0.676440,0.676440
1464726360,0.676440,0.676440,0.676440,0.676440
1464726420,0.676440,0.676470,0.676440,0.676440
1464726480,0.676440,0.676440,0.676420,0.676420
1464726540,0.676420,0.676480,0.676420,0.676440
1464726600,0.676440,0.676440,0.676390,0.676390
1464726660,0.676390,0.676390,0.676390,0.676390
1464726720,0.676390,0.676460,0.676370,0.676380
1464726780,0.676380,0.676430,0.676380,0.676430
1464726840,0.676430,0.676430,0.676390,0.676420
1464726900,0.676420,0.676450,0.676420,0.676450
1464726960,0.676450,0.676460,0.676450,0.676460
1464727020,0.676450,0.676450,0.676410,0.676410
1464727080,0.676400,0.676430,0.676380,0.676430
1464727140,0.676430,0.676430,0.676430,0.676430
1464727200,0.676430,0.676500,0.676430,0.676470
1464727260,0.676480,0.676540,0.676460,0.676490
1464727320,0.676490,0.676540,0.676480,0.676540
1464727380,0.676520,0.676530,0.676500,0.676500
1464727440,0.676500,0.676530,0.676500,0.676530
1464727500,0.676530,0.676530,0.676530,0.676530
1464727560,0.676530,0.676530,0.676500,0.676500
1464727620,0.676500,0.676540,0.676470,0.676490
1464727680,0.676480,0.676590,0.676480,0.676570
1464727740,0.676580,0.676590,0.676550,0.676580
1464727800,0.676570,0.676570,0.676480,0.676520
1464727860,0.676500,0.676520,0.676470,0.676520
1464727920,0.676530,0.676600,0.676530,0.676550
1464727980,0.676550,0.676550,0.676460,0.676460
1464728040,0.676460,0.676470,0.676460,0.676470
1464728100,0.676470,0.676470,0.676360,0.676440
1464728160,0.676450,0.676470,0.676410,0.676410
1464728220,0.676370,0.676410,0.676300,0.676340
1464728280,0.676340,0.676360,0.676230,0.676240
1464728340,0.676250,0.676340,0.675950,0.676040
1464728400,0.676020,0.676340,0.675630,0.676340
1464728460,0.676420,0.676560,0.675780,0.676290
1464728520,0.676330,0.676630,0.676330,0.676630
1464728580,0.676680,0.676680,0.676210,0.676500
1464728640,0.676480,0.676480,0.676080,0.676450
1464728700,0.676390,0.676440,0.676130,0.676370
1464728820,0.676410,0.676410,0.676230,0.676390
1464728880,0.676420,0.676420,0.676350,0.676350
1464729060,0.676350,0.676350,0.676350,0.676350
1464729120,0.676260,0.676290,0.676060,0.676110
1464729180,0.676200,0.676240,0.676200,0.676210
1464729360,0.676220,0.676220,0.676220,0.676220
1464729600,0.676050,0.676050,0.676050,0.676050
1464729660,0.676050,0.676050,0.676050,0.676050
1464729780,0.676100,0.676100,0.676050,0.676050
1464729840,0.676030,0.676200,0.676030,0.676200
1464730020,0.676050,0.676050,0.676050,0.676050
1464730080,0.676050,0.676050,0.676050,0.676050
1464730140,0.676050,0.676050,0.676050,0.676050
1464730200,0.676050,0.676070,0.676050,0.676070
1464730260,0.676190,0.676200,0.676190,0.676200
1464730440,0.676070,0.676070,0.676070,0.676070
1464730500,0.676070,0.676070,0.676060,0.676070
1464730560,0.676060,0.676060,0.676060,0.676060
1464730680,0.676060,0.676060,0.676060,0.676060
1464730740,0.676190,0.676190,0.676190,0.676190
1464730860,0.676200,0.676200,0.676200,0.676200
1464731040,0.676020,0.676210,0.676020,0.676210
1464731100,0.676260,0.676290,0.676260,0.676290
1464731160,0.676340,0.676480,0.676330,0.676460
1464731280,0.676450,0.676450,0.676450,0.676450
1464731340,0.676390,0.676390,0.676390,0.676390
1464731400,0.676380,0.676380,0.676380,0.676380
1464731460,0.676390,0.676420,0.676390,0.676420
1464731580,0.676430,0.676430,0.676430,0.676430
1464731760,0.676230,0.676230,0.676230,0.676230
1464731820,0.676230,0.676420,0.676230,0.676420
1464732000,0.676400,0.676420,0.676290,0.676370
1464732060,0.676380,0.676400,0.676360,0.676370
1464732120,0.676380,0.676430,0.676250,0.676420
1464732180,0.676400,0.676480,0.676360,0.676400
1464732240,0.676400,0.676430,0.676380,0.676420
1464732300,0.676410,0.676500,0.676410,0.676490
1464732360,0.676480,0.676520,0.676420,0.676520
1464732420,0.676500,0.676520,0.676440,0.676490
1464732480,0.676490,0.676630,0.676470,0.676540
1464732540,0.676520,0.676580,0.676470,0.676530
1464732600,0.676540,0.676540,0.676420,0.676440
1464732660,0.676420,0.676450,0.676390,0.676420
1464732720,0.676430,0.676570,0.676400,0.676400
1464732780,0.676400,0.676470,0.676390,0.676440
1464732840,0.676450,0.676470,0.676400,0.676450
1464732900,0.676440,0.676830,0.676440,0.676810
1464732960,0.676800,0.676840,0.676680,0.676810
1464733020,0.676810,0.676820,0.676690,0.676690
1464733080,0.676700,0.676720,0.676700,0.676710
1464733140,0.676700,0.676710,0.676660,0.676710
1464733200,0.676710,0.676840,0.676710,0.676830
1464733260,0.676840,0.676920,0.676820,0.676920
1464733320,0.676910,0.677000,0.676900,0.676950
1464733380,0.676910,0.677110,0.676880,0.677100
1464733440,0.677090,0.677110,0.677070,0.677080
1464733500,0.677070,0.677220,0.676910,0.677210
1464733560,0.677190,0.677290,0.677190,0.677280
1464733620,0.677270,0.677270,0.677170,0.677180
1464733680,0.677200,0.677240,0.677060,0.677080
1464733740,0.677090,0.677090,0.676890,0.676930
1464733800,0.676920,0.676970,0.676900,0.676950
1464733860,0.676960,0.676970,0.676910,0.676920
1464733920,0.676920,0.676930,0.676840,0.676850
1464733980,0.676840,0.676840,0.676730,0.676730
1464734040,0.676750,0.676770,0.676650,0.676650
1464734100,0.676650,0.676650,0.676540,0.676560
1464734160,0.676550,0.676570,0.676450,0.676460
1464734220,0.676470,0.676520,0.676460,0.676480
1464734280,0.676490,0.676490,0.676360,0.676380
1464734340,0.676380,0.676390,0.676370,0.676380
1464734400,0.676380,0.676550,0.676350,0.676550
1464734460,0.676560,0.676600,0.676560,0.676580
1464734520,0.676580,0.676800,0.676580,0.676660
1464734580,0.676680,0.676690,0.676670,0.676680
1464734640,0.676680,0.676680,0.676640,0.676670
1464734700,0.676680,0.677550,0.676680,0.677530
1464734760,0.677590,0.677970,0.677540,0.677940
1464734820,0.677950,0.678050,0.677790,0.677810
1464734880,0.677820,0.677840,0.677800,0.677840
1464734940,0.677830,0.677900,0.677810,0.677890
1464735000,0.677870,0.678000,0.677870,0.677910
1464735060,0.677900,0.677980,0.677900,0.677940
1464735120,0.677930,0.677950,0.677900,0.677900
1464735180,0.677910,0.678000,0.677890,0.677970
1464735240,0.677970,0.678030,0.677970,0.678020
1464735300,0.678030,0.678030,0.678000,0.678020
1464735360,0.678010,0.678020,0.677990,0.678000
1464735420,0.678010,0.679500,0.677990,0.679280
1464735480,0.679300,0.679300,0.678680,0.678840
1464735540,0.678830,0.678980,0.678830,0.678980
1464735600,0.678970,0.679440,0.678970,0.679320
1464735660,0.679330,0.679340,0.679280,0.679280
1464735720,0.679290,0.679530,0.679290,0.679510
1464735780,0.679520,0.679710,0.679520,0.679700
1464735840,0.679700,0.679930,0.679690,0.679930
1464735900,0.679950,0.679950,0.679620,0.679640
1464735960,0.679620,0.679640,0.679300,0.679300
1464736020,0.679300,0.679300,0.679030,0.679070
1464736080,0.679050,0.679090,0.679040,0.679090
1464736140,0.679090,0.679100,0.678950,0.679000
1464736200,0.679000,0.679000,0.678780,0.678780
1464736260,0.678780,0.678810,0.678590,0.678610
1464736320,0.678670,0.678750,0.678670,0.678730
1464736380,0.678730,0.678750,0.678720,0.678740
1464736440,0.678730,0.678970,0.678730,0.678970
1464736500,0.678960,0.679010,0.678940,0.678950
1464736560,0.678960,0.679030,0.678930,0.678970
1464736620,0.678970,0.679160,0.678970,0.679110
1464736680,0.679100,0.679150,0.678760,0.679140
1464736740,0.679140,0.679440,0.679140,0.679220
1464736800,0.679240,0.679350,0.679020,0.679180
1464736860,0.679180,0.679180,0.678890,0.678920
1464736920,0.678920,0.678920,0.678830,0.678850
1464736980,0.678850,0.678940,0.678850,0.678940
1464737040,0.678910,0.679010,0.678900,0.679000
1464737100,0.678970,0.679010,0.678970,0.679000
1464737160,0.678990,0.679000,0.678900,0.678940
1464737220,0.678940,0.679300,0.678940,0.679290
1464737280,0.679290,0.679290,0.678650,0.678710
1464737340,0.678720,0.679070,0.678720,0.678860
1464737400,0.678850,0.679120,0.678850,0.678910
1464737460,0.678900,0.678990,0.678900,0.678970
1464737520,0.678970,0.678980,0.678920,0.678920
1464737580,0.678940,0.678940,0.678720,0.678740
1464737640,0.678760,0.678900,0.678610,0.678660
1464737700,0.678660,0.678660,0.678430,0.678430
1464737760,0.678410,0.678490,0.678290,0.678320
1464737820,0.678320,0.678390,0.678210,0.678210
1464737880,0.678210,0.678210,0.678100,0.678110
1464737940,0.678120,0.678120,0.678110,0.678120
1464738000,0.678100,0.678130,0.678100,0.678110
1464738060,0.678150,0.678300,0.678150,0.678290
1464738120,0.678290,0.678290,0.678000,0.678130
1464738180,0.678130,0.678140,0.678050,0.678080
1464738240,0.678090,0.678090,0.677980,0.678020
1464738300,0.678020,0.678080,0.678020,0.678080
1464738360,0.678080,0.678340,0.678080,0.678340
1464738420,0.678340,0.678340,0.678240,0.678270
1464738480,0.678270,0.678290,0.678270,0.678290
1464738540,0.678270,0.678270,0.678270,0.678270
1464738600,0.678290,0.678420,0.678270,0.678400
1464738660,0.678410,0.678590,0.678400,0.678550
1464738720,0.678560,0.678600,0.678490,0.678490
1464738780,0.678500,0.678540,0.678240,0.678240
1464738840,0.678230,0.678230,0.678210,0.678210
1464738900,0.678200,0.678220,0.678180,0.678220
1464738960,0.678220,0.678230,0.678150,0.678190
1464739020,0.678190,0.678200,0.678150,0.678200
1464739080,0.678200,0.678300,0.678190,0.678200
1464739140,0.678180,0.678310,0.678170,0.678310
1464739200,0.678310,0.678330,0.678150,0.678290
1464739260,0.678270,0.678510,0.678270,0.678470
1464739320,0.678470,0.678540,0.678420,0.678500
1464739380,0.678500,0.678500,0.678090,0.678090
1464739440,0.678150,0.678170,0.678090,0.678100
1464739500,0.678110,0.678190,0.678110,0.678110
1464739560,0.678110,0.678110,0.677980,0.678000
1464739620,0.678000,0.678020,0.677960,0.677980
1464739680,0.677970,0.678320,0.677970,0.678250
1464739740,0.678250,0.678380,0.678250,0.678380
1464739800,0.678400,0.678670,0.678300,0.678470
1464739860,0.678490,0.678630,0.678450,0.678600
1464739920,0.678610,0.678610,0.678390,0.678390
1464739980,0.678400,0.678400,0.678190,0.678190
1464740040,0.678210,0.678220,0.678120,0.678210
1464740100,0.678190,0.678370,0.678190,0.678270
1464740160,0.678260,0.678330,0.678230,0.678310
1464740220,0.678310,0.678310,0.678170,0.678220
1464740280,0.678220,0.678220,0.678080,0.678080
1464740340,0.678080,0.678170,0.678070,0.678110
1464740400,0.678130,0.678220,0.678080,0.678220
1464740460,0.678210,0.678210,0.678060,0.678060
1464740520,0.678080,0.678220,0.678080,0.678200
1464740580,0.678220,0.678220,0.678220,0.678220
1464740640,0.678270,0.678410,0.678270,0.678410
1464740700,0.678360,0.678360,0.677980,0.678040
1464740760,0.678050,0.678150,0.677880,0.677900
1464740820,0.677910,0.677920,0.677820,0.677820
1464740880,0.677820,0.677940,0.677820,0.677940
1464740940,0.677940,0.678020,0.677940,0.677960
1464741000,0.677940,0.677940,0.677820,0.677900
1464741060,0.677920,0.677960,0.677890,0.677910
1464741120,0.677910,0.677950,0.677740,0.677740
1464741180,0.677730,0.677750,0.677720,0.677720
1464741240,0.677730,0.677750,0.677710,0.677730
1464741300,0.677730,0.677750,0.677620,0.677730
1464741360,0.677730,0.677820,0.677720,0.677810
1464741420,0.677800,0.677870,0.677800,0.677870
1464741480,0.677850,0.677990,0.677830,0.677930
1464741540,0.677830,0.677850,0.677680,0.677680
1464741600,0.677660,0.677700,0.677590,0.677620
1464741660,0.677550,0.677620,0.677510,0.677520
1464741720,0.677510,0.677520,0.677500,0.677510
1464741780,0.677500,0.677630,0.677500,0.677610
1464741840,0.677620,0.677650,0.677530,0.677550
1464741900,0.677530,0.677640,0.677300,0.677570
1464741960,0.677550,0.677640,0.677550,0.677630
1464742020,0.677620,0.677640,0.677610,0.677640
1464742080,0.677640,0.677670,0.677620,0.677660
1464742140,0.677650,0.677770,0.677650,0.677770
1464742200,0.677770,0.677970,0.677770,0.677930
1464742260,0.677950,0.678070,0.677830,0.678050
1464742320,0.678060,0.678250,0.678060,0.678200
1464742380,0.678240,0.678330,0.678210,0.678320
1464742440,0.678330,0.678490,0.678230,0.678400
1464742500,0.678430,0.678440,0.678360,0.678390
1464742560,0.678380,0.678560,0.678380,0.678550
1464742620,0.678540,0.678540,0.678000,0.678110
1464742680,0.678110,0.678310,0.678110,0.678230
1464742740,0.678230,0.678430,0.678130,0.678200
1464742800,0.678240,0.678790,0.678180,0.678640
1464742860,0.678630,0.678850,0.678590,0.678730
1464742920,0.678710,0.678710,0.678350,0.678350
1464742980,0.678350,0.678350,0.678260,0.678260
1464743040,0.678260,0.678270,0.678250,0.678250
1464743100,0.678250,0.678350,0.678010,0.678060
1464743160,0.678060,0.678060,0.678000,0.678030
1464743220,0.678030,0.678030,0.678010,0.678030
1464743280,0.678010,0.678010,0.677940,0.677980
1464743340,0.677980,0.678150,0.677970,0.678150
1464743400,0.678160,0.678350,0.678160,0.678260
1464743460,0.678240,0.678240,0.678230,0.678230
1464743520,0.678230,0.678230,0.678040,0.678040
1464743580,0.678020,0.678240,0.677890,0.678240
1464743640,0.678240,0.678870,0.678240,0.678620
1464743700,0.678590,0.678710,0.678500,0.678510
1464743760,0.678490,0.678680,0.678460,0.678520
1464743820,0.678500,0.678560,0.678320,0.678550
1464743880,0.678600,0.679130,0.678600,0.679070
1464743940,0.679080,0.679410,0.679030,0.679060
1464744000,0.679070,0.679540,0.679070,0.679400
1464744060,0.679390,0.679400,0.678730,0.679100
1464744120,0.679110,0.679120,0.679000,0.679060
1464744180,0.679040,0.679430,0.679010,0.679430
1464744240,0.679420,0.679460,0.679180,0.679180
1464744300,0.679160,0.679200,0.679070,0.679170
1464744360,0.679170,0.679180,0.679010,0.679060
1464744420,0.679060,0.679100,0.679060,0.679100
1464744480,0.679120,0.679310,0.679120,0.679200
1464744540,0.679200,0.679390,0.679200,0.679230
1464744600,0.679200,0.681330,0.679070,0.680680
1464744660,0.680680,0.680820,0.680230,0.680730
1464744720,0.680740,0.680780,0.680110,0.680140
1464744780,0.680150,0.680160,0.679790,0.680090
1464744840,0.680100,0.680550,0.679610,0.679640
1464744900,0.679650,0.680020,0.679490,0.679800
1464744960,0.679800,0.679900,0.679540,0.679540
1464745020,0.679560,0.679640,0.679460,0.679590
1464745080,0.679600,0.679640,0.679460,0.679460
1464745140,0.679480,0.679700,0.679430,0.679550
1464745200,0.679550,0.679990,0.679520,0.679990
1464745260,0.679950,0.679950,0.679630,0.679630
1464745320,0.679610,0.679620,0.679280,0.679280
1464745380,0.679230,0.679510,0.679100,0.679500
1464745440,0.679490,0.679760,0.679420,0.679750
1464745500,0.679730,0.679730,0.679310,0.679350
1464745560,0.679350,0.679560,0.679310,0.679470
1464745620,0.679490,0.679880,0.679490,0.679820
1464745680,0.679820,0.679850,0.679350,0.679700
1464745740,0.679710,0.680170,0.679470,0.679470
1464745800,0.679480,0.679520,0.679360,0.679520
1464745860,0.679520,0.679560,0.679380,0.679410
1464745920,0.679400,0.679400,0.679090,0.679090
1464745980,0.679100,0.679150,0.678860,0.678920
1464746040,0.678910,0.679380,0.678840,0.678880
1464746100,0.678900,0.679290,0.678710,0.679290
1464746160,0.679280,0.679360,0.679250,0.679250
1464746220,0.679230,0.679510,0.679230,0.679350
1464746280,0.679360,0.679550,0.679360,0.679510
1464746340,0.679490,0.679590,0.679400,0.679510
1464746400,0.679500,0.679940,0.679450,0.679880
1464746460,0.679880,0.680030,0.679640,0.679680
1464746520,0.679670,0.679780,0.679650,0.679690
1464746580,0.679670,0.679780,0.679660,0.679740
1464746640,0.679730,0.679770,0.679660,0.679750
1464746700,0.679750,0.679910,0.679710,0.679890
1464746760,0.679910,0.679930,0.679900,0.679930
1464746820,0.679960,0.680230,0.679960,0.680230
1464746880,0.680210,0.680350,0.680100,0.680210
1464746940,0.680220,0.680410,0.680150,0.680400
1464747000,0.680410,0.680530,0.680270,0.680520
1464747060,0.680510,0.680690,0.680510,0.680650
1464747120,0.680660,0.680770,0.680350,0.680360
1464747180,0.680370,0.680660,0.680260,0.680560
1464747240,0.680570,0.680580,0.680480,0.680480
1464747300,0.680480,0.680480,0.680220,0.680320
1464747360,0.680320,0.680470,0.680290,0.680460
1464747420,0.680460,0.680510,0.680350,0.680370
1464747480,0.680360,0.680360,0.680280,0.680310
1464747540,0.680310,0.680310,0.679850,0.679870
1464747600,0.679880,0.679890,0.679510,0.679630
1464747660,0.679620,0.679720,0.679430,0.679450
1464747720,0.679450,0.679580,0.679220,0.679220
1464747780,0.679250,0.679360,0.679110,0.679350
1464747840,0.679350,0.679500,0.679060,0.679060
1464747900,0.678990,0.679170,0.678950,0.679040
1464747960,0.679040,0.679040,0.678820,0.678820
1464748020,0.678820,0.679040,0.678820,0.678930
1464748080,0.678930,0.678950,0.678910,0.678950
1464748140,0.678940,0.679050,0.678870,0.679050
1464748200,0.679060,0.679150,0.679030,0.679130
1464748260,0.679130,0.679130,0.678980,0.678980
1464748320,0.678990,0.679000,0.678980,0.678980
1464748380,0.679000,0.679190,0.679000,0.679140
1464748440,0.679140,0.679140,0.678830,0.678830
1464748500,0.678840,0.678870,0.678800,0.678830
1464748560,0.678850,0.678930,0.678850,0.678880
1464748620,0.678900,0.679040,0.678890,0.679040
1464748680,0.679040,0.679040,0.679040,0.679040
1464748740,0.679060,0.679200,0.679040,0.679200
1464748800,0.679200,0.679200,0.679120,0.679120
1464748860,0.679130,0.679140,0.679040,0.679070
1464748920,0.679030,0.679030,0.678940,0.678950
1464748980,0.678950,0.678950,0.678920,0.678950
1464749040,0.678950,0.678950,0.678590,0.678630
1464749100,0.678620,0.678630,0.678450,0.678490
1464749160,0.678510,0.678720,0.678470,0.678540
1464749220,0.678550,0.678640,0.678450,0.678560
1464749280,0.678540,0.678610,0.678440,0.678530
1464749340,0.678550,0.678620,0.678430,0.678500
1464749400,0.678500,0.678550,0.678430,0.678540
1464749460,0.678540,0.678590,0.678480,0.678510
1464749520,0.678520,0.678520,0.678250,0.678370
1464749580,0.678370,0.678370,0.678270,0.678360
1464749640,0.678360,0.678440,0.678290,0.678400
1464749700,0.678430,0.678440,0.678280,0.678330
1464749760,0.678330,0.678330,0.678270,0.678270
1464749820,0.678270,0.678330,0.678190,0.678230
1464749880,0.678210,0.678350,0.678150,0.678300
1464749940,0.678320,0.678610,0.678320,0.678590
1464750000,0.678540,0.678540,0.678490,0.678540
1464750060,0.678530,0.678550,0.678520,0.678550
1464750120,0.678540,0.678760,0.678540,0.678720
1464750180,0.678690,0.678690,0.678620,0.678660
1464750240,0.678650,0.678650,0.678580,0.678580
1464750300,0.678580,0.678580,0.678500,0.678510
1464750360,0.678520,0.678680,0.678510,0.678620
1464750420,0.678630,0.678650,0.678610,0.678610
1464750480,0.678610,0.678770,0.678610,0.678640
1464750540,0.678640,0.678640,0.678290,0.678370
1464750600,0.678390,0.678480,0.678390,0.678420
1464750660,0.678430,0.678450,0.678400,0.678410
1464750720,0.678420,0.678460,0.678380,0.678400
1464750780,0.678410,0.678550,0.678400,0.678450
1464750840,0.678440,0.678460,0.678360,0.678450
1464750900,0.678460,0.678550,0.678430,0.678520
1464750960,0.678530,0.678650,0.678530,0.678620
1464751020,0.678610,0.678780,0.678580,0.678780
1464751080,0.678760,0.678800,0.678700,0.678790
1464751140,0.678780,0.678840,0.678650,0.678800
1464751200,0.678800,0.679000,0.678760,0.679000
1464751260,0.679040,0.679040,0.678940,0.678950
1464751320,0.678950,0.678950,0.678760,0.678820
1464751380,0.678830,0.678950,0.678810,0.678920
1464751440,0.678910,0.678930,0.678810,0.678920
1464751500,0.678930,0.678940,0.678850,0.678940
1464751560,0.678920,0.678920,0.678800,0.678880
1464751620,0.678860,0.678890,0.678830,0.678850
1464751680,0.678860,0.678910,0.678860,0.678880
1464751740,0.678880,0.678880,0.678840,0.678850
1464751800,0.678870,0.678900,0.678840,0.678870
1464751860,0.678870,0.678910,0.678870,0.678890
1464751920,0.678900,0.678910,0.678860,0.678900
1464751980,0.678920,0.679010,0.678920,0.679010
1464752040,0.679010,0.679010,0.678810,0.678810
1464752100,0.678800,0.678810,0.678740,0.678740
1464752160,0.678750,0.678780,0.678720,0.678730
1464752220,0.678660,0.678700,0.678610,0.678620
1464752280,0.678650,0.678700,0.678620,0.678650
1464752340,0.678650,0.678720,0.678570,0.678640
1464752400,0.678660,0.678690,0.678550,0.678560
1464752460,0.678610,0.678610,0.678180,0.678390
1464752520,0.678390,0.678400,0.678310,0.678380
1464752580,0.678380,0.678380,0.678300,0.678380
1464752640,0.678390,0.678440,0.678360,0.678400
1464752700,0.678390,0.678420,0.678340,0.678410
1464752760,0.678410,0.678590,0.678410,0.678500
1464752820,0.678480,0.678490,0.678280,0.678300
1464752880,0.678300,0.678440,0.678260,0.678420
1464752940,0.678420,0.678440,0.678410,0.678440
1464753000,0.678440,0.678440,0.678440,0.678440
1464753060,0.678450,0.678640,0.678450,0.678620
1464753120,0.678630,0.678670,0.678610,0.678660
1464753180,0.678650,0.678810,0.678650,0.678740
1464753240,0.678740,0.678820,0.678710,0.678800
1464753300,0.678800,0.678800,0.678710,0.678720
1464753360,0.678710,0.678870,0.678710,0.678860
1464753420,0.678880,0.679170,0.678880,0.678950
1464753480,0.678960,0.678990,0.678950,0.678970
1464753540,0.678980,0.679240,0.678980,0.679160
