time,open,high,low,close
1234414860,1.291200,1.291200,1.291000,1.291100
1234414920,1.291300,1.291300,1.291200,1.291200
1234415040,1.291100,1.291200,1.291100,1.291100
1234415100,1.291000,1.291100,1.290900,1.291000
1234415220,1.291100,1.291100,1.291000,1.291000
1234415280,1.291100,1.291700,1.291100,1.291700
1234415340,1.291800,1.291900,1.291600,1.291600
1234415400,1.291700,1.291800,1.291500,1.291500
1234415460,1.291200,1.291600,1.291000,1.291600
1234415520,1.291500,1.291500,1.291500,1.291500
1234415580,1.291400,1.291400,1.291200,1.291400
1234415700,1.291500,1.291700,1.291500,1.291700
1234415760,1.291800,1.292100,1.291600,1.291700
1234415820,1.291900,1.291900,1.290900,1.290900
1234415880,1.290800,1.291100,1.290000,1.290300
1234415940,1.290400,1.290900,1.290400,1.290900
1234416000,1.291200,1.291200,1.290700,1.290900
1234416060,1.290800,1.290900,1.290600,1.290700
1234416120,1.290800,1.290900,1.290800,1.290900
1234416180,1.290800,1.291300,1.290800,1.291100
1234416240,1.291000,1.291200,1.290800,1.290900
1234416300,1.290800,1.291000,1.290400,1.290500
1234416360,1.290600,1.290600,1.290000,1.290200
1234416420,1.290100,1.290300,1.290100,1.290200
1234416480,1.290100,1.290200,1.290100,1.290200
1234416540,1.290100,1.290200,1.290100,1.290200
1234416600,1.290100,1.290400,1.290100,1.290300
1234416660,1.290400,1.290800,1.290400,1.290400
1234416720,1.290300,1.290300,1.290300,1.290300
1234416780,1.290400,1.290500,1.290400,1.290500
1234416840,1.290400,1.290400,1.290300,1.290300
1234416960,1.290400,1.290800,1.290400,1.290600
1234417020,1.290500,1.290600,1.290500,1.290600
1234417080,1.290700,1.291000,1.290700,1.290900
1234417140,1.290800,1.291200,1.290800,1.291100
1234417200,1.291200,1.291200,1.291100,1.291100
1234417260,1.291000,1.291400,1.291000,1.291400
1234417320,1.291300,1.291300,1.291300,1.291300
1234417380,1.291200,1.291200,1.291000,1.291000
1234417440,1.291100,1.291100,1.291100,1.291100
1234417500,1.291000,1.291100,1.290700,1.290700
1234417560,1.290600,1.290600,1.290500,1.290500
1234417620,1.290400,1.290800,1.290400,1.290700
1234417680,1.290800,1.291400,1.290800,1.291100
1234417740,1.291200,1.291200,1.290700,1.291000
1234417860,1.291100,1.291100,1.290900,1.290900
1234417920,1.291000,1.291000,1.290800,1.291000
1234417980,1.290900,1.290900,1.290900,1.290900
1234418100,1.290800,1.290900,1.290800,1.290900
1234418220,1.291000,1.291100,1.291000,1.291000
1234418280,1.290900,1.291000,1.290800,1.290900
1234418400,1.290800,1.290800,1.290300,1.290400
1234418460,1.290500,1.290500,1.289900,1.289900
1234418520,1.289800,1.290100,1.289700,1.290000
1234418580,1.289900,1.290000,1.289900,1.289900
1234418640,1.290000,1.290200,1.289900,1.290200
1234418700,1.290300,1.290300,1.290200,1.290200
1234418760,1.290300,1.290400,1.290300,1.290400
1234418820,1.290200,1.290200,1.290000,1.290000
1234418880,1.289900,1.290200,1.289800,1.290100
1234418940,1.290300,1.291000,1.290300,1.291000
1234419000,1.291100,1.291200,1.290700,1.290800
1234419060,1.290900,1.291000,1.290900,1.290900
1234419120,1.291000,1.291100,1.291000,1.291100
1234419180,1.291000,1.291000,1.290900,1.291000
1234419240,1.290900,1.291000,1.290800,1.290900
1234419300,1.290800,1.291100,1.290800,1.291100
1234419360,1.291000,1.291400,1.291000,1.291400
1234419420,1.291500,1.291900,1.291500,1.291700
1234419480,1.291600,1.291700,1.291300,1.291400
1234419540,1.291300,1.291400,1.291200,1.291200
1234419600,1.291300,1.291400,1.291200,1.291200
1234419660,1.291100,1.291200,1.290600,1.290700
1234419720,1.290600,1.290700,1.290500,1.290500
1234419780,1.290600,1.291300,1.290600,1.291000
1234419840,1.290800,1.290900,1.290800,1.290900
1234419900,1.291000,1.291100,1.290900,1.291000
1234419960,1.291100,1.291100,1.290900,1.291000
1234420020,1.290900,1.291000,1.290900,1.291000
1234420080,1.290900,1.290900,1.290700,1.290800
1234420140,1.290700,1.291000,1.290700,1.290900
1234420200,1.290800,1.290800,1.290600,1.290600
1234420260,1.290700,1.290700,1.290600,1.290700
1234420320,1.290800,1.290800,1.290700,1.290700
1234420380,1.290800,1.290800,1.290400,1.290500
1234420440,1.290400,1.290500,1.290400,1.290500
1234420500,1.290400,1.290400,1.290100,1.290100
1234420560,1.290200,1.290200,1.290200,1.290200
1234420620,1.290300,1.290600,1.290300,1.290400
1234420680,1.290500,1.290600,1.290400,1.290600
1234420740,1.290700,1.290700,1.290600,1.290600
1234420800,1.290700,1.290700,1.290600,1.290700
1234420860,1.290800,1.290900,1.290700,1.290800
1234420920,1.290900,1.291100,1.290800,1.290900
1234420980,1.291000,1.291100,1.291000,1.291100
1234421040,1.291000,1.291000,1.290800,1.290900
1234421100,1.291000,1.291000,1.290900,1.290900
1234421220,1.290800,1.290900,1.290700,1.290800
1234421280,1.290700,1.290800,1.290700,1.290800
1234421340,1.290900,1.291000,1.290900,1.291000
1234421400,1.290900,1.291100,1.290900,1.291000
1234421460,1.291100,1.291100,1.291000,1.291000
1234421580,1.291100,1.291200,1.291100,1.291100
1234421640,1.291200,1.291500,1.291100,1.291400
1234421700,1.291500,1.291600,1.291400,1.291500
1234421760,1.291400,1.291500,1.291400,1.291500
1234421820,1.291600,1.291800,1.291500,1.291700
1234421880,1.291800,1.292000,1.291700,1.291800
1234421940,1.291700,1.291800,1.291500,1.291500
1234422000,1.291400,1.291800,1.291400,1.291700
1234422060,1.291600,1.291700,1.291200,1.291300
1234422120,1.291200,1.291700,1.291200,1.291700
1234422180,1.291600,1.292100,1.291600,1.292100
1234422240,1.292200,1.292600,1.292200,1.292600
1234422300,1.292500,1.292600,1.292100,1.292200
1234422360,1.292300,1.292400,1.292300,1.292400
1234422420,1.292300,1.292400,1.292100,1.292300
1234422480,1.292200,1.292400,1.292100,1.292200
1234422540,1.292400,1.293100,1.292300,1.293100
1234422600,1.293200,1.293600,1.293200,1.293500
1234422660,1.293400,1.293400,1.292500,1.292900
1234422720,1.293000,1.293000,1.292900,1.292900
1234422780,1.293000,1.293200,1.292900,1.293200
1234422840,1.293100,1.293200,1.292800,1.292800
1234422900,1.292900,1.293800,1.292900,1.293800
1234422960,1.293700,1.293900,1.293500,1.293600
1234423020,1.293700,1.293700,1.293500,1.293500
1234423080,1.293400,1.293400,1.293300,1.293300
1234423140,1.293400,1.293400,1.292800,1.292900
1234423200,1.292800,1.293000,1.292700,1.293000
1234423260,1.293100,1.293400,1.293100,1.293400
1234423320,1.293300,1.293300,1.292600,1.292700
1234423380,1.292800,1.293100,1.292700,1.293100
1234423440,1.293000,1.293100,1.292800,1.292900
1234423500,1.292800,1.293200,1.292700,1.292700
1234423560,1.292600,1.292700,1.292300,1.292500
1234423620,1.292600,1.292900,1.292600,1.292900
1234423680,1.293000,1.293000,1.292400,1.292600
1234423740,1.292700,1.292900,1.292600,1.292900
1234423800,1.292800,1.292800,1.292400,1.292400
1234423860,1.292500,1.293100,1.292400,1.293100
1234423920,1.293200,1.293300,1.292700,1.292700
1234423980,1.292900,1.292900,1.292700,1.292800
1234424040,1.292700,1.292700,1.292500,1.292500
1234424100,1.292400,1.292500,1.292000,1.292100
1234424160,1.292300,1.292400,1.292200,1.292300
1234424220,1.292200,1.292500,1.292100,1.292400
1234424280,1.292300,1.292400,1.292300,1.292400
1234424340,1.292500,1.292500,1.292200,1.292200
1234424400,1.292100,1.292300,1.292100,1.292300
1234424460,1.292200,1.292400,1.292000,1.292100
1234424520,1.292200,1.292500,1.292100,1.292400
1234424580,1.292500,1.292500,1.292200,1.292200
1234424640,1.292300,1.292400,1.291900,1.292100
1234424700,1.292000,1.292000,1.291800,1.291900
1234424760,1.292000,1.292200,1.292000,1.292200
1234424820,1.292300,1.292700,1.292300,1.292600
1234424880,1.292700,1.292700,1.292400,1.292400
1234424940,1.292500,1.292500,1.292400,1.292500
1234425000,1.292400,1.292500,1.292300,1.292400
1234425060,1.292500,1.293000,1.292500,1.293000
1234425120,1.292900,1.293400,1.292900,1.293200
1234425180,1.293300,1.293500,1.293200,1.293400
1234425240,1.293500,1.293500,1.293100,1.293300
1234425300,1.293200,1.293300,1.292800,1.292900
1234425360,1.293000,1.293200,1.292900,1.293100
1234425420,1.293200,1.294100,1.293100,1.294100
1234425480,1.294000,1.294100,1.293600,1.293600
1234425540,1.293700,1.293800,1.293500,1.293700
1234425600,1.293800,1.294000,1.293800,1.293900
1234425660,1.293800,1.293800,1.293000,1.293100
1234425720,1.293000,1.293000,1.292700,1.292900
1234425780,1.293000,1.293200,1.292800,1.293200
1234425840,1.293300,1.293800,1.293300,1.293300
1234425900,1.293200,1.293200,1.293000,1.293000
1234425960,1.292900,1.293000,1.292500,1.292700
1234426020,1.292800,1.293400,1.292800,1.293400
1234426080,1.293300,1.293300,1.292400,1.292500
1234426140,1.292600,1.292600,1.292000,1.292300
1234426200,1.292200,1.292400,1.292100,1.292400
1234426260,1.292500,1.292700,1.292000,1.292000
1234426320,1.291900,1.291900,1.290900,1.291100
1234426380,1.291000,1.291400,1.290900,1.291200
1234426440,1.291300,1.291400,1.291000,1.291200
1234426500,1.291100,1.291300,1.290500,1.290500
1234426560,1.290400,1.290400,1.289600,1.289600
1234426620,1.289400,1.290300,1.289400,1.290300
1234426680,1.290400,1.290600,1.290200,1.290200
1234426740,1.290300,1.290300,1.289700,1.290000
1234426800,1.289900,1.290000,1.289900,1.290000
1234426860,1.290100,1.290100,1.290000,1.290100
1234426920,1.290000,1.290000,1.289100,1.289300
1234426980,1.289200,1.289200,1.288200,1.288300
1234427040,1.288400,1.288900,1.288400,1.288800
1234427100,1.288700,1.288800,1.288400,1.288700
1234427160,1.288800,1.289100,1.288400,1.289100
1234427220,1.289000,1.289300,1.288700,1.288900
1234427280,1.288800,1.288800,1.288000,1.288000
1234427340,1.288100,1.288600,1.287900,1.288600
1234427400,1.288700,1.289200,1.288500,1.288500
1234427460,1.288600,1.288600,1.288300,1.288600
1234427520,1.288500,1.289100,1.288500,1.289100
1234427580,1.289000,1.289100,1.288700,1.288700
1234427640,1.288800,1.288900,1.288600,1.288700
1234427700,1.288600,1.288600,1.287800,1.288300
1234427760,1.288200,1.288200,1.286400,1.286400
1234427820,1.286500,1.287200,1.286400,1.287200
1234427880,1.287300,1.287700,1.287300,1.287300
1234427940,1.287400,1.287600,1.287100,1.287100
1234428000,1.287000,1.287000,1.286000,1.286400
1234428060,1.286300,1.286400,1.285600,1.286300
1234428120,1.286400,1.286900,1.286300,1.286600
1234428180,1.286500,1.286600,1.285900,1.285900
1234428240,1.285800,1.285900,1.285400,1.285600
1234428300,1.285500,1.285500,1.285000,1.285200
1234428360,1.285100,1.285700,1.285100,1.285600
1234428420,1.285700,1.285900,1.285700,1.285900
1234428480,1.286000,1.286200,1.286000,1.286100
1234428540,1.286200,1.286200,1.285900,1.286000
1234428600,1.285900,1.286200,1.285700,1.286200
1234428660,1.286300,1.286300,1.285800,1.285800
1234428720,1.285900,1.285900,1.285600,1.285700
1234428780,1.285600,1.285600,1.284600,1.284900
1234428840,1.285000,1.285000,1.284000,1.284100
1234428900,1.284200,1.284900,1.284200,1.284800
1234428960,1.284700,1.284800,1.284300,1.284400
1234429020,1.284500,1.284500,1.283500,1.284300
1234429080,1.284400,1.285000,1.284400,1.285000
1234429140,1.284900,1.285500,1.284900,1.285400
1234429200,1.285500,1.285500,1.284900,1.285000
1234429260,1.284900,1.284900,1.284500,1.284600
1234429320,1.284500,1.284500,1.282500,1.282600
1234429380,1.282700,1.282900,1.282500,1.282600
1234429440,1.282700,1.282800,1.282100,1.282800
1234429500,1.282900,1.283500,1.282900,1.283300
1234429560,1.283400,1.284300,1.283300,1.283900
1234429620,1.283800,1.284500,1.283700,1.284200
1234429680,1.284100,1.285100,1.283900,1.285100
1234429740,1.285000,1.285300,1.284800,1.284900
1234429800,1.284800,1.285200,1.284000,1.284300
1234429860,1.284400,1.284800,1.284400,1.284800
1234429920,1.285000,1.285600,1.284800,1.285500
1234429980,1.285300,1.285600,1.285200,1.285500
1234430040,1.285400,1.285600,1.285000,1.285400
1234430100,1.285600,1.286100,1.285500,1.285600
1234430160,1.285700,1.286100,1.285600,1.286100
1234430220,1.286000,1.286000,1.284800,1.285000
1234430280,1.284900,1.285100,1.284300,1.284300
1234430340,1.284400,1.285100,1.284200,1.284900
1234430400,1.284800,1.285600,1.284800,1.285400
1234430460,1.285300,1.286000,1.285300,1.286000
1234430520,1.285900,1.286000,1.285800,1.285900
1234430580,1.285800,1.285800,1.285500,1.285600
1234430640,1.285500,1.285700,1.285500,1.285700
1234430700,1.285600,1.286000,1.285600,1.286000
1234430760,1.286100,1.286500,1.286100,1.286400
1234430820,1.286300,1.286400,1.285800,1.285900
1234430880,1.285800,1.285900,1.285800,1.285800
1234430940,1.285700,1.286300,1.285700,1.286300
1234431000,1.286400,1.286500,1.285800,1.285800
1234431060,1.285700,1.286200,1.285700,1.286100
1234431120,1.286000,1.286200,1.285900,1.286100
1234431180,1.286200,1.286300,1.286100,1.286100
1234431240,1.286200,1.286200,1.285600,1.285600
1234431300,1.285300,1.285900,1.285300,1.285800
1234431360,1.285900,1.286000,1.285800,1.286000
1234431420,1.285900,1.286300,1.285600,1.286300
1234431480,1.286500,1.286800,1.286100,1.286200
1234431540,1.286300,1.286700,1.286300,1.286500
1234431600,1.286600,1.286700,1.286400,1.286400
1234431660,1.286300,1.286700,1.286300,1.286600
1234431720,1.286700,1.287000,1.286500,1.286800
1234431780,1.286700,1.287100,1.286600,1.286900
1234431840,1.286800,1.286800,1.286400,1.286400
1234431900,1.286500,1.286800,1.286400,1.286700
1234431960,1.286500,1.286600,1.286000,1.286200
1234432020,1.286300,1.286700,1.286300,1.286500
1234432080,1.286400,1.286600,1.286400,1.286600
1234432140,1.286500,1.286800,1.286400,1.286800
1234432200,1.286700,1.286700,1.286100,1.286300
1234432260,1.286400,1.286400,1.286100,1.286400
1234432320,1.286300,1.286700,1.286300,1.286700
1234432380,1.286800,1.286900,1.286400,1.286500
1234432440,1.286400,1.286400,1.286000,1.286000
1234432500,1.285900,1.286100,1.285900,1.286100
1234432560,1.286300,1.286400,1.286000,1.286100
1234432620,1.286200,1.286500,1.286000,1.286100
1234432680,1.286000,1.286000,1.285500,1.285800
1234432740,1.285700,1.285800,1.285500,1.285700
1234432800,1.285600,1.285700,1.284800,1.284900
1234432860,1.284800,1.285000,1.284100,1.284400
1234432920,1.284500,1.284700,1.284400,1.284500
1234432980,1.284600,1.285100,1.284600,1.284900
1234433040,1.285000,1.285700,1.285000,1.285700
1234433100,1.285600,1.286100,1.285600,1.285800
1234433160,1.285700,1.286000,1.285600,1.286000
1234433220,1.285900,1.285900,1.285600,1.285800
1234433280,1.285700,1.286400,1.285600,1.286300
1234433340,1.286200,1.286200,1.285800,1.286100
1234433400,1.286000,1.286100,1.285200,1.285200
1234433460,1.285300,1.285300,1.284400,1.284400
1234433520,1.284000,1.284000,1.282900,1.282900
1234433580,1.282800,1.282800,1.281900,1.282400
1234433640,1.282600,1.283300,1.282600,1.283300
1234433700,1.283200,1.283400,1.283100,1.283300
1234433760,1.283200,1.283700,1.283100,1.283600
1234433820,1.283500,1.283500,1.283000,1.283100
1234433880,1.283000,1.283200,1.282300,1.282300
1234433940,1.282200,1.282800,1.281900,1.282500
1234434000,1.282700,1.283100,1.282500,1.282700
1234434060,1.282600,1.283100,1.282600,1.283100
1234434120,1.283000,1.283400,1.282900,1.283200
1234434180,1.283100,1.283100,1.282500,1.282600
1234434240,1.282900,1.283600,1.282900,1.283600
1234434300,1.283700,1.284000,1.283500,1.283700
1234434360,1.283900,1.284000,1.283500,1.283500
1234434420,1.283600,1.283600,1.283000,1.283000
1234434480,1.283100,1.283100,1.282300,1.282400
1234434540,1.282500,1.282900,1.282500,1.282500
1234434600,1.282400,1.282500,1.282000,1.282400
1234434660,1.282300,1.282300,1.280800,1.280800
1234434720,1.280900,1.281500,1.280400,1.280400
1234434780,1.280300,1.281000,1.280300,1.280900
1234434840,1.280800,1.280900,1.280500,1.280800
1234434900,1.280900,1.280900,1.280700,1.280900
1234434960,1.280800,1.281400,1.280800,1.281300
1234435020,1.281400,1.281600,1.281000,1.281300
1234435080,1.281400,1.281600,1.280800,1.280900
1234435140,1.280800,1.280900,1.280600,1.280700
1234435200,1.280600,1.280900,1.279800,1.280600
1234435260,1.280500,1.281500,1.280500,1.281100
1234435320,1.281200,1.281900,1.281200,1.281800
1234435380,1.281900,1.282200,1.281700,1.282000
1234435440,1.281900,1.281900,1.281800,1.281800
1234435500,1.281900,1.282300,1.281800,1.281900
1234435560,1.281800,1.281800,1.281200,1.281300
1234435620,1.281200,1.281500,1.281200,1.281500
1234435680,1.281400,1.281400,1.281100,1.281100
1234435740,1.281000,1.282100,1.281000,1.281900
1234435800,1.281800,1.282000,1.281800,1.281800
1234435860,1.281700,1.282600,1.281700,1.282600
1234435920,1.282800,1.282800,1.282300,1.282500
1234435980,1.282400,1.282400,1.282100,1.282200
1234436040,1.282300,1.282900,1.282300,1.282900
1234436100,1.283000,1.283000,1.282700,1.282800
1234436160,1.282700,1.282900,1.282700,1.282800
1234436220,1.282700,1.282800,1.282100,1.282200
1234436280,1.282100,1.282400,1.282100,1.282400
1234436340,1.282500,1.282600,1.282500,1.282600
1234436400,1.282800,1.283400,1.282800,1.282900
1234436460,1.283000,1.283800,1.283000,1.283400
1234436520,1.283500,1.283600,1.283200,1.283300
1234436580,1.283400,1.283400,1.283200,1.283300
1234436640,1.283200,1.283300,1.282900,1.282900
1234436700,1.283000,1.283000,1.282700,1.282800
1234436760,1.282700,1.282700,1.282200,1.282700
1234436820,1.282800,1.282800,1.282500,1.282700
1234436880,1.282600,1.283300,1.282500,1.283100
1234436940,1.283200,1.283300,1.282800,1.282900
1234437000,1.282800,1.283200,1.282600,1.283200
1234437060,1.283100,1.283100,1.282800,1.283000
1234437120,1.282900,1.282900,1.282700,1.282800
1234437180,1.282700,1.282700,1.282000,1.282600
1234437240,1.282700,1.282900,1.282000,1.282000
1234437300,1.282100,1.282200,1.281600,1.281600
1234437360,1.281800,1.282600,1.281800,1.282500
1234437420,1.282300,1.283100,1.282300,1.283100
1234437480,1.283200,1.283700,1.283100,1.283500
1234437540,1.283400,1.283800,1.283400,1.283700
1234437600,1.283600,1.283800,1.283400,1.283600
1234437660,1.283500,1.284100,1.283500,1.284000
1234437720,1.283900,1.283900,1.283400,1.283400
1234437780,1.283500,1.283500,1.283300,1.283300
1234437840,1.283200,1.283800,1.283200,1.283700
1234437900,1.283800,1.284200,1.283800,1.284000
1234437960,1.284100,1.284100,1.283700,1.284000
1234438020,1.284100,1.284500,1.284100,1.284200
1234438080,1.284100,1.284200,1.283900,1.284100
1234438140,1.284000,1.284100,1.283700,1.283700
1234438200,1.283800,1.283800,1.283400,1.283500
1234438260,1.283600,1.283700,1.283500,1.283600
1234438320,1.283500,1.283500,1.283300,1.283500
1234438380,1.283400,1.283900,1.283400,1.283600
1234438440,1.283500,1.283900,1.283500,1.283700
1234438500,1.283800,1.283900,1.283800,1.283900
1234438560,1.284000,1.284000,1.283600,1.283600
1234438620,1.283700,1.283700,1.283600,1.283700
1234438680,1.283600,1.283700,1.283600,1.283700
1234438740,1.283600,1.283700,1.283600,1.283700
1234438800,1.283800,1.283900,1.283700,1.283900
1234438860,1.283800,1.283800,1.283300,1.283300
1234438920,1.283400,1.283400,1.282900,1.282900
1234438980,1.282700,1.282800,1.282100,1.282500
1234439040,1.282600,1.282700,1.282500,1.282700
1234439100,1.282800,1.283300,1.282800,1.283300
1234439160,1.283200,1.283200,1.282900,1.282900
1234439220,1.282800,1.282800,1.282700,1.282700
1234439280,1.282600,1.282700,1.282400,1.282400
1234439340,1.282200,1.283000,1.282200,1.283000
1234439400,1.282900,1.282900,1.282800,1.282900
1234439460,1.283000,1.283200,1.282900,1.283200
1234439520,1.283300,1.283500,1.283200,1.283400
1234439580,1.283300,1.283700,1.283300,1.283600
1234439640,1.283500,1.283700,1.283500,1.283600
1234439700,1.283500,1.283600,1.283200,1.283300
1234439760,1.283200,1.283300,1.283000,1.283100
1234439820,1.283000,1.283200,1.283000,1.283000
1234439880,1.282900,1.283100,1.282900,1.283100
1234439940,1.283000,1.283000,1.282600,1.282600
1234440000,1.282500,1.283000,1.282500,1.282700
1234440060,1.282800,1.282800,1.282400,1.282400
1234440120,1.282300,1.282500,1.282300,1.282300
1234440180,1.282200,1.282500,1.282200,1.282500
1234440240,1.282300,1.283000,1.282000,1.282900
1234440300,1.283000,1.283700,1.282800,1.283700
1234440360,1.283600,1.283700,1.283300,1.283500
1234440420,1.283400,1.284000,1.283400,1.284000
1234440480,1.283800,1.283900,1.283800,1.283800
1234440540,1.283900,1.284400,1.283900,1.284300
1234440600,1.284200,1.284200,1.283900,1.284200
1234440660,1.284100,1.284400,1.284100,1.284300
1234440720,1.284400,1.285300,1.284400,1.285000
1234440780,1.284900,1.285300,1.284600,1.285200
1234440840,1.285300,1.285400,1.285000,1.285000
1234440900,1.285100,1.285100,1.284900,1.285000
1234440960,1.284900,1.285000,1.284600,1.284800
1234441020,1.284700,1.284800,1.284500,1.284500
1234441080,1.284400,1.284800,1.284400,1.284500
1234441140,1.284600,1.284900,1.284600,1.284900
1234441200,1.284800,1.284800,1.284600,1.284700
1234441260,1.284800,1.284800,1.284700,1.284700
1234441320,1.284800,1.285500,1.284700,1.285400
1234441380,1.285500,1.286000,1.285400,1.285800
1234441440,1.285700,1.285800,1.285600,1.285700
1234441500,1.285800,1.285900,1.285400,1.285900
1234441560,1.285800,1.285900,1.285800,1.285900
1234441620,1.285800,1.285900,1.285800,1.285800
1234441680,1.285900,1.286000,1.285800,1.285900
1234441740,1.285800,1.286300,1.285800,1.286300
1234441800,1.286400,1.286500,1.286100,1.286500
1234441860,1.286600,1.287100,1.286500,1.286600
1234441920,1.286500,1.286600,1.286100,1.286200
1234441980,1.286100,1.286400,1.286100,1.286100
1234442040,1.286000,1.286000,1.285700,1.286000
1234442100,1.285900,1.285900,1.285000,1.285200
1234442160,1.285300,1.285700,1.285200,1.285700
1234442220,1.285500,1.285500,1.285100,1.285100
1234442280,1.285000,1.285000,1.284700,1.285000
1234442340,1.285200,1.285400,1.285000,1.285000
1234442400,1.284900,1.284900,1.284800,1.284800
1234442460,1.284700,1.284700,1.284100,1.284300
1234442520,1.284200,1.284700,1.284200,1.284600
1234442580,1.284500,1.284700,1.284500,1.284500
1234442640,1.284400,1.284400,1.284100,1.284400
1234442700,1.284300,1.284700,1.284300,1.284400
1234442760,1.284500,1.284600,1.284400,1.284600
1234442820,1.284700,1.284800,1.284300,1.284300
1234442880,1.284200,1.284300,1.283800,1.283800
1234442940,1.283700,1.284000,1.283600,1.284000
1234443000,1.283800,1.284000,1.283600,1.283800
1234443060,1.283700,1.283900,1.283700,1.283900
1234443120,1.284000,1.284000,1.283800,1.283900
1234443180,1.283800,1.284200,1.283800,1.284100
1234443240,1.284000,1.284200,1.283600,1.283700
1234443300,1.283600,1.283700,1.283300,1.283600
1234443360,1.283500,1.283900,1.283500,1.283600
1234443420,1.283700,1.283700,1.283100,1.283300
1234443480,1.283200,1.283600,1.283100,1.283400
1234443540,1.283300,1.283400,1.283100,1.283400
1234443600,1.283300,1.283700,1.283100,1.283700
1234443660,1.283600,1.283900,1.282900,1.283000
1234443720,1.283200,1.283200,1.282700,1.282900
1234443780,1.282800,1.282900,1.282700,1.282800
1234443840,1.282900,1.283300,1.282800,1.283100
1234443900,1.283300,1.283400,1.283100,1.283400
1234443960,1.283500,1.283600,1.283200,1.283500
1234444020,1.283400,1.283600,1.283300,1.283500
1234444080,1.283600,1.283600,1.283300,1.283400
1234444140,1.283300,1.283500,1.282800,1.282800
1234444200,1.282900,1.283200,1.282900,1.283200
1234444260,1.283100,1.283300,1.283100,1.283100
1234444320,1.283000,1.283100,1.282600,1.282600
1234444380,1.282500,1.282800,1.282400,1.282700
1234444440,1.282800,1.283500,1.282800,1.283500
1234444500,1.283400,1.283400,1.283100,1.283300
1234444560,1.283400,1.283500,1.283300,1.283500
1234444620,1.283400,1.283400,1.282900,1.283200
1234444680,1.283300,1.283500,1.283200,1.283400
1234444740,1.283300,1.283500,1.283300,1.283400
1234444800,1.283500,1.283500,1.282700,1.282900
1234444860,1.282800,1.283400,1.282800,1.283300
1234444920,1.283400,1.283900,1.283300,1.283900
1234444980,1.283800,1.284300,1.283800,1.284300
1234445040,1.284200,1.284200,1.284000,1.284100
1234445100,1.284000,1.284100,1.283900,1.283900
1234445160,1.284000,1.284300,1.283900,1.284100
1234445220,1.284200,1.284600,1.284100,1.284400
1234445280,1.284500,1.284600,1.284300,1.284500
1234445340,1.284400,1.284500,1.284400,1.284500
1234445400,1.284900,1.286000,1.284800,1.285400
1234445460,1.285500,1.286400,1.285500,1.285900
1234445520,1.285800,1.286100,1.284600,1.285000
1234445580,1.285200,1.287700,1.285200,1.287600
1234445640,1.287700,1.288100,1.286500,1.286700
1234445700,1.286900,1.286900,1.285600,1.285600
1234445760,1.285500,1.285800,1.284800,1.285300
1234445820,1.285200,1.285600,1.285200,1.285600
1234445880,1.285700,1.286100,1.285600,1.286000
1234445940,1.286100,1.286300,1.284900,1.285100
1234446000,1.285200,1.285400,1.284100,1.284100
1234446060,1.284000,1.284400,1.283600,1.284200
1234446120,1.284300,1.285300,1.283800,1.285200
1234446180,1.285100,1.285500,1.284700,1.285200
1234446240,1.285100,1.285700,1.285000,1.285600
1234446300,1.285800,1.286000,1.285400,1.285900
1234446360,1.285800,1.287000,1.285700,1.286300
1234446420,1.286200,1.286500,1.285800,1.285800
1234446480,1.285900,1.286100,1.285600,1.285900
1234446540,1.286000,1.286100,1.285000,1.285200
1234446600,1.285300,1.285300,1.284500,1.284900
1234446660,1.285000,1.285200,1.284600,1.284800
1234446720,1.284900,1.285400,1.284800,1.285200
1234446780,1.285400,1.285900,1.285200,1.285600
1234446840,1.285500,1.285500,1.285000,1.285200
1234446900,1.285300,1.285500,1.285000,1.285100
1234446960,1.285200,1.285500,1.285200,1.285500
1234447020,1.285600,1.286000,1.285500,1.285900
1234447080,1.286000,1.286300,1.285700,1.285900
1234447140,1.285800,1.285800,1.285200,1.285400
1234447200,1.285500,1.285500,1.284100,1.284200
1234447260,1.284300,1.284500,1.283900,1.284300
1234447320,1.284400,1.284400,1.283900,1.284100
1234447380,1.284200,1.284500,1.283700,1.284400
1234447440,1.284300,1.284300,1.283200,1.283600
1234447500,1.283700,1.283700,1.283000,1.283400
1234447560,1.283300,1.283300,1.282700,1.283300
1234447620,1.283200,1.283700,1.283200,1.283300
1234447680,1.283400,1.283700,1.283300,1.283500
1234447740,1.283400,1.283400,1.282000,1.282400
1234447800,1.282300,1.282500,1.281900,1.282500
1234447860,1.282600,1.282700,1.282400,1.282700
1234447920,1.282600,1.283100,1.282600,1.282800
1234447980,1.282700,1.282800,1.281400,1.281400
1234448040,1.281300,1.281600,1.280600,1.280900
1234448100,1.281000,1.281000,1.278800,1.278800
1234448160,1.278700,1.278900,1.277900,1.278100
1234448220,1.278200,1.278700,1.278200,1.278600
1234448280,1.278500,1.278700,1.278000,1.278400
1234448340,1.278200,1.278700,1.277300,1.278300
1234448400,1.278500,1.279300,1.278400,1.279100
1234448460,1.279300,1.279300,1.278200,1.278200
1234448520,1.278100,1.278700,1.277500,1.277900
1234448580,1.277500,1.277500,1.275900,1.276500
1234448640,1.276600,1.276700,1.276300,1.276600
1234448700,1.276500,1.276600,1.275500,1.276600
1234448760,1.276500,1.276900,1.276100,1.276700
1234448820,1.276800,1.276800,1.276400,1.276500
1234448880,1.276600,1.277300,1.276400,1.277300
1234448940,1.277200,1.277500,1.277100,1.277200
1234449000,1.277100,1.277200,1.276500,1.276700
1234449060,1.276800,1.276900,1.276600,1.276600
1234449120,1.276700,1.276700,1.274400,1.274900
1234449180,1.274700,1.274700,1.273000,1.273600
1234449240,1.273800,1.274200,1.273000,1.274000
1234449300,1.274200,1.274400,1.273700,1.274300
1234449360,1.274200,1.274300,1.273700,1.274200
1234449420,1.274100,1.274900,1.274000,1.274800
1234449480,1.274700,1.275300,1.274500,1.275100
1234449540,1.275000,1.275000,1.274200,1.274200
1234449600,1.274100,1.275400,1.274000,1.275200
1234449660,1.275100,1.275400,1.274500,1.274700
1234449720,1.274600,1.274800,1.274000,1.274100
1234449780,1.274000,1.274700,1.274000,1.274200
1234449840,1.274300,1.274900,1.274100,1.274900
1234449900,1.274800,1.275400,1.274600,1.275200
1234449960,1.275300,1.275600,1.275100,1.275200
1234450020,1.275300,1.275300,1.274900,1.275100
1234450080,1.275200,1.275200,1.275000,1.275100
1234450140,1.275000,1.275400,1.274800,1.274900
1234450200,1.275000,1.275000,1.273700,1.273800
1234450260,1.273700,1.273700,1.272900,1.273400
1234450320,1.273200,1.273900,1.273200,1.273800
1234450380,1.273700,1.273800,1.272700,1.273200
1234450440,1.273100,1.274000,1.273000,1.274000
1234450500,1.273900,1.274000,1.273200,1.273400
1234450560,1.273600,1.273600,1.272400,1.272900
1234450620,1.273000,1.273900,1.272800,1.273700
1234450680,1.273600,1.273900,1.273300,1.273300
1234450740,1.273200,1.273800,1.273200,1.273600
1234450800,1.273800,1.274000,1.273500,1.273900
1234450860,1.273800,1.273800,1.273000,1.273100
1234450920,1.273000,1.274000,1.273000,1.274000
1234450980,1.274100,1.274600,1.274000,1.274600
1234451040,1.274500,1.274900,1.274500,1.274600
1234451100,1.274700,1.275100,1.274600,1.275100
1234451160,1.275000,1.275100,1.274600,1.274600
1234451220,1.274500,1.275100,1.274500,1.275100
1234451280,1.275000,1.275000,1.274100,1.274400
1234451340,1.274300,1.275300,1.274100,1.275300
1234451400,1.275500,1.275900,1.275100,1.275800
1234451460,1.275600,1.275700,1.275000,1.275200
1234451520,1.275100,1.275600,1.274900,1.275600
1234451580,1.275500,1.276300,1.275300,1.276000
1234451640,1.275800,1.276200,1.275100,1.275400
1234451700,1.275500,1.275900,1.275100,1.275100
1234451760,1.275000,1.275000,1.274700,1.274700
1234451820,1.274800,1.275100,1.274500,1.274700
1234451880,1.274800,1.275300,1.274600,1.275000
1234451940,1.275100,1.276200,1.275000,1.275900
1234452000,1.276100,1.276100,1.275400,1.275400
1234452060,1.275500,1.276200,1.275400,1.275900
1234452120,1.276100,1.276200,1.275700,1.275800
1234452180,1.275900,1.275900,1.275500,1.275800
1234452240,1.275700,1.276900,1.275700,1.276900
1234452300,1.276700,1.276800,1.275800,1.275800
1234452360,1.275600,1.276100,1.275300,1.275700
1234452420,1.275600,1.276100,1.275400,1.276000
1234452480,1.276100,1.276500,1.276000,1.276500
1234452540,1.276600,1.276600,1.276000,1.276200
1234452600,1.276100,1.276200,1.275800,1.275800
1234452660,1.275700,1.276500,1.275600,1.276200
1234452720,1.276100,1.276600,1.276000,1.276600
1234452780,1.276500,1.276600,1.276100,1.276100
1234452840,1.276000,1.276700,1.275800,1.276500
1234452900,1.276600,1.276800,1.276300,1.276700
1234452960,1.276600,1.276600,1.276000,1.276400
1234453020,1.276300,1.276300,1.275900,1.276000
1234453080,1.276200,1.276300,1.276000,1.276200
1234453140,1.276100,1.277400,1.276100,1.277200
1234453200,1.277100,1.277600,1.276800,1.277500
1234453260,1.277600,1.278600,1.277600,1.277600
1234453320,1.277500,1.277700,1.277000,1.277100
1234453380,1.277000,1.277500,1.276900,1.277500
1234453440,1.277400,1.278100,1.277300,1.278100
1234453500,1.278000,1.278500,1.277700,1.277800
1234453560,1.277700,1.277700,1.277100,1.277400
1234453620,1.277300,1.277600,1.276900,1.276900
1234453680,1.276800,1.277500,1.276800,1.277400
1234453740,1.277300,1.278100,1.277200,1.277400
1234453800,1.277500,1.278000,1.277400,1.277400
1234453860,1.277500,1.277500,1.277100,1.277200
1234453920,1.277100,1.277800,1.277100,1.277200
1234453980,1.277100,1.277900,1.277100,1.277500
1234454040,1.277400,1.278100,1.277400,1.277900
1234454100,1.277800,1.278000,1.277600,1.277700
1234454160,1.277800,1.277900,1.277200,1.277200
1234454220,1.277100,1.277400,1.276700,1.277400
1234454280,1.277500,1.277900,1.277300,1.277700
1234454340,1.277600,1.278000,1.277500,1.277800
1234454400,1.277700,1.277700,1.277400,1.277400
1234454460,1.277500,1.277500,1.277000,1.277400
1234454520,1.277600,1.277700,1.277400,1.277600
1234454580,1.277700,1.278100,1.277500,1.278100
1234454640,1.278300,1.279100,1.278300,1.278700
1234454700,1.278800,1.279200,1.278700,1.278900
1234454760,1.279000,1.279100,1.278300,1.278500
1234454820,1.278400,1.279000,1.278400,1.278900
1234454880,1.279000,1.279300,1.278800,1.279100
1234454940,1.279200,1.279800,1.278800,1.279300
1234455000,1.279400,1.279400,1.278900,1.279100
1234455060,1.279000,1.279600,1.279000,1.279300
1234455120,1.279200,1.279400,1.278900,1.279400
1234455180,1.279200,1.279600,1.279100,1.279500
1234455240,1.279400,1.279700,1.279400,1.279600
1234455300,1.279700,1.281500,1.279300,1.281500
1234455360,1.281800,1.283300,1.281600,1.281600
1234455420,1.281900,1.282500,1.281400,1.281700
1234455480,1.281900,1.282000,1.281300,1.281400
1234455540,1.281300,1.281700,1.280700,1.280900
1234455600,1.280800,1.281500,1.280500,1.281400
1234455660,1.281300,1.282200,1.281300,1.281700
1234455720,1.281600,1.281600,1.281100,1.281300
1234455780,1.281200,1.282000,1.280900,1.281700
1234455840,1.281600,1.281600,1.280900,1.281000
1234455900,1.281100,1.281400,1.281000,1.281100
1234455960,1.281200,1.282200,1.281200,1.282100
1234456020,1.282200,1.283300,1.282000,1.283200
1234456080,1.283000,1.284200,1.282900,1.283200
1234456140,1.283100,1.284500,1.283100,1.283800
1234456200,1.284000,1.284900,1.283600,1.284700
1234456260,1.284600,1.285600,1.284300,1.285400
1234456320,1.285300,1.285300,1.283600,1.283600
1234456380,1.283800,1.284300,1.283500,1.284200
1234456440,1.284300,1.284300,1.283400,1.283700
1234456500,1.283600,1.283700,1.283100,1.283500
1234456560,1.283300,1.284400,1.283300,1.284100
1234456620,1.284000,1.284300,1.283600,1.283600
1234456680,1.283500,1.283900,1.283100,1.283400
1234456740,1.283300,1.283400,1.283100,1.283200
1234456800,1.283300,1.284300,1.283200,1.284300
1234456860,1.284200,1.284200,1.283300,1.283500
1234456920,1.283400,1.284200,1.283400,1.283600
1234456980,1.284000,1.284300,1.283500,1.284200
1234457040,1.284400,1.285000,1.284200,1.284300
1234457100,1.284400,1.285500,1.284400,1.285500
1234457160,1.285400,1.285500,1.284400,1.284500
1234457220,1.284400,1.284600,1.283900,1.283900
1234457280,1.284000,1.284400,1.284000,1.284000
1234457340,1.284100,1.285000,1.284100,1.284400
1234457400,1.284300,1.284400,1.283500,1.283800
1234457460,1.283600,1.284700,1.283600,1.284600
1234457520,1.284700,1.284700,1.284100,1.284500
1234457580,1.284400,1.284600,1.284000,1.284500
1234457640,1.284600,1.284600,1.283900,1.283900
1234457700,1.284100,1.284100,1.283400,1.283800
1234457760,1.283700,1.283700,1.283300,1.283400
1234457820,1.283300,1.283500,1.283100,1.283200
1234457880,1.283100,1.283500,1.283000,1.283300
1234457940,1.283200,1.283400,1.282200,1.282300
1234458000,1.282000,1.282800,1.282000,1.282700
1234458060,1.282600,1.282900,1.282500,1.282800
1234458120,1.282900,1.283300,1.282400,1.283100
1234458180,1.283200,1.283300,1.282800,1.283200
1234458240,1.283300,1.283300,1.282700,1.283000
1234458300,1.282900,1.283300,1.282900,1.283000
1234458360,1.283100,1.283300,1.282800,1.283300
1234458420,1.283200,1.283700,1.283200,1.283600
1234458480,1.283700,1.283900,1.283500,1.283500
1234458540,1.283400,1.283800,1.283400,1.283600
1234458600,1.283700,1.283700,1.282700,1.282900
1234458660,1.282800,1.282900,1.282200,1.282600
1234458720,1.282400,1.282500,1.282100,1.282100
1234458780,1.282300,1.282400,1.282100,1.282200
1234458840,1.282100,1.282200,1.281700,1.282000
1234458900,1.282100,1.282400,1.281800,1.281900
1234458960,1.282000,1.282100,1.281800,1.282000
1234459020,1.281900,1.282400,1.281800,1.282200
1234459080,1.282300,1.282400,1.282100,1.282300
1234459140,1.282100,1.282200,1.281900,1.282000
1234459200,1.282200,1.282300,1.281800,1.281800
1234459260,1.282000,1.282000,1.281000,1.281600
1234459320,1.281700,1.282400,1.281700,1.282400
1234459380,1.282300,1.282400,1.282100,1.282300
1234459440,1.282400,1.282500,1.282200,1.282300
1234459500,1.282500,1.283100,1.282400,1.283100
1234459560,1.283000,1.284000,1.283000,1.283600
1234459620,1.283500,1.283700,1.283300,1.283500
1234459680,1.283400,1.284400,1.283400,1.284400
1234459740,1.284500,1.285100,1.284100,1.284700
1234459800,1.284800,1.284800,1.284400,1.284500
1234459860,1.284600,1.284900,1.284300,1.284400
1234459920,1.284300,1.284400,1.283900,1.283900
1234459980,1.284100,1.284100,1.283900,1.284000
1234460040,1.283900,1.283900,1.283700,1.283700
1234460100,1.283600,1.283600,1.283300,1.283300
1234460160,1.283200,1.283500,1.283000,1.283500
1234460220,1.283400,1.283700,1.283400,1.283500
1234460280,1.283600,1.283700,1.283500,1.283600
1234460340,1.283500,1.283700,1.283400,1.283600
1234460400,1.283700,1.283700,1.283500,1.283500
1234460460,1.283400,1.283500,1.283200,1.283500
1234460520,1.283400,1.283900,1.283400,1.283700
1234460580,1.283600,1.283600,1.283300,1.283400
1234460640,1.283300,1.283500,1.283100,1.283100
1234460700,1.283000,1.283200,1.282500,1.282500
1234460760,1.282600,1.282800,1.282400,1.282800
1234460820,1.282700,1.282800,1.282600,1.282800
1234460880,1.282900,1.283000,1.282700,1.283000
1234460940,1.282900,1.283100,1.282600,1.282900
1234461000,1.282800,1.282800,1.282700,1.282700
1234461060,1.282800,1.282800,1.282300,1.282300
1234461120,1.282200,1.282300,1.282100,1.282100
1234461180,1.282000,1.282200,1.281800,1.282200
1234461240,1.282100,1.282200,1.282100,1.282200
1234461300,1.282000,1.282100,1.281900,1.282100
1234461360,1.282200,1.282600,1.282100,1.282600
1234461420,1.282700,1.282800,1.282500,1.282800
1234461480,1.282700,1.282800,1.282300,1.282600
1234461540,1.282900,1.282900,1.282400,1.282500
1234461600,1.282400,1.282400,1.281800,1.281800
1234461660,1.282000,1.282900,1.282000,1.282400
1234461720,1.282300,1.282300,1.281700,1.281700
1234461780,1.281600,1.282500,1.281600,1.282300
1234461840,1.282200,1.282800,1.282200,1.282800
1234461900,1.282700,1.282900,1.282400,1.282400
1234461960,1.282500,1.282600,1.282200,1.282500
1234462020,1.282400,1.282500,1.282000,1.282400
1234462080,1.282500,1.282900,1.282500,1.282600
1234462140,1.282500,1.282600,1.282300,1.282500
1234462200,1.282600,1.282800,1.282100,1.282200
1234462260,1.282100,1.283000,1.282100,1.283000
1234462320,1.283100,1.283700,1.282600,1.282700
1234462380,1.282800,1.282900,1.282400,1.282400
1234462440,1.282500,1.282600,1.282100,1.282500
1234462500,1.282400,1.282400,1.281900,1.282200
1234462560,1.282100,1.282900,1.282100,1.282200
1234462620,1.282100,1.282400,1.282000,1.282400
1234462680,1.282300,1.282600,1.282100,1.282200
1234462740,1.282300,1.282300,1.281700,1.281700
1234462800,1.281500,1.282100,1.281100,1.282100
1234462860,1.282000,1.282200,1.281800,1.281800
1234462920,1.281900,1.282000,1.281400,1.281400
1234462980,1.281200,1.281400,1.281200,1.281200
1234463040,1.281100,1.281300,1.280900,1.281200
1234463100,1.281300,1.282000,1.281300,1.282000
1234463160,1.281900,1.281900,1.281700,1.281800
1234463220,1.282000,1.282200,1.282000,1.282100
1234463280,1.282000,1.282000,1.281700,1.281700
1234463340,1.281500,1.283100,1.281500,1.283000
1234463400,1.282900,1.283000,1.282400,1.282900
1234463460,1.282800,1.283400,1.282800,1.283000
1234463520,1.282900,1.282900,1.282400,1.282700
1234463580,1.282800,1.282900,1.282200,1.282500
1234463640,1.282600,1.282800,1.282300,1.282500
1234463700,1.282600,1.282800,1.282400,1.282400
1234463760,1.282500,1.282700,1.282100,1.282100
1234463820,1.282000,1.282200,1.281500,1.282100
1234463880,1.282000,1.282400,1.281800,1.282200
1234463940,1.282300,1.282300,1.282000,1.282000
1234464000,1.281900,1.282200,1.281900,1.282000
1234464060,1.282100,1.282200,1.281900,1.282100
1234464120,1.282000,1.282400,1.281600,1.282300
1234464180,1.282400,1.282400,1.282100,1.282200
1234464240,1.282100,1.282400,1.282000,1.282300
1234464300,1.282400,1.282400,1.282000,1.282000
1234464360,1.281900,1.282100,1.281900,1.282000
1234464420,1.282100,1.282900,1.282100,1.282700
1234464480,1.282800,1.282800,1.282300,1.282300
1234464540,1.282500,1.283000,1.282300,1.282800
1234464600,1.282700,1.283800,1.282700,1.283700
1234464660,1.283800,1.284000,1.283500,1.284000
1234464720,1.284100,1.284100,1.283500,1.283500
1234464780,1.283600,1.283600,1.283300,1.283400
1234464840,1.283600,1.283800,1.283400,1.283700
1234464900,1.283600,1.283800,1.283400,1.283800
1234464960,1.283900,1.284000,1.283300,1.283400
1234465020,1.283300,1.283600,1.283300,1.283500
1234465080,1.283400,1.283900,1.283300,1.283800
1234465140,1.284000,1.284000,1.283300,1.283500
1234465200,1.283400,1.283400,1.283000,1.283000
1234465260,1.282900,1.283300,1.282700,1.283000
1234465320,1.282900,1.283000,1.282700,1.282700
1234465380,1.282800,1.283700,1.282800,1.283200
1234465440,1.283100,1.283600,1.282800,1.282900
1234465500,1.282800,1.283500,1.282700,1.283400
1234465560,1.283500,1.284000,1.283500,1.283800
1234465620,1.283700,1.283700,1.283200,1.283400
1234465680,1.283300,1.284100,1.283300,1.284100
1234465740,1.284200,1.284200,1.283300,1.283300
1234465800,1.283400,1.283600,1.283400,1.283600
1234465860,1.283700,1.283800,1.283600,1.283700
1234465920,1.283600,1.284000,1.283600,1.283700
1234465980,1.283600,1.283900,1.283600,1.283900
1234466040,1.283800,1.283800,1.283500,1.283500
1234466100,1.283300,1.284000,1.283300,1.283800
1234466160,1.283900,1.284900,1.283900,1.283900
1234466220,1.284000,1.284100,1.283900,1.284100
1234466280,1.284200,1.284200,1.283900,1.284100
1234466340,1.284200,1.284200,1.283400,1.283600
1234466400,1.283700,1.283800,1.283500,1.283600
1234466460,1.283700,1.283800,1.283500,1.283600
1234466520,1.283500,1.283600,1.283200,1.283200
1234466580,1.283300,1.283300,1.283000,1.283100
1234466640,1.283000,1.283300,1.282800,1.283200
1234466700,1.283100,1.283100,1.282600,1.282600
1234466760,1.282800,1.283000,1.282600,1.282800
1234466820,1.282700,1.282800,1.282500,1.282800
1234466880,1.282900,1.283000,1.282600,1.282900
1234466940,1.283000,1.283000,1.282700,1.282900
1234467000,1.282800,1.282900,1.282700,1.282800
1234467060,1.282700,1.283500,1.282500,1.283100
1234467120,1.283000,1.283400,1.283000,1.283200
1234467180,1.283100,1.283300,1.282800,1.282800
1234467240,1.282700,1.282800,1.282200,1.282400
1234467300,1.282300,1.282500,1.282200,1.282200
1234467360,1.282100,1.282100,1.281700,1.281800
1234467420,1.281900,1.282000,1.281600,1.281600
1234467480,1.281500,1.281600,1.281100,1.281400
1234467540,1.281600,1.281800,1.281300,1.281300
1234467600,1.281400,1.281400,1.281100,1.281200
1234467660,1.281300,1.281900,1.281300,1.281900
1234467720,1.281800,1.281900,1.281600,1.281600
1234467780,1.281500,1.281800,1.281500,1.281800
1234467840,1.281700,1.281700,1.281300,1.281400
1234467900,1.281300,1.281400,1.280600,1.280700
1234467960,1.280800,1.280800,1.280600,1.280600
1234468020,1.280500,1.280700,1.280300,1.280400
1234468080,1.280300,1.280400,1.279400,1.280200
1234468140,1.280300,1.280600,1.280200,1.280400
1234468200,1.280500,1.280500,1.280100,1.280200
1234468260,1.280300,1.280300,1.279800,1.279900
1234468320,1.279800,1.280000,1.279600,1.279700
1234468380,1.279500,1.279500,1.278600,1.278800
1234468440,1.278900,1.278900,1.278300,1.278400
1234468500,1.278500,1.278900,1.278300,1.278700
1234468560,1.278800,1.279000,1.278700,1.279000
1234468620,1.278900,1.279000,1.278000,1.278000
1234468680,1.278100,1.278100,1.277400,1.277500
1234468740,1.277700,1.278200,1.277600,1.277800
1234468800,1.277900,1.277900,1.277100,1.277500
1234468860,1.277400,1.277500,1.276800,1.276900
1234468920,1.277000,1.278200,1.276900,1.278100
1234468980,1.278000,1.278000,1.277100,1.277200
1234469040,1.277300,1.277500,1.277100,1.277100
1234469100,1.277200,1.277500,1.277100,1.277300
1234469160,1.277400,1.277600,1.277300,1.277300
1234469220,1.277400,1.277500,1.277400,1.277500
1234469280,1.277400,1.277700,1.277300,1.277600
1234469340,1.277700,1.278600,1.277700,1.278600
1234469400,1.278700,1.279900,1.278700,1.279400
1234469460,1.279300,1.279400,1.278800,1.278900
1234469520,1.279000,1.279800,1.279000,1.279400
1234469580,1.279300,1.279900,1.279300,1.279300
1234469640,1.279400,1.279500,1.279100,1.279400
1234469700,1.279300,1.279500,1.279300,1.279400
1234469760,1.279500,1.280700,1.279500,1.280500
1234469820,1.280600,1.280600,1.280100,1.280200
1234469880,1.280300,1.280500,1.280000,1.280000
1234469940,1.279900,1.280000,1.279700,1.280000
1234470000,1.280100,1.280500,1.279400,1.279500
1234470060,1.279600,1.279700,1.279200,1.279700
1234470120,1.279800,1.280600,1.279700,1.280600
1234470180,1.280500,1.282000,1.280500,1.281400
1234470240,1.281300,1.281400,1.280800,1.281400
1234470300,1.281500,1.282400,1.281200,1.282100
1234470360,1.282000,1.282100,1.281100,1.281200
1234470420,1.281100,1.281700,1.281000,1.281700
1234470480,1.281600,1.282600,1.281400,1.282100
1234470540,1.282200,1.283100,1.282100,1.283100
1234470600,1.283200,1.283600,1.282800,1.283100
1234470660,1.283000,1.283000,1.282400,1.282400
1234470720,1.282300,1.282700,1.282200,1.282600
1234470780,1.282500,1.283400,1.282500,1.283400
1234470840,1.283300,1.284100,1.283000,1.283000
1234470900,1.283100,1.283100,1.282200,1.282800
1234470960,1.282700,1.283900,1.282700,1.283300
1234471020,1.283400,1.283700,1.283000,1.283200
1234471080,1.283000,1.283400,1.282400,1.283300
1234471140,1.283200,1.283300,1.282600,1.282600
1234471200,1.282800,1.283400,1.282800,1.283300
1234471260,1.283400,1.284300,1.283300,1.284100
1234471320,1.284200,1.284900,1.283800,1.284800
1234471380,1.284600,1.286600,1.284000,1.286400
1234471440,1.286300,1.286400,1.285400,1.285400
1234471500,1.285500,1.285800,1.285300,1.285700
1234471560,1.285900,1.285900,1.285000,1.285400
1234471620,1.285500,1.285700,1.285100,1.285100
1234471680,1.285000,1.285100,1.284300,1.284900
1234471740,1.284800,1.285400,1.284700,1.285200
1234471800,1.285300,1.285800,1.284800,1.284900
1234471860,1.284700,1.285200,1.284600,1.285000
1234471920,1.284900,1.285500,1.284800,1.285400
1234471980,1.285500,1.286000,1.285000,1.286000
1234472040,1.285800,1.286300,1.285700,1.286300
1234472100,1.286200,1.286500,1.285800,1.285800
1234472160,1.285700,1.285800,1.285500,1.285500
1234472220,1.285600,1.285800,1.285600,1.285700
1234472280,1.285800,1.286200,1.285800,1.286100
1234472340,1.285800,1.285900,1.285300,1.285500
1234472400,1.285600,1.286000,1.285600,1.285900
1234472460,1.286000,1.286200,1.285300,1.285600
1234472520,1.285500,1.285600,1.285300,1.285500
1234472580,1.285400,1.285400,1.285100,1.285200
1234472640,1.285300,1.285300,1.285000,1.285100
1234472700,1.285200,1.285500,1.285200,1.285500
1234472760,1.285600,1.285900,1.285600,1.285900
1234472820,1.286000,1.286000,1.285600,1.285700
1234472880,1.285500,1.285900,1.285500,1.285900
1234472940,1.285800,1.286500,1.285800,1.286400
1234473000,1.286300,1.286400,1.286200,1.286400
1234473060,1.286300,1.286400,1.286300,1.286400
1234473120,1.286300,1.286400,1.286300,1.286400
1234473180,1.286300,1.286500,1.286300,1.286300
1234473240,1.286400,1.286400,1.286200,1.286400
1234473300,1.286300,1.286400,1.286100,1.286400
1234473360,1.286300,1.286400,1.286100,1.286400
1234473420,1.286500,1.287200,1.286400,1.287200
1234473480,1.287100,1.287300,1.286800,1.286900
1234473540,1.286800,1.286800,1.286600,1.286700
1234473600,1.286500,1.286800,1.286500,1.286500
1234473660,1.286600,1.286600,1.286400,1.286600
1234473720,1.286700,1.287300,1.286600,1.287200
1234473780,1.287300,1.287300,1.287100,1.287200
1234473840,1.287300,1.287400,1.287300,1.287400
1234473900,1.287300,1.287300,1.287200,1.287200
1234473960,1.287100,1.287300,1.287100,1.287200
1234474020,1.287100,1.287300,1.287100,1.287100
1234474080,1.287200,1.287200,1.286900,1.287000
1234474140,1.286900,1.287100,1.286900,1.286900
1234474200,1.286800,1.286900,1.286500,1.286800
1234474260,1.286700,1.286800,1.286700,1.286700
1234474320,1.286800,1.286900,1.286700,1.286900
1234474380,1.286800,1.286900,1.286700,1.286800
1234474440,1.286900,1.286900,1.286700,1.286800
1234474500,1.286700,1.286800,1.286000,1.286200
1234474560,1.286100,1.286200,1.285800,1.286000
1234474620,1.286200,1.286200,1.285700,1.285900
1234474680,1.286000,1.286000,1.285800,1.285900
1234474740,1.286000,1.286000,1.285900,1.286000
1234474800,1.286100,1.286500,1.286100,1.286200
1234474860,1.286300,1.286400,1.286300,1.286400
1234474920,1.286500,1.286600,1.286500,1.286500
1234474980,1.286600,1.286900,1.286600,1.286600
1234475040,1.286700,1.286900,1.286700,1.286900
1234475100,1.287000,1.287100,1.286900,1.286900
1234475160,1.287000,1.287000,1.286800,1.286900
1234475220,1.286800,1.286900,1.286800,1.286900
1234475280,1.287000,1.287000,1.286900,1.286900
1234475340,1.286800,1.287100,1.286800,1.287000
1234475400,1.286900,1.287000,1.286800,1.286900
1234475520,1.286800,1.286900,1.286800,1.286900
1234475580,1.286900,1.287000,1.286800,1.286900
1234475640,1.287000,1.287000,1.286800,1.286800
1234475700,1.286900,1.286900,1.286700,1.286700
1234475760,1.286600,1.286800,1.286600,1.286700
1234475820,1.286800,1.286800,1.286600,1.286800
1234475880,1.286700,1.286800,1.286400,1.286600
1234475940,1.286400,1.286500,1.286300,1.286300
1234476000,1.286400,1.286600,1.286300,1.286500
1234476060,1.286400,1.286600,1.286300,1.286500
1234476120,1.286400,1.286500,1.286400,1.286400
1234476180,1.286300,1.286300,1.286000,1.286100
1234476240,1.286200,1.286300,1.286200,1.286300
1234476300,1.286500,1.286500,1.285800,1.285900
1234476360,1.286000,1.286000,1.285600,1.285700
1234476420,1.285800,1.285900,1.285700,1.285800
1234476480,1.285600,1.285900,1.285500,1.285700
1234476540,1.285800,1.286000,1.285700,1.286000
1234476600,1.286100,1.286200,1.286000,1.286200
1234476660,1.286300,1.286500,1.286200,1.286300
1234476720,1.287000,1.287500,1.287000,1.287500
1234476780,1.287400,1.287600,1.287300,1.287400
1234476840,1.287500,1.288600,1.287400,1.288100
1234476900,1.287900,1.288400,1.287800,1.288200
1234476960,1.288000,1.288200,1.288000,1.288000
1234477020,1.287800,1.287900,1.287500,1.287600
1234477080,1.287500,1.287800,1.287400,1.287500
1234477140,1.287700,1.288500,1.287500,1.288000
1234477200,1.288100,1.288300,1.287900,1.288200
1234477260,1.288300,1.288300,1.288000,1.288200
1234477320,1.288300,1.290200,1.288300,1.289900
1234477380,1.289700,1.289700,1.289100,1.289300
1234477440,1.289400,1.289600,1.289100,1.289300
1234477500,1.289100,1.289400,1.289100,1.289100
1234477560,1.289200,1.289300,1.289200,1.289200
1234477620,1.289100,1.289300,1.289100,1.289300
1234477740,1.289200,1.289200,1.289200,1.289200
1234477800,1.289300,1.290800,1.289300,1.290800
1234477860,1.290700,1.290900,1.290300,1.290300
1234477920,1.290400,1.290400,1.290100,1.290200
1234477980,1.290100,1.290800,1.290100,1.290600
1234478040,1.290500,1.290500,1.290100,1.290100
1234478100,1.290200,1.290500,1.289800,1.290500
1234478160,1.290400,1.290600,1.289900,1.289900
1234478220,1.290000,1.290100,1.289900,1.289900
1234478280,1.289800,1.290000,1.289300,1.289500
1234478340,1.289700,1.289900,1.289400,1.289600
1234478400,1.289800,1.290000,1.289600,1.289800
1234478460,1.289500,1.289700,1.289400,1.289700
1234478520,1.289800,1.289800,1.289500,1.289500
1234478580,1.289600,1.289900,1.289600,1.289800
1234478640,1.289600,1.289700,1.289500,1.289500
1234478700,1.289400,1.289800,1.289400,1.289800
1234478760,1.289700,1.289800,1.289600,1.289800
1234478820,1.289600,1.289600,1.289100,1.289200
1234478880,1.289100,1.289100,1.288700,1.289000
1234479000,1.288900,1.289000,1.288800,1.288800
1234479060,1.288600,1.288900,1.288600,1.288800
1234479180,1.288900,1.288900,1.288800,1.288800
1234479240,1.288900,1.288900,1.288800,1.288800
1234479300,1.288900,1.288900,1.288900,1.288900
1234479360,1.289000,1.289600,1.289000,1.289600
1234479420,1.289500,1.289600,1.289500,1.289600
1234479480,1.289700,1.289800,1.289600,1.289600
1234479540,1.289800,1.289800,1.289800,1.289800
1234479600,1.289600,1.290000,1.289600,1.289900
1234479660,1.289800,1.289900,1.289500,1.289600
1234479780,1.289500,1.289500,1.289500,1.289500
1234479840,1.289400,1.289400,1.289400,1.289400
1234479900,1.289300,1.289400,1.289000,1.289200
1234479960,1.289000,1.289000,1.288900,1.289000
1234480020,1.288700,1.288700,1.287800,1.288200
1234480080,1.288300,1.288400,1.287300,1.287500
1234480140,1.287400,1.287600,1.287400,1.287600
1234480200,1.287700,1.287800,1.287500,1.287600
1234480260,1.287500,1.287600,1.287400,1.287500
1234480320,1.287600,1.287700,1.287300,1.287400
1234480380,1.287500,1.287600,1.287300,1.287600
1234480440,1.287700,1.288200,1.287500,1.287500
1234480500,1.287600,1.287900,1.287600,1.287700
1234480560,1.287600,1.287800,1.287600,1.287600
1234480620,1.287500,1.287800,1.287300,1.287700
1234480680,1.287800,1.287900,1.287400,1.287600
1234480740,1.287500,1.287700,1.287500,1.287500
1234480800,1.287600,1.287600,1.287500,1.287500
1234480860,1.287400,1.287400,1.287300,1.287300
1234480920,1.287200,1.287500,1.287200,1.287400
1234480980,1.287500,1.287700,1.287500,1.287700
1234481040,1.287600,1.288000,1.287600,1.288000
1234481100,1.287900,1.288000,1.287900,1.287900
1234481160,1.288000,1.288400,1.288000,1.288100
1234481220,1.288200,1.288400,1.288000,1.288100
1234481280,1.288200,1.288200,1.288000,1.288000
1234481340,1.288100,1.288100,1.288000,1.288000
1234481400,1.287800,1.288100,1.287600,1.287800
1234481460,1.287900,1.288100,1.287700,1.287700
1234481520,1.287500,1.287700,1.287500,1.287700
1234481580,1.287500,1.287500,1.287500,1.287500
1234481640,1.287600,1.287700,1.287400,1.287400
1234481700,1.287300,1.287300,1.286500,1.286800
1234481760,1.286700,1.287000,1.286700,1.286900
1234481820,1.287000,1.287200,1.286900,1.286900
1234481880,1.287200,1.287300,1.287000,1.287000
1234481940,1.287100,1.287100,1.287000,1.287000
1234482000,1.286900,1.286900,1.286700,1.286700
1234482060,1.286600,1.286600,1.286100,1.286100
1234482120,1.286200,1.286600,1.286100,1.286500
1234482180,1.286400,1.286500,1.286400,1.286400
1234482240,1.286500,1.287000,1.286500,1.287000
1234482300,1.287200,1.287200,1.287000,1.287000
1234482360,1.286900,1.287400,1.286900,1.287400
1234482420,1.287500,1.287600,1.287000,1.287400
1234482480,1.287500,1.287500,1.287400,1.287500
1234482540,1.287600,1.288000,1.287500,1.287900
1234482600,1.288000,1.288300,1.288000,1.288300
1234482660,1.288400,1.288600,1.288100,1.288100
1234482720,1.288200,1.288400,1.288200,1.288200
1234482780,1.288300,1.288400,1.288200,1.288200
1234482840,1.288100,1.288200,1.288100,1.288100
1234482900,1.288200,1.288300,1.288200,1.288200
1234482960,1.288300,1.288300,1.288300,1.288300
1234483020,1.288400,1.288800,1.288400,1.288800
1234483080,1.288700,1.289100,1.288700,1.289000
1234483140,1.289100,1.289200,1.288500,1.288600
1234483200,1.288700,1.288900,1.288600,1.288900
1234483260,1.288700,1.288800,1.288700,1.288800
1234483320,1.288900,1.289000,1.288900,1.289000
1234483380,1.289100,1.289500,1.288900,1.289500
1234483440,1.289600,1.290400,1.289600,1.289900
1234483500,1.289800,1.290000,1.289400,1.289500
1234483560,1.289400,1.289400,1.288700,1.288800
1234483620,1.288700,1.289500,1.288700,1.289200
1234483680,1.289100,1.289100,1.288700,1.288800
1234483740,1.288700,1.288700,1.288500,1.288500
1234483800,1.288600,1.289100,1.288500,1.288900
1234483860,1.289000,1.289300,1.288800,1.289100
1234483920,1.289000,1.289200,1.289000,1.289200
1234483980,1.289100,1.289100,1.288600,1.288600
1234484040,1.288700,1.289100,1.288600,1.288900
1234484100,1.289000,1.289000,1.288400,1.288400
1234484160,1.288500,1.289000,1.288400,1.289000
1234484220,1.289100,1.289100,1.288600,1.288600
1234484280,1.288500,1.288500,1.287800,1.288000
1234484340,1.288200,1.288500,1.288200,1.288500
1234484400,1.288400,1.288600,1.288400,1.288600
1234484460,1.288500,1.288500,1.288100,1.288100
1234484520,1.287900,1.288100,1.287200,1.287200
1234484580,1.287400,1.287800,1.287200,1.287200
1234484640,1.287300,1.287500,1.287200,1.287500
1234484700,1.287600,1.287700,1.286700,1.286800
1234484760,1.286900,1.287200,1.286900,1.287000
1234484820,1.286900,1.287100,1.286900,1.287100
1234484880,1.287200,1.287200,1.287200,1.287200
1234484940,1.287300,1.287700,1.287200,1.287700
1234485000,1.287800,1.288000,1.287600,1.287800
1234485060,1.287900,1.288100,1.287800,1.287800
1234485120,1.287700,1.287700,1.287500,1.287600
1234485180,1.287700,1.287700,1.287700,1.287700
1234485240,1.287800,1.287800,1.287800,1.287800
1234485360,1.287700,1.287800,1.287700,1.287800
1234485420,1.287900,1.287900,1.287800,1.287900
1234485480,1.288000,1.288100,1.287900,1.288100
1234485540,1.288200,1.288200,1.287800,1.287900
1234485600,1.288000,1.288000,1.287900,1.288000
1234485660,1.288100,1.288300,1.288000,1.288300
1234485720,1.288400,1.288700,1.288400,1.288500
1234485780,1.288400,1.288400,1.288200,1.288300
1234485840,1.288200,1.288200,1.288000,1.288200
1234485900,1.288100,1.288700,1.288100,1.288700
1234485960,1.288900,1.289400,1.288800,1.289300
1234486020,1.289400,1.289500,1.288500,1.289200
1234486080,1.289100,1.289300,1.289000,1.289100
1234486140,1.289000,1.289200,1.288900,1.289200
1234486200,1.289100,1.289700,1.289000,1.289400
1234486260,1.289300,1.289300,1.289000,1.289200
1234486320,1.289100,1.289100,1.288900,1.288900
1234486380,1.288800,1.289100,1.288800,1.288800
1234486440,1.288700,1.288800,1.288400,1.288400
1234486500,1.288800,1.288900,1.288300,1.288400
1234486560,1.288300,1.288400,1.288300,1.288400
1234486620,1.288300,1.288400,1.288200,1.288300
1234486680,1.288400,1.288600,1.288300,1.288300
1234486740,1.288400,1.288400,1.288300,1.288300
1234486800,1.288400,1.288500,1.288300,1.288500
1234486860,1.288600,1.288900,1.288500,1.288900
1234486920,1.289000,1.289700,1.289000,1.289600
1234486980,1.289500,1.289700,1.289500,1.289500
1234487040,1.289400,1.289400,1.289100,1.289100
1234487100,1.288900,1.289000,1.288900,1.289000
1234487160,1.289100,1.289100,1.289000,1.289000
1234487220,1.289100,1.289400,1.289100,1.289400
1234487280,1.289500,1.289500,1.289000,1.289100
1234487340,1.289000,1.289100,1.289000,1.289100
1234487400,1.289000,1.289000,1.288900,1.289000
1234487460,1.288900,1.289100,1.288900,1.289100
1234487520,1.289000,1.289100,1.288900,1.289100
1234487580,1.289200,1.289500,1.289200,1.289500
1234487640,1.289600,1.289700,1.289400,1.289400
1234487700,1.289500,1.289500,1.288700,1.288800
1234487760,1.288900,1.289500,1.288800,1.289100
1234487820,1.289000,1.289000,1.288800,1.288900
1234487880,1.288800,1.288900,1.288600,1.288800
1234487940,1.288700,1.289000,1.288700,1.288800
1234488000,1.288900,1.288900,1.288300,1.288600
1234488060,1.288700,1.288800,1.288500,1.288500
1234488120,1.288600,1.288600,1.288500,1.288600
1234488180,1.288500,1.288600,1.288400,1.288400
1234488240,1.288500,1.288500,1.288300,1.288300
1234488300,1.288200,1.288600,1.288200,1.288500
1234488360,1.288400,1.288500,1.288400,1.288400
1234488420,1.288500,1.288600,1.288500,1.288500
1234488480,1.288600,1.288700,1.288500,1.288600
1234488540,1.288700,1.288700,1.288500,1.288600
1234488600,1.288700,1.288700,1.288500,1.288600
1234488660,1.288500,1.288500,1.288500,1.288500
1234488720,1.288400,1.288600,1.288400,1.288600
1234488780,1.288700,1.288800,1.288700,1.288800
1234488840,1.288900,1.288900,1.288700,1.288800
1234488900,1.288700,1.288700,1.288700,1.288700
1234488960,1.288800,1.288800,1.288400,1.288400
1234489080,1.288300,1.288500,1.288300,1.288500
1234489140,1.288400,1.288400,1.288400,1.288400
1234489260,1.288300,1.288300,1.288000,1.288000
1234489320,1.288100,1.288200,1.288000,1.288000
1234489380,1.287900,1.288000,1.287700,1.287900
1234489440,1.288000,1.288000,1.287800,1.287900
1234489500,1.288000,1.288000,1.287900,1.287900
1234489560,1.288000,1.288100,1.287900,1.288000
1234489620,1.288100,1.288400,1.288100,1.288300
1234489680,1.288400,1.288500,1.288200,1.288200
1234489740,1.288300,1.288300,1.288100,1.288200
1234489800,1.288300,1.288300,1.288100,1.288300
1234489860,1.288400,1.288500,1.288400,1.288500
1234489920,1.288400,1.288400,1.288200,1.288300
1234489980,1.288200,1.288300,1.288200,1.288300
1234490040,1.288400,1.288400,1.288200,1.288200
1234490100,1.288100,1.288200,1.287800,1.287900
1234490160,1.287800,1.287900,1.287100,1.287600
1234490220,1.287500,1.287900,1.287400,1.287900
1234490280,1.287800,1.287900,1.287800,1.287900
1234490340,1.287800,1.288100,1.287800,1.288100
1234490400,1.288200,1.288200,1.287900,1.287900
1234490460,1.288000,1.288000,1.287900,1.287900
1234490520,1.287800,1.287900,1.287500,1.287600
1234490580,1.287500,1.287600,1.287300,1.287500
1234490640,1.287600,1.287600,1.287400,1.287500
1234490700,1.287600,1.287700,1.287400,1.287700
1234490760,1.287800,1.287800,1.287600,1.287700
1234490820,1.287800,1.288200,1.287800,1.288200
1234490880,1.288100,1.288200,1.288000,1.288000
1234490940,1.288100,1.288600,1.288100,1.288600
1234491000,1.288500,1.288700,1.288500,1.288500
1234491060,1.288400,1.288700,1.288200,1.288500
1234491120,1.288400,1.288500,1.288100,1.288100
1234491180,1.288000,1.288300,1.288000,1.288300
1234491240,1.288400,1.288600,1.288400,1.288600
1234491300,1.288500,1.288900,1.288400,1.288800
1234491360,1.288900,1.289000,1.288700,1.288700
1234491420,1.288800,1.289000,1.288800,1.288800
1234491480,1.288900,1.288900,1.288700,1.288700
1234491540,1.288800,1.288800,1.288400,1.288500
1234491600,1.288400,1.288700,1.288400,1.288500
1234491660,1.288600,1.288600,1.288600,1.288600
1234491720,1.288700,1.289000,1.288700,1.289000
1234491780,1.288900,1.289300,1.288900,1.289200
1234491840,1.289100,1.289500,1.289100,1.289500
1234491900,1.289600,1.289600,1.289100,1.289100
1234491960,1.289000,1.289100,1.288800,1.288900
1234492020,1.289000,1.289200,1.289000,1.289100
1234492080,1.289200,1.289200,1.288900,1.288900
1234492140,1.288700,1.288900,1.288000,1.288300
1234492200,1.288400,1.288600,1.288300,1.288300
1234492260,1.288200,1.288300,1.288200,1.288300
1234492320,1.288400,1.288400,1.288300,1.288400
1234492380,1.288500,1.288500,1.288400,1.288500
1234492440,1.288600,1.288700,1.288600,1.288600
1234492500,1.288400,1.288500,1.288400,1.288500
1234492560,1.288600,1.288600,1.288400,1.288500
1234492620,1.288600,1.288800,1.288600,1.288800
1234492680,1.288900,1.288900,1.288800,1.288800
1234492740,1.288900,1.288900,1.288800,1.288800
1234492800,1.288900,1.289000,1.288900,1.289000
1234492860,1.288900,1.288900,1.288700,1.288700
1234492920,1.288800,1.288900,1.288700,1.288900
1234493040,1.288800,1.289800,1.288800,1.289800
1234493100,1.289900,1.289900,1.289200,1.289400
1234493160,1.289300,1.289300,1.289100,1.289300
1234493220,1.289200,1.289200,1.288800,1.288800
1234493280,1.288900,1.289100,1.288900,1.288900
1234493340,1.289000,1.289000,1.289000,1.289000
1234493400,1.289200,1.289200,1.289100,1.289100
1234493460,1.289200,1.289200,1.288900,1.289000
1234493580,1.289100,1.289600,1.289100,1.289300
1234493640,1.289400,1.289400,1.289000,1.289200
1234493700,1.289100,1.289200,1.288800,1.288900
1234493760,1.289100,1.289100,1.289000,1.289000
1234493820,1.288900,1.288900,1.288500,1.288700
1234493880,1.288800,1.288800,1.288700,1.288800
1234493940,1.288900,1.288900,1.288800,1.288800
1234494000,1.288900,1.289100,1.288900,1.289100
1234494060,1.289000,1.289000,1.289000,1.289000
1234494120,1.288900,1.289000,1.288800,1.288800
1234494180,1.288700,1.288800,1.288700,1.288700
1234494240,1.288600,1.289100,1.288600,1.289100
1234494300,1.289200,1.289200,1.289200,1.289200
1234494360,1.289300,1.289400,1.289300,1.289400
1234494420,1.289300,1.290000,1.289300,1.289800
1234494480,1.289900,1.290600,1.289900,1.290300
1234494540,1.290100,1.290300,1.290100,1.290300
1234494600,1.290400,1.291000,1.290400,1.290800
1234494660,1.290900,1.291000,1.290800,1.291000
1234494720,1.290900,1.291700,1.290900,1.291700
1234494780,1.291600,1.291700,1.291600,1.291700
1234494840,1.291600,1.291800,1.291600,1.291800
1234494900,1.291700,1.292700,1.291700,1.292700
1234494960,1.292600,1.292900,1.292300,1.292400
1234495020,1.292300,1.292500,1.291900,1.292200
1234495080,1.292300,1.292400,1.292000,1.292300
1234495140,1.292200,1.292300,1.292100,1.292100
1234495200,1.292300,1.292300,1.292000,1.292100
1234495260,1.292000,1.292400,1.292000,1.292400
1234495320,1.292300,1.292800,1.292000,1.292800
1234495380,1.292700,1.292700,1.292300,1.292400
1234495440,1.292500,1.292900,1.292500,1.292900
1234495500,1.292800,1.292800,1.292400,1.292500
1234495560,1.292400,1.292400,1.292400,1.292400
1234495620,1.292300,1.292300,1.292200,1.292200
1234495680,1.292300,1.292300,1.291800,1.292200
1234495740,1.292300,1.292400,1.292100,1.292100
1234495800,1.292200,1.293400,1.292200,1.293400
1234495860,1.293300,1.293500,1.293300,1.293400
1234495920,1.293500,1.293500,1.292900,1.292900
1234495980,1.292800,1.293000,1.292700,1.292900
1234496040,1.293000,1.293200,1.293000,1.293200
1234496100,1.293100,1.293600,1.293000,1.293500
1234496160,1.293300,1.293300,1.292800,1.293000
1234496220,1.292900,1.292900,1.292600,1.292600
1234496280,1.292700,1.292700,1.292700,1.292700
1234496340,1.292600,1.292600,1.292400,1.292600
1234496400,1.292500,1.292600,1.292200,1.292200
1234496460,1.292100,1.292200,1.292100,1.292200
1234496520,1.292300,1.292500,1.292300,1.292500
1234496580,1.292600,1.292600,1.292500,1.292600
1234496640,1.292700,1.293300,1.292700,1.293200
1234496700,1.293100,1.293400,1.293100,1.293200
1234496760,1.293100,1.293600,1.293000,1.293600
1234496820,1.293700,1.293900,1.293200,1.293400
1234496880,1.293500,1.293700,1.293400,1.293500
1234496940,1.293600,1.293700,1.293400,1.293600
1234497000,1.293700,1.293900,1.293700,1.293900
1234497060,1.294000,1.294100,1.293600,1.293700
1234497120,1.293800,1.293900,1.293700,1.293800
1234497180,1.293900,1.293900,1.293700,1.293900
1234497240,1.294000,1.294100,1.293900,1.294000
1234497300,1.294100,1.294300,1.294000,1.294000
1234497360,1.294100,1.294300,1.294000,1.294300
1234497420,1.294400,1.294600,1.294200,1.294200
1234497480,1.294300,1.294300,1.294200,1.294300
1234497540,1.294200,1.294300,1.294000,1.294200
1234497600,1.294100,1.294200,1.293800,1.293900
1234497660,1.293800,1.294000,1.293800,1.293800
1234497720,1.293700,1.293800,1.293600,1.293600
1234497780,1.293500,1.293700,1.293300,1.293300
1234497840,1.293500,1.293500,1.292600,1.292700
1234497900,1.292800,1.293100,1.292800,1.293000
1234497960,1.292900,1.293200,1.292700,1.293200
1234498020,1.293100,1.293200,1.293000,1.293100
1234498080,1.293200,1.293200,1.293200,1.293200
1234498140,1.293400,1.293400,1.293300,1.293300
1234498200,1.293200,1.293200,1.292600,1.292700
1234498260,1.292800,1.293000,1.292800,1.293000
1234498320,1.293100,1.293100,1.292900,1.292900
1234498380,1.293000,1.293000,1.292900,1.292900
1234498440,1.292800,1.292900,1.292700,1.292800
1234498560,1.292900,1.292900,1.292800,1.292900
1234498620,1.293000,1.293800,1.293000,1.293300
1234498680,1.293200,1.293300,1.293200,1.293200
1234498800,1.293300,1.293300,1.293300,1.293300
1234498860,1.293500,1.293900,1.293500,1.293900
1234498920,1.294000,1.294100,1.293800,1.293900
1234498980,1.293800,1.293800,1.293600,1.293700
1234499040,1.293600,1.293700,1.293600,1.293700
1234499100,1.293600,1.293600,1.293200,1.293200
1234499160,1.293100,1.293100,1.292900,1.292900
1234499220,1.293000,1.293100,1.292400,1.292700
1234499280,1.292600,1.292800,1.292400,1.292600
1234499340,1.292500,1.293000,1.292400,1.293000
1234499400,1.292900,1.292900,1.292700,1.292700
1234499460,1.292800,1.292900,1.292800,1.292900
1234499520,1.293000,1.293000,1.292800,1.292900
1234499580,1.293100,1.293100,1.293000,1.293000
1234499640,1.293100,1.293100,1.292300,1.292500
1234499700,1.292400,1.293200,1.292400,1.293100
1234499760,1.293000,1.293000,1.292800,1.292800
1234499820,1.292700,1.292800,1.292200,1.292400
1234499880,1.292500,1.292800,1.292500,1.292600
1234499940,1.292700,1.292800,1.292700,1.292700
1234500000,1.292600,1.292700,1.292300,1.292300
1234500060,1.292400,1.292400,1.292400,1.292400
1234500120,1.292500,1.292700,1.292400,1.292500
1234500180,1.292400,1.292600,1.292400,1.292500
1234500240,1.292600,1.292600,1.291700,1.291800
1234500300,1.291700,1.292400,1.291700,1.292400
1234500360,1.292500,1.292800,1.292400,1.292500
1234500420,1.292700,1.293200,1.292700,1.293100
1234500480,1.293000,1.293100,1.292800,1.292900
1234500540,1.292800,1.292800,1.292600,1.292600
1234500600,1.292700,1.293100,1.292600,1.293100
1234500660,1.293000,1.293000,1.292800,1.292900
1234500720,1.292800,1.292800,1.292600,1.292700
1234500780,1.292800,1.292900,1.292600,1.292900
1234500840,1.292800,1.292900,1.292800,1.292900
1234500900,1.292800,1.293500,1.292800,1.293500
1234500960,1.293400,1.293500,1.292800,1.292800
1234501020,1.292700,1.292800,1.292700,1.292800
1234501080,1.292900,1.292900,1.292800,1.292900
1234501140,1.293000,1.293000,1.292900,1.292900
