time,open,high,low,close
1650254400,1.263860,1.263860,1.263740,1.263740
1650254460,1.263750,1.263770,1.263670,1.263670
1650254520,1.263670,1.263670,1.263540,1.263570
1650254580,1.263570,1.263720,1.263550,1.263720
1650254640,1.263730,1.263750,1.263710,1.263710
1650254700,1.263720,1.263730,1.263690,1.263720
1650254760,1.263710,1.263710,1.263530,1.263580
1650254820,1.263620,1.263800,1.263620,1.263770
1650254880,1.263760,1.263760,1.263660,1.263760
1650254940,1.263770,1.263770,1.263750,1.263750
1650255000,1.263750,1.263770,1.263750,1.263760
1650255060,1.263780,1.263810,1.263750,1.263810
1650255120,1.263810,1.263830,1.263750,1.263750
1650255180,1.263760,1.263770,1.263670,1.263670
1650255240,1.263660,1.263680,1.263600,1.263650
1650255300,1.263640,1.263660,1.263610,1.263620
1650255360,1.263610,1.263730,1.263610,1.263700
1650255420,1.263720,1.263780,1.263690,1.263710
1650255480,1.263720,1.263720,1.263680,1.263710
1650255540,1.263720,1.263760,1.263720,1.263720
1650255600,1.263720,1.263750,1.263720,1.263750
1650255660,1.263760,1.263790,1.263760,1.263790
1650255720,1.263760,1.263760,1.263710,1.263710
1650255780,1.263700,1.263780,1.263690,1.263710
1650255840,1.263730,1.263730,1.263700,1.263730
1650255900,1.263720,1.263730,1.263700,1.263710
1650255960,1.263720,1.263740,1.263690,1.263690
1650256020,1.263690,1.263830,1.263660,1.263830
1650256080,1.263830,1.263860,1.263810,1.263810
1650256140,1.263810,1.263910,1.263810,1.263850
1650256200,1.263820,1.263890,1.263820,1.263860
1650256260,1.263850,1.263850,1.263810,1.263830
1650256320,1.263810,1.263870,1.263800,1.263870
1650256380,1.263880,1.263910,1.263880,1.263880
1650256440,1.263880,1.264030,1.263880,1.263990
1650256500,1.264000,1.264300,1.263990,1.264240
1650256560,1.264270,1.264270,1.264220,1.264220
1650256620,1.264190,1.264190,1.264010,1.264020
1650256680,1.264010,1.264010,1.263970,1.263970
1650256740,1.264000,1.264070,1.263990,1.263990
1650256800,1.264000,1.264210,1.264000,1.264090
1650256860,1.264100,1.264110,1.264100,1.264100
1650256920,1.264100,1.264110,1.264090,1.264090
1650256980,1.264120,1.264120,1.263990,1.263990
1650257040,1.264000,1.264050,1.263990,1.264010
1650257100,1.264020,1.264100,1.264020,1.264100
1650257160,1.264090,1.264170,1.264090,1.264150
1650257220,1.264130,1.264140,1.264070,1.264120
1650257280,1.264120,1.264210,1.264120,1.264210
1650257340,1.264230,1.264240,1.264140,1.264140
1650257400,1.264150,1.264210,1.264130,1.264210
1650257460,1.264210,1.264220,1.264210,1.264220
1650257520,1.264220,1.264300,1.264190,1.264210
1650257580,1.264210,1.264210,1.264150,1.264160
1650257640,1.264150,1.264210,1.264090,1.264090
1650257700,1.264110,1.264130,1.264080,1.264080
1650257760,1.264080,1.264080,1.264010,1.264030
1650257820,1.264040,1.264040,1.263990,1.263990
1650257880,1.264000,1.264150,1.264000,1.264130
1650257940,1.264130,1.264130,1.263980,1.263990
1650258000,1.264010,1.264010,1.263910,1.263940
1650258060,1.263920,1.263920,1.263880,1.263880
1650258120,1.263880,1.263930,1.263800,1.263930
1650258180,1.263940,1.263960,1.263910,1.263910
1650258240,1.263900,1.263970,1.263820,1.263830
1650258300,1.263780,1.263790,1.263700,1.263720
1650258360,1.263720,1.263740,1.263700,1.263720
1650258420,1.263750,1.263750,1.263710,1.263740
1650258480,1.263740,1.263750,1.263720,1.263740
1650258540,1.263740,1.263820,1.263740,1.263810
1650258600,1.263810,1.263820,1.263800,1.263800
1650258660,1.263800,1.263810,1.263700,1.263810
1650258720,1.263820,1.263900,1.263820,1.263900
1650258780,1.263910,1.263910,1.263830,1.263830
1650258840,1.263850,1.263870,1.263850,1.263850
1650258900,1.263880,1.263970,1.263880,1.263920
1650258960,1.263940,1.263970,1.263940,1.263950
1650259020,1.263940,1.264020,1.263920,1.263970
1650259080,1.263990,1.264050,1.263900,1.263910
1650259140,1.263900,1.263930,1.263900,1.263910
1650259200,1.263950,1.264040,1.263940,1.264000
1650259260,1.264010,1.264040,1.263890,1.263890
1650259320,1.263910,1.263910,1.263880,1.263880
1650259380,1.263840,1.263890,1.263830,1.263880
1650259440,1.263870,1.263870,1.263730,1.263750
1650259500,1.263760,1.263840,1.263740,1.263830
1650259560,1.263840,1.263880,1.263840,1.263840
1650259620,1.263830,1.263880,1.263830,1.263870
1650259680,1.263860,1.263900,1.263860,1.263900
1650259740,1.263870,1.263880,1.263850,1.263850
1650259800,1.263850,1.263890,1.263850,1.263890
1650259860,1.263860,1.263860,1.263730,1.263740
1650259920,1.263730,1.263740,1.263730,1.263740
1650259980,1.263730,1.263800,1.263490,1.263560
1650260040,1.263560,1.263700,1.263550,1.263680
1650260100,1.263690,1.263700,1.263680,1.263700
1650260160,1.263710,1.263820,1.263690,1.263810
1650260220,1.263810,1.263810,1.263730,1.263750
1650260280,1.263730,1.263730,1.263680,1.263710
1650260340,1.263730,1.263750,1.263710,1.263750
1650260400,1.263740,1.263880,1.263740,1.263790
1650260460,1.263800,1.263820,1.263720,1.263800
1650260520,1.263810,1.263830,1.263800,1.263800
1650260580,1.263800,1.263820,1.263730,1.263730
1650260640,1.263730,1.263840,1.263730,1.263840
1650260700,1.263810,1.263880,1.263810,1.263860
1650260760,1.263860,1.263900,1.263860,1.263880
1650260820,1.263890,1.263980,1.263890,1.263980
1650260880,1.263980,1.264120,1.263970,1.264100
1650260940,1.264110,1.264110,1.264010,1.264020
1650261000,1.264020,1.264100,1.263980,1.264020
1650261060,1.264040,1.264050,1.263960,1.264020
1650261120,1.264040,1.264060,1.264020,1.264050
1650261180,1.264030,1.264040,1.263990,1.263990
1650261240,1.263990,1.263990,1.263830,1.263840
1650261300,1.263840,1.263880,1.263840,1.263850
1650261360,1.263870,1.263880,1.263790,1.263840
1650261420,1.263840,1.263860,1.263800,1.263840
1650261480,1.263840,1.263850,1.263710,1.263750
1650261540,1.263750,1.263840,1.263740,1.263840
1650261600,1.263820,1.263920,1.263820,1.263820
1650261660,1.263840,1.264060,1.263840,1.264050
1650261720,1.264080,1.264260,1.264080,1.264250
1650261780,1.264250,1.264250,1.264140,1.264170
1650261840,1.264180,1.264250,1.263970,1.263970
1650261900,1.263960,1.263990,1.263920,1.263990
1650261960,1.264050,1.264100,1.264050,1.264080
1650262020,1.264090,1.264140,1.263980,1.263980
1650262080,1.263970,1.264090,1.263970,1.264050
1650262140,1.264060,1.264090,1.264050,1.264070
1650262200,1.264080,1.264140,1.264040,1.264040
1650262260,1.264030,1.264030,1.263920,1.263980
1650262320,1.263980,1.263990,1.263870,1.263970
1650262380,1.263960,1.264030,1.263960,1.263960
1650262440,1.263950,1.263970,1.263900,1.263970
1650262500,1.263970,1.264100,1.263970,1.264050
1650262560,1.264080,1.264120,1.264030,1.264120
1650262620,1.264110,1.264160,1.264060,1.264060
1650262680,1.264060,1.264070,1.264020,1.264070
1650262740,1.264030,1.264030,1.263830,1.263840
1650262800,1.263860,1.263870,1.263630,1.263630
1650262860,1.263670,1.263810,1.263670,1.263810
1650262920,1.263800,1.263800,1.263620,1.263640
1650262980,1.263650,1.263660,1.263530,1.263610
1650263040,1.263600,1.263650,1.263510,1.263650
1650263100,1.263640,1.263700,1.263620,1.263700
1650263160,1.263690,1.263770,1.263650,1.263650
1650263220,1.263640,1.263710,1.263610,1.263610
1650263280,1.263630,1.263660,1.263600,1.263600
1650263340,1.263590,1.263610,1.263500,1.263510
1650263400,1.263530,1.263740,1.263530,1.263710
1650263460,1.263710,1.263730,1.263640,1.263640
1650263520,1.263620,1.263620,1.263570,1.263590
1650263580,1.263600,1.263600,1.263520,1.263590
1650263640,1.263610,1.263610,1.263480,1.263510
1650263700,1.263510,1.263610,1.263510,1.263570
1650263760,1.263580,1.263580,1.263420,1.263420
1650263820,1.263430,1.263480,1.263400,1.263420
1650263880,1.263430,1.263450,1.263290,1.263350
1650263940,1.263360,1.263450,1.263310,1.263440
1650264000,1.263440,1.263500,1.263430,1.263480
1650264060,1.263500,1.263610,1.263480,1.263580
1650264120,1.263600,1.263650,1.263570,1.263570
1650264180,1.263570,1.263610,1.263500,1.263520
1650264240,1.263510,1.263580,1.263510,1.263570
1650264300,1.263560,1.263560,1.263460,1.263480
1650264360,1.263480,1.263530,1.263400,1.263460
1650264420,1.263490,1.263530,1.263430,1.263440
1650264480,1.263430,1.263460,1.263400,1.263460
1650264540,1.263470,1.263480,1.263360,1.263360
1650264600,1.263340,1.263360,1.263290,1.263300
1650264660,1.263290,1.263310,1.263260,1.263280
1650264720,1.263280,1.263290,1.263170,1.263200
1650264780,1.263210,1.263280,1.263170,1.263170
1650264840,1.263170,1.263180,1.263110,1.263150
1650264900,1.263150,1.263290,1.263150,1.263270
1650264960,1.263270,1.263310,1.263270,1.263280
1650265020,1.263290,1.263430,1.263260,1.263390
1650265080,1.263380,1.263380,1.263160,1.263260
1650265140,1.263270,1.263440,1.263270,1.263350
1650265200,1.263370,1.263420,1.263260,1.263350
1650265260,1.263380,1.263460,1.263330,1.263330
1650265320,1.263340,1.263340,1.263250,1.263300
1650265380,1.263290,1.263380,1.263280,1.263320
1650265440,1.263340,1.263390,1.263170,1.263170
1650265500,1.263190,1.263340,1.263190,1.263300
1650265560,1.263340,1.263380,1.263340,1.263380
1650265620,1.263380,1.263380,1.263290,1.263340
1650265680,1.263340,1.263340,1.263180,1.263200
1650265740,1.263180,1.263200,1.263100,1.263100
1650265800,1.263090,1.263110,1.263060,1.263070
1650265860,1.263070,1.263220,1.263070,1.263220
1650265920,1.263210,1.263230,1.263060,1.263060
1650265980,1.263070,1.263130,1.263000,1.263130
1650266040,1.263140,1.263220,1.263140,1.263150
1650266100,1.263140,1.263200,1.263080,1.263130
1650266160,1.263120,1.263120,1.263070,1.263080
1650266220,1.263080,1.263080,1.262940,1.262960
1650266280,1.262980,1.262980,1.262890,1.262890
1650266340,1.262870,1.262900,1.262840,1.262880
1650266400,1.262900,1.262980,1.262840,1.262900
1650266460,1.262900,1.263050,1.262890,1.263020
1650266520,1.263000,1.263080,1.262970,1.262970
1650266580,1.262970,1.262970,1.262970,1.262970
1650266640,1.263060,1.263060,1.262950,1.263040
1650266700,1.263060,1.263060,1.262990,1.263010
1650266760,1.262990,1.263160,1.262980,1.263050
1650266820,1.263050,1.263090,1.263000,1.263000
1650266880,1.263010,1.263110,1.263010,1.263080
1650266940,1.263080,1.263130,1.263070,1.263130
1650267000,1.263130,1.263320,1.263120,1.263290
1650267060,1.263300,1.263350,1.263280,1.263310
1650267120,1.263280,1.263320,1.263220,1.263230
1650267180,1.263240,1.263610,1.263240,1.263430
1650267240,1.263420,1.263530,1.263400,1.263470
1650267300,1.263430,1.263460,1.263420,1.263420
1650267360,1.263430,1.263430,1.263240,1.263280
1650267420,1.263290,1.263480,1.263290,1.263480
1650267480,1.263500,1.263580,1.263490,1.263520
1650267540,1.263560,1.263570,1.263450,1.263450
1650267600,1.263460,1.263480,1.263410,1.263480
1650267660,1.263480,1.263560,1.263480,1.263480
1650267720,1.263480,1.263480,1.263410,1.263420
1650267780,1.263450,1.263490,1.263420,1.263420
1650267840,1.263440,1.263580,1.263430,1.263550
1650267900,1.263540,1.263780,1.263540,1.263710
1650267960,1.263690,1.263820,1.263690,1.263690
1650268020,1.263720,1.263730,1.263530,1.263540
1650268080,1.263540,1.263560,1.263360,1.263370
1650268140,1.263380,1.263450,1.263350,1.263410
1650268200,1.263420,1.263430,1.263400,1.263420
1650268260,1.263400,1.263550,1.263230,1.263300
1650268320,1.263310,1.263350,1.263300,1.263350
1650268380,1.263340,1.263350,1.263310,1.263310
1650268440,1.263310,1.263360,1.263180,1.263240
1650268500,1.263250,1.263380,1.263250,1.263350
1650268560,1.263350,1.263540,1.263300,1.263480
1650268620,1.263460,1.263560,1.263450,1.263530
1650268680,1.263550,1.263600,1.263520,1.263590
1650268740,1.263570,1.263700,1.263570,1.263670
1650268800,1.263670,1.263880,1.263670,1.263860
1650268860,1.263870,1.263870,1.263630,1.263690
1650268920,1.263680,1.263710,1.263530,1.263570
1650268980,1.263570,1.263570,1.263340,1.263370
1650269040,1.263370,1.263600,1.263370,1.263590
1650269100,1.263580,1.263730,1.263570,1.263720
1650269160,1.263730,1.263770,1.263470,1.263500
1650269220,1.263510,1.263590,1.263460,1.263500
1650269280,1.263540,1.263720,1.263540,1.263720
1650269340,1.263710,1.263820,1.263590,1.263680
1650269400,1.263680,1.263710,1.263630,1.263630
1650269460,1.263620,1.263670,1.263550,1.263640
1650269520,1.263640,1.263770,1.263640,1.263750
1650269580,1.263760,1.263780,1.263620,1.263650
1650269640,1.263660,1.263790,1.263660,1.263730
1650269700,1.263740,1.263880,1.263730,1.263810
1650269760,1.263810,1.263940,1.263800,1.263930
1650269820,1.263940,1.264010,1.263870,1.263970
1650269880,1.263960,1.264000,1.263860,1.263880
1650269940,1.263880,1.263880,1.263690,1.263720
1650270000,1.263730,1.263800,1.263710,1.263750
1650270060,1.263750,1.263760,1.263630,1.263650
1650270120,1.263680,1.263720,1.263650,1.263720
1650270180,1.263710,1.263720,1.263680,1.263720
1650270240,1.263730,1.263820,1.263690,1.263760
1650270300,1.263770,1.263840,1.263710,1.263840
1650270360,1.263860,1.263880,1.263820,1.263840
1650270420,1.263840,1.263960,1.263830,1.263920
1650270480,1.263940,1.264050,1.263940,1.264010
1650270540,1.264000,1.264000,1.263900,1.263960
1650270600,1.263960,1.264010,1.263820,1.263840
1650270660,1.263840,1.263870,1.263770,1.263870
1650270720,1.263850,1.263860,1.263760,1.263800
1650270780,1.263820,1.263990,1.263820,1.263960
1650270840,1.263970,1.263990,1.263840,1.263930
1650270900,1.263920,1.263930,1.263860,1.263860
1650270960,1.263860,1.263860,1.263860,1.263860
1650271020,1.263880,1.263880,1.263690,1.263790
1650271080,1.263770,1.263770,1.263650,1.263650
1650271140,1.263660,1.263680,1.263640,1.263660
1650271200,1.263630,1.263630,1.263450,1.263530
1650271260,1.263490,1.263520,1.263460,1.263500
1650271320,1.263520,1.263640,1.263520,1.263620
1650271380,1.263620,1.263620,1.263480,1.263500
1650271440,1.263530,1.263540,1.263440,1.263440
1650271500,1.263460,1.263570,1.263450,1.263560
1650271560,1.263530,1.263530,1.263380,1.263380
1650271620,1.263390,1.263510,1.263380,1.263480
1650271680,1.263520,1.263520,1.263320,1.263330
1650271740,1.263340,1.263420,1.263340,1.263420
1650271800,1.263410,1.263500,1.263400,1.263430
1650271860,1.263430,1.263500,1.263380,1.263490
1650271920,1.263500,1.263510,1.263400,1.263400
1650271980,1.263450,1.263470,1.263380,1.263390
1650272040,1.263370,1.263470,1.263370,1.263470
1650272100,1.263470,1.263610,1.263450,1.263590
1650272160,1.263570,1.263610,1.263560,1.263590
1650272220,1.263590,1.263660,1.263590,1.263640
1650272280,1.263650,1.263900,1.263650,1.263860
1650272340,1.263880,1.264000,1.263720,1.263730
1650272400,1.263730,1.263730,1.263670,1.263680
1650272460,1.263660,1.263680,1.263410,1.263510
1650272520,1.263520,1.263530,1.263460,1.263520
1650272580,1.263520,1.263520,1.263330,1.263360
1650272640,1.263390,1.263400,1.263260,1.263270
1650272700,1.263270,1.263290,1.263230,1.263290
1650272760,1.263290,1.263290,1.263200,1.263240
1650272820,1.263290,1.263320,1.263150,1.263180
1650272880,1.263170,1.263180,1.263060,1.263060
1650272940,1.263060,1.263190,1.263050,1.263170
1650273000,1.263160,1.263400,1.263160,1.263200
1650273060,1.263210,1.263210,1.263160,1.263160
1650273120,1.263180,1.263210,1.263130,1.263160
1650273180,1.263160,1.263240,1.263160,1.263220
1650273240,1.263230,1.263320,1.263230,1.263280
1650273300,1.263300,1.263330,1.263230,1.263230
1650273360,1.263250,1.263590,1.263240,1.263590
1650273420,1.263580,1.263590,1.263530,1.263580
1650273480,1.263580,1.263600,1.263570,1.263580
1650273540,1.263620,1.263670,1.263580,1.263580
1650273600,1.263590,1.263600,1.263500,1.263600
1650273660,1.263590,1.263680,1.263580,1.263680
1650273720,1.263700,1.263700,1.263550,1.263590
1650273780,1.263600,1.263600,1.263500,1.263500
1650273840,1.263490,1.263550,1.263400,1.263530
1650273900,1.263510,1.263510,1.263440,1.263500
1650273960,1.263500,1.263540,1.263440,1.263450
1650274020,1.263440,1.263510,1.263420,1.263510
1650274080,1.263500,1.263520,1.263430,1.263470
1650274140,1.263480,1.263490,1.263360,1.263360
1650274200,1.263370,1.263450,1.263370,1.263430
1650274260,1.263430,1.263470,1.263420,1.263440
1650274320,1.263450,1.263480,1.263450,1.263460
1650274380,1.263440,1.263500,1.263430,1.263490
1650274440,1.263500,1.263630,1.263500,1.263600
1650274500,1.263600,1.263600,1.263430,1.263550
1650274560,1.263540,1.263570,1.263520,1.263530
1650274620,1.263530,1.263660,1.263530,1.263660
1650274680,1.263650,1.263670,1.263610,1.263620
1650274740,1.263620,1.263990,1.263620,1.263980
1650274800,1.263970,1.264050,1.263930,1.264020
1650274860,1.264000,1.264070,1.263910,1.263910
1650274920,1.263900,1.264020,1.263900,1.263970
1650274980,1.264010,1.264100,1.264010,1.264040
1650275040,1.264020,1.264100,1.264020,1.264090
1650275100,1.264100,1.264190,1.264090,1.264110
1650275160,1.264140,1.264140,1.264100,1.264100
1650275220,1.264070,1.264070,1.264050,1.264050
1650275280,1.264070,1.264160,1.264070,1.264130
1650275340,1.264150,1.264150,1.264120,1.264130
1650275400,1.264120,1.264120,1.264060,1.264100
1650275460,1.264100,1.264210,1.264070,1.264210
1650275520,1.264210,1.264240,1.264200,1.264240
1650275580,1.264230,1.264230,1.264150,1.264180
1650275640,1.264190,1.264290,1.264190,1.264280
1650275700,1.264270,1.264270,1.264250,1.264270
1650275760,1.264260,1.264260,1.264220,1.264220
1650275820,1.264190,1.264190,1.264070,1.264070
1650275880,1.264070,1.264070,1.263990,1.264030
1650275940,1.264020,1.264060,1.263990,1.263990
1650276000,1.263990,1.264150,1.263990,1.264100
1650276060,1.264120,1.264230,1.264110,1.264220
1650276120,1.264230,1.264350,1.264180,1.264200
1650276180,1.264180,1.264220,1.264120,1.264140
1650276240,1.264140,1.264140,1.263950,1.263970
1650276300,1.263990,1.264140,1.263990,1.264100
1650276360,1.264100,1.264210,1.264090,1.264090
1650276420,1.264060,1.264060,1.263980,1.263990
1650276480,1.263970,1.263970,1.263880,1.263910
1650276540,1.263880,1.263910,1.263860,1.263900
1650276600,1.263890,1.264040,1.263890,1.264040
1650276660,1.264090,1.264140,1.264090,1.264130
1650276720,1.264110,1.264130,1.264070,1.264120
1650276780,1.264120,1.264200,1.264110,1.264200
1650276840,1.264200,1.264200,1.264050,1.264050
1650276900,1.264070,1.264170,1.264070,1.264170
1650276960,1.264170,1.264220,1.264080,1.264080
1650277020,1.264080,1.264300,1.264080,1.264290
1650277080,1.264320,1.264320,1.264140,1.264140
1650277140,1.264120,1.264220,1.264100,1.264210
1650277200,1.264190,1.264250,1.264160,1.264220
1650277260,1.264220,1.264220,1.264170,1.264180
1650277320,1.264160,1.264190,1.264100,1.264170
1650277380,1.264200,1.264230,1.264190,1.264210
1650277440,1.264190,1.264190,1.264090,1.264120
1650277500,1.264110,1.264120,1.263980,1.263980
1650277560,1.263990,1.263990,1.263960,1.263970
1650277620,1.263980,1.264000,1.263880,1.263900
1650277680,1.263900,1.263900,1.263740,1.263800
1650277740,1.263810,1.263820,1.263630,1.263750
1650277800,1.263760,1.263830,1.263730,1.263820
1650277860,1.263860,1.263880,1.263810,1.263820
1650277920,1.263820,1.263860,1.263800,1.263820
1650277980,1.263810,1.263900,1.263790,1.263880
1650278040,1.263910,1.263910,1.263860,1.263860
1650278100,1.263880,1.263910,1.263790,1.263810
1650278160,1.263810,1.263820,1.263800,1.263820
1650278220,1.263830,1.263850,1.263800,1.263840
1650278280,1.263860,1.263870,1.263720,1.263720
1650278340,1.263710,1.263790,1.263670,1.263790
1650278400,1.263750,1.263900,1.263710,1.263860
1650278460,1.263860,1.263920,1.263730,1.263730
1650278520,1.263730,1.263820,1.263730,1.263820
1650278580,1.263820,1.263850,1.263820,1.263840
1650278640,1.263870,1.264020,1.263870,1.263990
1650278700,1.264000,1.264050,1.263900,1.263900
1650278760,1.263840,1.263940,1.263810,1.263880
1650278820,1.263870,1.263950,1.263870,1.263880
1650278880,1.263930,1.263950,1.263850,1.263930
1650278940,1.263940,1.263940,1.263820,1.263900
1650279000,1.263890,1.263910,1.263870,1.263880
1650279060,1.263890,1.263900,1.263800,1.263800
1650279120,1.263790,1.263790,1.263680,1.263690
1650279180,1.263680,1.263760,1.263680,1.263710
1650279240,1.263720,1.263760,1.263720,1.263720
1650279300,1.263720,1.263730,1.263690,1.263700
1650279360,1.263730,1.263730,1.263650,1.263650
1650279420,1.263690,1.263700,1.263650,1.263650
1650279480,1.263660,1.263660,1.263480,1.263490
1650279540,1.263490,1.263490,1.263370,1.263380
1650279600,1.263380,1.263380,1.263090,1.263140
1650279660,1.263140,1.263420,1.263140,1.263340
1650279720,1.263330,1.263340,1.263270,1.263290
1650279780,1.263290,1.263300,1.263190,1.263200
1650279840,1.263200,1.263290,1.263200,1.263210
1650279900,1.263210,1.263240,1.263050,1.263050
1650279960,1.263050,1.263110,1.262890,1.262920
1650280020,1.262890,1.262930,1.262740,1.262800
1650280080,1.262770,1.262820,1.262720,1.262820
1650280140,1.262820,1.263020,1.262810,1.262980
1650280200,1.262980,1.262990,1.262840,1.262840
1650280260,1.262830,1.262830,1.262730,1.262740
1650280320,1.262750,1.262760,1.262680,1.262750
1650280380,1.262740,1.262810,1.262730,1.262770
1650280440,1.262780,1.262830,1.262740,1.262740
1650280500,1.262730,1.262870,1.262730,1.262780
1650280560,1.262790,1.262790,1.262580,1.262650
1650280620,1.262650,1.262650,1.262500,1.262500
1650280680,1.262510,1.262550,1.262510,1.262510
1650280740,1.262490,1.262700,1.262490,1.262690
1650280800,1.262710,1.262710,1.262600,1.262680
1650280860,1.262690,1.263000,1.262630,1.262880
1650280920,1.262870,1.263010,1.262870,1.262990
1650280980,1.263000,1.263000,1.262900,1.262950
1650281040,1.262950,1.263020,1.262900,1.263020
1650281100,1.263010,1.263010,1.262910,1.262920
1650281160,1.262900,1.262900,1.262760,1.262760
1650281220,1.262770,1.262860,1.262590,1.262610
1650281280,1.262620,1.262680,1.262570,1.262600
1650281340,1.262630,1.262660,1.262360,1.262420
1650281400,1.262430,1.262520,1.262390,1.262500
1650281460,1.262520,1.262580,1.262460,1.262470
1650281520,1.262480,1.262520,1.262410,1.262410
1650281580,1.262420,1.262460,1.262420,1.262420
1650281640,1.262430,1.262460,1.262400,1.262440
1650281700,1.262440,1.262440,1.262410,1.262430
1650281760,1.262490,1.262510,1.262440,1.262500
1650281820,1.262490,1.262690,1.262490,1.262610
1650281880,1.262610,1.262610,1.262440,1.262490
1650281940,1.262500,1.262510,1.262400,1.262440
1650282000,1.262460,1.262570,1.262410,1.262560
1650282060,1.262580,1.262710,1.262580,1.262650
1650282120,1.262680,1.262700,1.262620,1.262680
1650282180,1.262720,1.262800,1.262710,1.262730
1650282240,1.262720,1.262730,1.262480,1.262500
1650282300,1.262530,1.262630,1.262530,1.262580
1650282360,1.262570,1.262790,1.262570,1.262730
1650282420,1.262740,1.262820,1.262730,1.262820
1650282480,1.262790,1.262880,1.262760,1.262870
1650282540,1.262890,1.263020,1.262890,1.262980
1650282600,1.262990,1.262990,1.262820,1.262870
1650282660,1.262880,1.262930,1.262790,1.262790
1650282720,1.262810,1.262900,1.262770,1.262870
1650282780,1.262860,1.262860,1.262770,1.262780
1650282840,1.262760,1.262810,1.262620,1.262630
1650282900,1.262620,1.262710,1.262590,1.262600
1650282960,1.262600,1.262710,1.262600,1.262620
1650283020,1.262610,1.262680,1.262590,1.262600
1650283080,1.262600,1.262630,1.262500,1.262630
1650283140,1.262630,1.262700,1.262630,1.262670
1650283200,1.262660,1.262870,1.262650,1.262790
1650283260,1.262790,1.262790,1.262620,1.262660
1650283320,1.262670,1.262690,1.262620,1.262630
1650283380,1.262620,1.262620,1.262460,1.262510
1650283440,1.262500,1.262600,1.262460,1.262560
1650283500,1.262550,1.262760,1.262550,1.262680
1650283560,1.262740,1.262840,1.262660,1.262750
1650283620,1.262750,1.262860,1.262730,1.262850
1650283680,1.262820,1.263000,1.262800,1.262990
1650283740,1.263000,1.263050,1.262820,1.262820
1650283800,1.262870,1.262870,1.262800,1.262850
1650283860,1.262840,1.262850,1.262750,1.262830
1650283920,1.262820,1.262990,1.262820,1.262890
1650283980,1.262900,1.263070,1.262900,1.263020
1650284040,1.263030,1.263100,1.262940,1.262940
1650284100,1.262930,1.263090,1.262910,1.263010
1650284160,1.263010,1.263010,1.262790,1.262790
1650284220,1.262770,1.262830,1.262590,1.262770
1650284280,1.262780,1.262820,1.262460,1.262480
1650284340,1.262480,1.262510,1.262250,1.262270
1650284400,1.262280,1.262280,1.261960,1.262060
1650284460,1.262050,1.262230,1.261960,1.261970
1650284520,1.262000,1.262040,1.261940,1.261970
1650284580,1.262000,1.262060,1.261720,1.261860
1650284640,1.261860,1.261980,1.261760,1.261880
1650284700,1.261890,1.262000,1.261750,1.261820
1650284760,1.261850,1.261980,1.261850,1.261960
1650284820,1.261960,1.262000,1.261670,1.261690
1650284880,1.261690,1.261700,1.261480,1.261530
1650284940,1.261530,1.261830,1.261500,1.261720
1650285000,1.261710,1.261750,1.261590,1.261720
1650285060,1.261720,1.261800,1.261600,1.261650
1650285120,1.261670,1.261690,1.261460,1.261540
1650285180,1.261560,1.261570,1.261400,1.261410
1650285240,1.261410,1.261520,1.261300,1.261480
1650285300,1.261490,1.261560,1.261440,1.261450
1650285360,1.261420,1.261420,1.261260,1.261350
1650285420,1.261320,1.261480,1.261320,1.261340
1650285480,1.261350,1.261530,1.261330,1.261510
1650285540,1.261510,1.261770,1.261510,1.261660
1650285600,1.261670,1.261680,1.261520,1.261520
1650285660,1.261520,1.261640,1.261480,1.261480
1650285720,1.261490,1.261610,1.261490,1.261590
1650285780,1.261590,1.261590,1.261510,1.261510
1650285840,1.261580,1.261990,1.261580,1.261990
1650285900,1.261980,1.262080,1.261930,1.262070
1650285960,1.262090,1.262240,1.261930,1.261990
1650286020,1.261970,1.261970,1.261600,1.261640
1650286080,1.261640,1.261680,1.261440,1.261440
1650286140,1.261440,1.261700,1.261420,1.261650
1650286200,1.261650,1.261780,1.261650,1.261760
1650286260,1.261800,1.262030,1.261800,1.262010
1650286320,1.262000,1.262290,1.261990,1.262290
1650286380,1.262290,1.262460,1.262260,1.262380
1650286440,1.262380,1.262580,1.262350,1.262350
1650286500,1.262370,1.262370,1.262180,1.262250
1650286560,1.262250,1.262330,1.262180,1.262290
1650286620,1.262330,1.262490,1.262310,1.262470
1650286680,1.262490,1.262590,1.262430,1.262590
1650286740,1.262580,1.262670,1.262340,1.262360
1650286800,1.262360,1.262390,1.262290,1.262350
1650286860,1.262360,1.262440,1.262210,1.262210
1650286920,1.262210,1.262300,1.261940,1.262210
1650286980,1.262230,1.262370,1.262200,1.262300
1650287040,1.262320,1.262380,1.262210,1.262260
1650287100,1.262230,1.262470,1.262230,1.262310
1650287160,1.262320,1.262320,1.262230,1.262300
1650287220,1.262310,1.262410,1.262310,1.262390
1650287280,1.262380,1.262410,1.262280,1.262390
1650287340,1.262380,1.262580,1.262380,1.262550
1650287400,1.262540,1.262650,1.262480,1.262580
1650287460,1.262560,1.262560,1.262450,1.262480
1650287520,1.262520,1.262550,1.262270,1.262300
1650287580,1.262340,1.262610,1.262280,1.262580
1650287640,1.262560,1.262630,1.262510,1.262510
1650287700,1.262480,1.262730,1.262350,1.262720
1650287760,1.262730,1.262830,1.262650,1.262690
1650287820,1.262690,1.262780,1.262510,1.262510
1650287880,1.262500,1.262500,1.262390,1.262470
1650287940,1.262480,1.262620,1.262480,1.262530
1650288000,1.262530,1.262530,1.262140,1.262300
1650288060,1.262280,1.262380,1.262160,1.262230
1650288120,1.262260,1.262380,1.262220,1.262380
1650288180,1.262370,1.262570,1.262370,1.262570
1650288240,1.262560,1.262580,1.262400,1.262410
1650288300,1.262450,1.262480,1.262440,1.262470
1650288360,1.262470,1.262600,1.262410,1.262530
1650288420,1.262540,1.262580,1.262380,1.262390
1650288480,1.262370,1.262380,1.262290,1.262370
1650288540,1.262370,1.262390,1.262200,1.262210
1650288600,1.262170,1.262170,1.261690,1.262000
1650288660,1.262010,1.262090,1.261560,1.261650
1650288720,1.261650,1.261830,1.261550,1.261680
1650288780,1.261690,1.261890,1.261590,1.261860
1650288840,1.261890,1.262170,1.261770,1.262140
1650288900,1.262140,1.262200,1.261900,1.261960
1650288960,1.261950,1.261950,1.261620,1.261690
1650289020,1.261680,1.261720,1.261370,1.261420
1650289080,1.261400,1.261450,1.261230,1.261340
1650289140,1.261350,1.261660,1.261340,1.261660
1650289200,1.261650,1.261730,1.261480,1.261530
1650289260,1.261520,1.261840,1.261480,1.261790
1650289320,1.261770,1.261780,1.261510,1.261510
1650289380,1.261510,1.261520,1.260850,1.260940
1650289440,1.260920,1.260960,1.260750,1.260890
1650289500,1.260860,1.261220,1.260840,1.261040
1650289560,1.261050,1.261190,1.261020,1.261180
1650289620,1.261190,1.261260,1.260990,1.260990
1650289680,1.260940,1.260940,1.260650,1.260720
1650289740,1.260750,1.260820,1.260640,1.260700
1650289800,1.260680,1.260680,1.260570,1.260580
1650289860,1.260600,1.260830,1.260560,1.260790
1650289920,1.260790,1.261110,1.260790,1.260950
1650289980,1.260980,1.261060,1.260780,1.260780
1650290040,1.260770,1.260880,1.260680,1.260680
1650290100,1.260690,1.260890,1.260570,1.260720
1650290160,1.260700,1.261030,1.260630,1.260960
1650290220,1.260970,1.261270,1.260830,1.261270
1650290280,1.261270,1.261620,1.261260,1.261620
1650290340,1.261630,1.261820,1.261630,1.261730
1650290400,1.261730,1.261730,1.261390,1.261430
1650290460,1.261420,1.261430,1.261170,1.261250
1650290520,1.261260,1.261320,1.260950,1.261100
1650290580,1.261110,1.261160,1.260630,1.260670
1650290640,1.260650,1.260670,1.260260,1.260420
1650290700,1.260410,1.260780,1.260390,1.260730
1650290760,1.260760,1.260880,1.260730,1.260810
1650290820,1.260810,1.261110,1.260760,1.261090
1650290880,1.261110,1.261220,1.260970,1.261200
1650290940,1.261200,1.261460,1.261130,1.261450
1650291000,1.261470,1.261630,1.261380,1.261390
1650291060,1.261380,1.261410,1.261000,1.261140
1650291120,1.261140,1.261310,1.261130,1.261260
1650291180,1.261270,1.261270,1.261080,1.261090
1650291240,1.261100,1.261260,1.261100,1.261210
1650291300,1.261210,1.261340,1.261060,1.261210
1650291360,1.261220,1.261330,1.261060,1.261080
1650291420,1.261060,1.261130,1.261050,1.261110
1650291480,1.261090,1.261180,1.261060,1.261080
1650291540,1.261030,1.261030,1.260730,1.260960
1650291600,1.260980,1.261010,1.260820,1.260820
1650291660,1.260790,1.260800,1.260640,1.260740
1650291720,1.260750,1.260800,1.260670,1.260720
1650291780,1.260740,1.260800,1.260520,1.260570
1650291840,1.260550,1.260610,1.260410,1.260570
1650291900,1.260550,1.260600,1.260460,1.260530
1650291960,1.260520,1.260920,1.260430,1.260920
1650292020,1.260870,1.260950,1.260780,1.260930
1650292080,1.260950,1.261250,1.260950,1.260950
1650292140,1.260950,1.261260,1.260950,1.261110
1650292200,1.261140,1.261220,1.260930,1.261220
1650292260,1.261230,1.261360,1.261160,1.261200
1650292320,1.261220,1.261220,1.261050,1.261090
1650292380,1.261090,1.261140,1.260920,1.260920
1650292440,1.260950,1.261120,1.260890,1.260890
1650292500,1.260900,1.260900,1.260650,1.260780
1650292560,1.260780,1.261000,1.260750,1.260950
1650292620,1.260950,1.261210,1.260950,1.261190
1650292680,1.261190,1.261300,1.260990,1.261010
1650292740,1.261020,1.261220,1.261020,1.261100
1650292800,1.261110,1.261360,1.261000,1.261340
1650292860,1.261340,1.261340,1.261130,1.261170
1650292920,1.261170,1.261400,1.260970,1.261390
1650292980,1.261420,1.261510,1.261250,1.261500
1650293040,1.261510,1.261590,1.261350,1.261360
1650293100,1.261360,1.261450,1.261290,1.261450
1650293160,1.261480,1.261680,1.261480,1.261560
1650293220,1.261570,1.261570,1.261400,1.261490
1650293280,1.261490,1.261530,1.261310,1.261400
1650293340,1.261410,1.261790,1.261410,1.261730
1650293400,1.261760,1.262340,1.261730,1.262180
1650293460,1.262180,1.262200,1.262120,1.262130
1650293520,1.262110,1.262190,1.262110,1.262180
1650293580,1.262220,1.262670,1.262220,1.262550
1650293640,1.262520,1.262530,1.262340,1.262360
1650293700,1.262360,1.262530,1.262280,1.262380
1650293760,1.262360,1.262450,1.262270,1.262380
1650293820,1.262390,1.262710,1.262380,1.262390
1650293880,1.262380,1.262510,1.262030,1.262040
1650293940,1.262040,1.262230,1.261940,1.262210
1650294000,1.262200,1.262410,1.262180,1.262370
1650294060,1.262370,1.262560,1.262180,1.262180
1650294120,1.262220,1.262290,1.261960,1.261980
1650294180,1.261990,1.261990,1.261500,1.261520
1650294240,1.261510,1.261760,1.261470,1.261720
1650294300,1.261720,1.262010,1.261700,1.262000
1650294360,1.262010,1.262390,1.262010,1.262250
1650294420,1.262260,1.262270,1.262140,1.262250
1650294480,1.262230,1.262340,1.262160,1.262210
1650294540,1.262210,1.262220,1.262040,1.262060
1650294600,1.262080,1.262080,1.261860,1.261860
1650294660,1.261840,1.261850,1.261740,1.261820
1650294720,1.261820,1.261870,1.261660,1.261840
1650294780,1.261860,1.262000,1.261710,1.261730
1650294840,1.261720,1.261760,1.261560,1.261570
1650294900,1.261540,1.261770,1.261410,1.261770
1650294960,1.261770,1.261770,1.261410,1.261420
1650295020,1.261410,1.261660,1.261280,1.261620
1650295080,1.261650,1.261790,1.261500,1.261570
1650295140,1.261560,1.261610,1.261330,1.261330
1650295200,1.261350,1.261370,1.261220,1.261270
1650295260,1.261280,1.261300,1.261150,1.261210
1650295320,1.261210,1.261460,1.261210,1.261340
1650295380,1.261350,1.261490,1.261320,1.261480
1650295440,1.261460,1.261530,1.261300,1.261330
1650295500,1.261330,1.261450,1.261120,1.261190
1650295560,1.261190,1.261350,1.261140,1.261350
1650295620,1.261370,1.261440,1.261270,1.261270
1650295680,1.261340,1.261340,1.261180,1.261180
1650295740,1.261160,1.261190,1.260790,1.260880
1650295800,1.260930,1.261070,1.260850,1.260860
1650295860,1.260840,1.261100,1.260840,1.260910
1650295920,1.260910,1.261100,1.260870,1.261100
1650295980,1.261130,1.261200,1.261040,1.261100
1650296040,1.261130,1.261200,1.261080,1.261190
1650296100,1.261180,1.261190,1.260870,1.260960
1650296160,1.260960,1.261180,1.260930,1.261090
1650296220,1.261110,1.261190,1.261000,1.261120
1650296280,1.261140,1.261280,1.261100,1.261200
1650296340,1.261200,1.261390,1.261180,1.261280
1650296400,1.261290,1.261660,1.261280,1.261650
1650296460,1.261650,1.261660,1.261520,1.261550
1650296520,1.261560,1.261670,1.261510,1.261600
1650296580,1.261660,1.261740,1.261600,1.261610
1650296640,1.261670,1.261840,1.261670,1.261840
1650296700,1.261830,1.261830,1.261700,1.261740
1650296760,1.261770,1.262100,1.261760,1.262090
1650296820,1.262080,1.262170,1.261970,1.262140
1650296880,1.262130,1.262350,1.262120,1.262340
1650296940,1.262340,1.262550,1.262340,1.262550
1650297000,1.262540,1.262660,1.262530,1.262620
1650297060,1.262630,1.262700,1.262550,1.262690
1650297120,1.262680,1.262680,1.262540,1.262620
1650297180,1.262580,1.262600,1.262430,1.262560
1650297240,1.262570,1.262600,1.262530,1.262580
1650297300,1.262570,1.262600,1.262100,1.262120
1650297360,1.262120,1.262260,1.262050,1.262160
1650297420,1.262160,1.262360,1.261980,1.261980
1650297480,1.262000,1.262170,1.261940,1.262110
1650297540,1.262120,1.262170,1.261950,1.262040
1650297600,1.262020,1.262110,1.261900,1.261910
1650297660,1.261920,1.261940,1.261650,1.261660
1650297720,1.261650,1.261660,1.261470,1.261540
1650297780,1.261590,1.261810,1.261590,1.261770
1650297840,1.261790,1.261960,1.261740,1.261750
1650297900,1.261750,1.261950,1.261730,1.261890
1650297960,1.261890,1.261890,1.261610,1.261660
1650298020,1.261650,1.261700,1.261390,1.261390
1650298080,1.261370,1.261440,1.261360,1.261400
1650298140,1.261420,1.261620,1.261340,1.261610
1650298200,1.261600,1.262110,1.261560,1.262080
1650298260,1.262100,1.262160,1.261950,1.261960
1650298320,1.261970,1.262010,1.261860,1.261910
1650298380,1.261900,1.261960,1.261700,1.261700
1650298440,1.261700,1.262210,1.261700,1.262160
1650298500,1.262180,1.262300,1.262100,1.262300
1650298560,1.262290,1.262290,1.262140,1.262200
1650298620,1.262260,1.262500,1.262260,1.262380
1650298680,1.262390,1.262400,1.262150,1.262210
1650298740,1.262240,1.262240,1.262100,1.262150
1650298800,1.262160,1.262250,1.262070,1.262080
1650298860,1.262080,1.262310,1.262080,1.262300
1650298920,1.262280,1.262370,1.262230,1.262280
1650298980,1.262280,1.262420,1.262280,1.262400
1650299040,1.262390,1.262420,1.262310,1.262320
1650299100,1.262340,1.262340,1.262110,1.262120
1650299160,1.262130,1.262300,1.262100,1.262200
1650299220,1.262220,1.262220,1.262070,1.262080
1650299280,1.262090,1.262110,1.261870,1.261930
1650299340,1.261930,1.262040,1.261930,1.262020
1650299400,1.262030,1.262060,1.261910,1.262000
1650299460,1.261960,1.262000,1.261820,1.261830
1650299520,1.261820,1.262050,1.261720,1.262030
1650299580,1.262030,1.262360,1.261990,1.262350
1650299640,1.262340,1.262340,1.262190,1.262190
1650299700,1.262180,1.262240,1.262090,1.262210
1650299760,1.262200,1.262300,1.262200,1.262250
1650299820,1.262250,1.262250,1.262090,1.262160
1650299880,1.262160,1.262340,1.262160,1.262200
1650299940,1.262190,1.262230,1.262170,1.262170
1650300000,1.262180,1.262240,1.262080,1.262220
1650300060,1.262210,1.262320,1.262210,1.262230
1650300120,1.262240,1.262240,1.262030,1.262060
1650300180,1.262070,1.262100,1.262000,1.262060
1650300240,1.262060,1.262060,1.261880,1.261900
1650300300,1.261860,1.261940,1.261770,1.261820
1650300360,1.261820,1.261990,1.261790,1.261900
1650300420,1.261910,1.262130,1.261910,1.262070
1650300480,1.262080,1.262080,1.261880,1.261950
1650300540,1.261910,1.261930,1.261880,1.261890
1650300600,1.261850,1.261850,1.261720,1.261740
1650300660,1.261740,1.261870,1.261670,1.261760
1650300720,1.261760,1.261780,1.261670,1.261670
1650300780,1.261670,1.261890,1.261670,1.261760
1650300840,1.261760,1.261790,1.261750,1.261760
1650300900,1.261760,1.261780,1.261760,1.261760
1650300960,1.261760,1.261790,1.261640,1.261790
1650301020,1.261780,1.261950,1.261780,1.261790
1650301080,1.261790,1.261790,1.261550,1.261590
1650301140,1.261570,1.261600,1.261450,1.261550
1650301200,1.261540,1.261700,1.261500,1.261640
1650301260,1.261650,1.261650,1.261400,1.261480
1650301320,1.261480,1.261570,1.261420,1.261570
1650301380,1.261580,1.261620,1.261550,1.261620
1650301440,1.261610,1.261610,1.261380,1.261510
1650301500,1.261520,1.261540,1.261380,1.261500
1650301560,1.261510,1.261560,1.261490,1.261510
1650301620,1.261510,1.261590,1.261440,1.261480
1650301680,1.261460,1.261520,1.261400,1.261520
1650301740,1.261530,1.261530,1.261490,1.261520
1650301800,1.261520,1.261530,1.261130,1.261350
1650301860,1.261360,1.261390,1.261250,1.261370
1650301920,1.261370,1.261430,1.261190,1.261190
1650301980,1.261220,1.261400,1.261180,1.261340
1650302040,1.261330,1.261340,1.261260,1.261310
1650302100,1.261330,1.261470,1.261320,1.261380
1650302160,1.261370,1.261550,1.261360,1.261540
1650302220,1.261540,1.261740,1.261530,1.261690
1650302280,1.261690,1.261760,1.261660,1.261750
1650302340,1.261730,1.261770,1.261680,1.261750
1650302400,1.261760,1.261790,1.261650,1.261690
1650302460,1.261700,1.261770,1.261680,1.261710
1650302520,1.261710,1.261710,1.261440,1.261540
1650302580,1.261540,1.261610,1.261500,1.261500
1650302640,1.261500,1.261640,1.261410,1.261410
1650302700,1.261400,1.261760,1.261400,1.261760
1650302760,1.261760,1.261860,1.261720,1.261830
1650302820,1.261860,1.261910,1.261680,1.261760
1650302880,1.261730,1.261860,1.261730,1.261830
1650302940,1.261830,1.261840,1.261590,1.261590
1650303000,1.261590,1.261670,1.261490,1.261540
1650303060,1.261550,1.261610,1.261350,1.261440
1650303120,1.261440,1.261440,1.261270,1.261340
1650303180,1.261340,1.261340,1.261250,1.261300
1650303240,1.261290,1.261310,1.261140,1.261140
1650303300,1.261140,1.261160,1.260980,1.261040
1650303360,1.261040,1.261150,1.260980,1.261080
1650303420,1.261090,1.261100,1.260970,1.261060
1650303480,1.261070,1.261130,1.261000,1.261070
1650303540,1.261070,1.261080,1.260920,1.260940
1650303600,1.260950,1.261020,1.260900,1.260990
1650303660,1.260980,1.261010,1.260900,1.261010
1650303720,1.261020,1.261070,1.260880,1.260910
1650303780,1.260840,1.261120,1.260820,1.261060
1650303840,1.261120,1.261180,1.261090,1.261120
1650303900,1.261120,1.261190,1.261080,1.261110
1650303960,1.261110,1.261270,1.261110,1.261270
1650304020,1.261260,1.261260,1.261150,1.261190
1650304080,1.261230,1.261310,1.261180,1.261190
1650304140,1.261170,1.261190,1.260840,1.260970
1650304200,1.260960,1.261030,1.260850,1.260930
1650304260,1.260890,1.260920,1.260820,1.260850
1650304320,1.260870,1.261050,1.260780,1.260780
1650304380,1.260790,1.260790,1.260610,1.260650
1650304440,1.260650,1.260760,1.260650,1.260700
1650304500,1.260710,1.260710,1.260550,1.260570
1650304560,1.260570,1.260610,1.260490,1.260500
1650304620,1.260500,1.260670,1.260490,1.260590
1650304680,1.260590,1.260880,1.260580,1.260830
1650304740,1.260830,1.260900,1.260730,1.260760
1650304800,1.260740,1.260860,1.260730,1.260830
1650304860,1.260830,1.260860,1.260670,1.260670
1650304920,1.260670,1.260780,1.260660,1.260760
1650304980,1.260810,1.260940,1.260810,1.260930
1650305040,1.260930,1.260940,1.260850,1.260900
1650305100,1.260900,1.260990,1.260850,1.260980
1650305160,1.260980,1.261150,1.260950,1.260960
1650305220,1.260940,1.261100,1.260920,1.261090
1650305280,1.261100,1.261120,1.260990,1.261090
1650305340,1.261100,1.261140,1.261000,1.261040
1650305400,1.261010,1.261100,1.260990,1.261010
1650305460,1.261010,1.261050,1.260970,1.261020
1650305520,1.261010,1.261310,1.260990,1.261310
1650305580,1.261300,1.261400,1.261280,1.261400
1650305640,1.261390,1.261430,1.261220,1.261230
1650305700,1.261210,1.261430,1.261070,1.261400
1650305760,1.261400,1.261700,1.261400,1.261690
1650305820,1.261690,1.261810,1.261610,1.261700
1650305880,1.261710,1.261710,1.261590,1.261610
1650305940,1.261610,1.261630,1.261570,1.261630
1650306000,1.261630,1.261670,1.261530,1.261530
1650306060,1.261540,1.261700,1.261530,1.261690
1650306120,1.261690,1.261690,1.261550,1.261650
1650306180,1.261660,1.261720,1.261610,1.261630
1650306240,1.261640,1.261640,1.261440,1.261480
1650306300,1.261480,1.261620,1.261320,1.261570
1650306360,1.261560,1.261750,1.261540,1.261710
1650306420,1.261720,1.261770,1.261630,1.261770
1650306480,1.261770,1.261870,1.261730,1.261800
1650306540,1.261790,1.261810,1.261610,1.261650
1650306600,1.261650,1.261690,1.261590,1.261640
1650306660,1.261650,1.261690,1.261510,1.261680
1650306720,1.261680,1.261690,1.261540,1.261600
1650306780,1.261600,1.261700,1.261520,1.261630
1650306840,1.261630,1.261680,1.261520,1.261540
1650306900,1.261520,1.261520,1.261320,1.261390
1650306960,1.261400,1.261450,1.261370,1.261440
1650307020,1.261440,1.261440,1.261220,1.261290
1650307080,1.261360,1.261460,1.261300,1.261410
1650307140,1.261380,1.261480,1.261380,1.261410
1650307200,1.261410,1.261420,1.261200,1.261310
1650307260,1.261320,1.261370,1.261210,1.261350
1650307320,1.261340,1.261420,1.261330,1.261400
1650307380,1.261400,1.261540,1.261390,1.261490
1650307440,1.261500,1.261610,1.261500,1.261610
1650307500,1.261620,1.261650,1.261480,1.261620
1650307560,1.261610,1.261700,1.261610,1.261690
1650307620,1.261690,1.261790,1.261690,1.261780
1650307680,1.261780,1.261900,1.261670,1.261670
1650307740,1.261660,1.261670,1.261570,1.261650
1650307800,1.261680,1.261700,1.261480,1.261500
1650307860,1.261490,1.261520,1.261430,1.261450
1650307920,1.261440,1.261520,1.261390,1.261520
1650307980,1.261520,1.261550,1.261460,1.261460
1650308040,1.261450,1.261520,1.261410,1.261470
1650308100,1.261470,1.261700,1.261460,1.261620
1650308160,1.261600,1.261630,1.261540,1.261620
1650308220,1.261630,1.261710,1.261610,1.261680
1650308280,1.261690,1.261920,1.261550,1.261580
1650308340,1.261570,1.261660,1.261470,1.261650
1650308400,1.261670,1.261790,1.261630,1.261740
1650308460,1.261750,1.261890,1.261730,1.261870
1650308520,1.261870,1.261990,1.261870,1.261930
1650308580,1.261930,1.262050,1.261890,1.261980
1650308640,1.261970,1.262130,1.261970,1.262090
1650308700,1.262110,1.262110,1.261860,1.261860
1650308760,1.261840,1.261850,1.261700,1.261740
1650308820,1.261740,1.261740,1.261610,1.261630
1650308880,1.261620,1.261700,1.261570,1.261660
1650308940,1.261660,1.261770,1.261650,1.261650
1650309000,1.261640,1.261700,1.261520,1.261530
1650309060,1.261530,1.261550,1.261440,1.261450
1650309120,1.261460,1.261460,1.261310,1.261450
1650309180,1.261450,1.261540,1.261380,1.261500
1650309240,1.261490,1.261620,1.261400,1.261460
1650309300,1.261460,1.261490,1.261260,1.261320
1650309360,1.261300,1.261430,1.261260,1.261390
1650309420,1.261390,1.261440,1.261380,1.261420
1650309480,1.261440,1.261530,1.261370,1.261370
1650309540,1.261370,1.261470,1.261340,1.261470
1650309600,1.261460,1.261490,1.261300,1.261370
1650309660,1.261340,1.261420,1.261290,1.261340
1650309720,1.261360,1.261450,1.261340,1.261350
1650309780,1.261360,1.261510,1.261360,1.261430
1650309840,1.261430,1.261490,1.261280,1.261330
1650309900,1.261340,1.261480,1.261310,1.261450
1650309960,1.261440,1.261440,1.261270,1.261430
1650310020,1.261430,1.261510,1.261420,1.261500
1650310080,1.261520,1.261590,1.261450,1.261550
1650310140,1.261580,1.261660,1.261520,1.261570
1650310200,1.261590,1.261760,1.261580,1.261750
1650310260,1.261730,1.261770,1.261620,1.261620
1650310320,1.261630,1.261930,1.261580,1.261910
1650310380,1.261920,1.261950,1.261740,1.261760
1650310440,1.261770,1.261860,1.261750,1.261830
1650310500,1.261830,1.261920,1.261830,1.261920
1650310560,1.261870,1.261930,1.261790,1.261920
1650310620,1.261950,1.262190,1.261940,1.262080
1650310680,1.262110,1.262190,1.262060,1.262150
1650310740,1.262150,1.262180,1.262050,1.262100
1650310800,1.262090,1.262190,1.262040,1.262060
1650310860,1.262070,1.262110,1.262000,1.262020
1650310920,1.262010,1.262040,1.261920,1.262000
1650310980,1.262010,1.262090,1.261990,1.262080
1650311040,1.262080,1.262170,1.262080,1.262150
1650311100,1.262210,1.262310,1.262160,1.262200
1650311160,1.262210,1.262350,1.262210,1.262340
1650311220,1.262330,1.262370,1.262170,1.262300
1650311280,1.262300,1.262550,1.262290,1.262480
1650311340,1.262470,1.262490,1.262470,1.262490
1650311400,1.262500,1.262570,1.262500,1.262530
1650311460,1.262530,1.262560,1.262500,1.262540
1650311520,1.262520,1.262530,1.262260,1.262290
1650311580,1.262270,1.262290,1.262210,1.262220
1650311640,1.262210,1.262210,1.262080,1.262110
1650311700,1.262140,1.262230,1.261990,1.261990
1650311760,1.261960,1.261960,1.261810,1.261830
1650311820,1.261840,1.261940,1.261650,1.261670
1650311880,1.261660,1.261700,1.261580,1.261600
1650311940,1.261600,1.261650,1.261470,1.261600
1650312000,1.261610,1.261670,1.261430,1.261430
1650312060,1.261430,1.261510,1.261370,1.261410
1650312120,1.261420,1.261590,1.261400,1.261590
1650312180,1.261570,1.261590,1.261540,1.261560
1650312240,1.261550,1.261590,1.261510,1.261560
1650312300,1.261580,1.261580,1.261520,1.261540
1650312360,1.261520,1.261630,1.261460,1.261460
1650312420,1.261470,1.261490,1.261440,1.261450
1650312480,1.261470,1.261560,1.261450,1.261560
1650312540,1.261570,1.261570,1.261550,1.261550
1650312600,1.261550,1.261580,1.261550,1.261580
1650312660,1.261560,1.261570,1.261450,1.261460
1650312720,1.261470,1.261600,1.261460,1.261580
1650312780,1.261590,1.261590,1.261510,1.261520
1650312840,1.261550,1.261610,1.261520,1.261570
1650312900,1.261570,1.261570,1.261540,1.261540
1650312960,1.261560,1.261570,1.261500,1.261500
1650313020,1.261500,1.261510,1.261450,1.261500
1650313080,1.261500,1.261520,1.261460,1.261460
1650313140,1.261480,1.261480,1.261430,1.261460
1650313200,1.261470,1.261520,1.261450,1.261520
1650313260,1.261510,1.261520,1.261500,1.261510
1650313320,1.261510,1.261530,1.261510,1.261510
1650313380,1.261530,1.261540,1.261510,1.261520
1650313440,1.261540,1.261570,1.261530,1.261550
1650313500,1.261590,1.261600,1.261430,1.261460
1650313560,1.261460,1.261460,1.261090,1.261110
1650313620,1.261080,1.261200,1.261060,1.261200
1650313680,1.261220,1.261240,1.261170,1.261180
1650313740,1.261180,1.261180,1.260950,1.261030
1650313800,1.261030,1.261070,1.260990,1.261070
1650313860,1.261060,1.261120,1.261060,1.261110
1650313920,1.261100,1.261280,1.261100,1.261280
1650313980,1.261280,1.261300,1.261270,1.261290
1650314040,1.261280,1.261280,1.261270,1.261270
1650314100,1.261270,1.261300,1.261270,1.261290
1650314160,1.261280,1.261290,1.261220,1.261250
1650314220,1.261240,1.261240,1.261180,1.261200
1650314280,1.261190,1.261200,1.261130,1.261140
1650314340,1.261120,1.261140,1.261100,1.261110
1650314400,1.261100,1.261100,1.261100,1.261100
1650314460,1.261100,1.261100,1.260950,1.260990
1650314520,1.260990,1.261070,1.260980,1.261070
1650314580,1.261100,1.261150,1.261100,1.261110
1650314640,1.261120,1.261150,1.261060,1.261060
1650314700,1.261070,1.261070,1.260920,1.260930
1650314760,1.260930,1.261040,1.260930,1.260950
1650314820,1.260950,1.260990,1.260860,1.260970
1650314880,1.260980,1.261000,1.260980,1.261000
1650314940,1.260990,1.261010,1.260990,1.261000
1650315000,1.260990,1.260990,1.260830,1.260910
1650315060,1.260910,1.260940,1.260880,1.260940
1650315120,1.260930,1.261060,1.260930,1.261060
1650315180,1.261070,1.261130,1.261070,1.261080
1650315240,1.261070,1.261120,1.261070,1.261090
1650315300,1.261060,1.261080,1.260890,1.260900
1650315360,1.260900,1.260910,1.260800,1.260820
1650315420,1.260810,1.260810,1.260720,1.260730
1650315480,1.260730,1.260860,1.260720,1.260850
1650315540,1.260830,1.261000,1.260470,1.260470
1650315600,1.260650,1.260650,1.260650,1.260650
1650315900,1.260650,1.260740,1.260650,1.260740
1650315960,1.260740,1.260950,1.260740,1.260950
1650316080,1.260850,1.260950,1.260850,1.260950
1650316140,1.260950,1.260950,1.260950,1.260950
1650316200,1.260600,1.260600,1.260600,1.260600
1650316320,1.260850,1.260850,1.260850,1.260850
1650316380,1.260860,1.260860,1.260860,1.260860
1650316500,1.260950,1.261160,1.260820,1.261130
1650316560,1.260840,1.261140,1.260840,1.261130
1650316620,1.261130,1.261130,1.261120,1.261120
1650316680,1.261130,1.261130,1.261120,1.261120
1650316740,1.261130,1.261160,1.261130,1.261150
1650316800,1.261160,1.261160,1.261120,1.261130
1650316860,1.261130,1.261160,1.261120,1.261160
1650316920,1.261150,1.261270,1.261120,1.261270
1650316980,1.261280,1.261330,1.261000,1.261230
1650317040,1.261230,1.261260,1.261190,1.261200
1650317100,1.261200,1.261310,1.261190,1.261200
1650317160,1.261190,1.261500,1.261190,1.261190
1650317220,1.261190,1.261540,1.261010,1.261010
1650317280,1.261020,1.261440,1.260980,1.261030
1650317340,1.261120,1.261430,1.261010,1.261070
1650317400,1.261440,1.261440,1.261080,1.261080
1650317460,1.261060,1.262220,1.260760,1.261280
1650317520,1.261460,1.261540,1.261060,1.261200
1650317580,1.261170,1.261170,1.261050,1.261090
1650317640,1.261050,1.261050,1.261050,1.261050
1650317700,1.261080,1.261170,1.261080,1.261170
1650317760,1.261090,1.261090,1.261090,1.261090
1650317820,1.261110,1.261120,1.261110,1.261120
1650317880,1.261130,1.261170,1.261130,1.261170
1650317940,1.261180,1.261180,1.261180,1.261180
1650318000,1.261190,1.261190,1.261190,1.261190
1650318060,1.261210,1.261210,1.261190,1.261190
1650318120,1.261150,1.261150,1.261020,1.261020
1650318240,1.261000,1.261010,1.260920,1.260920
1650318300,1.260930,1.260940,1.260860,1.260930
1650318360,1.260940,1.260940,1.260930,1.260940
1650318420,1.260920,1.260930,1.260910,1.260910
1650318480,1.260900,1.260920,1.260880,1.260890
1650318540,1.260920,1.260930,1.260860,1.260920
1650318600,1.260920,1.260930,1.260840,1.260910
1650318660,1.260920,1.260930,1.260850,1.260920
1650318720,1.260900,1.260930,1.260880,1.260930
1650318780,1.260910,1.260930,1.260880,1.260890
1650318840,1.260900,1.260930,1.260790,1.260890
1650318900,1.260900,1.260930,1.260770,1.260910
1650318960,1.260930,1.260930,1.260760,1.260920
1650319020,1.260910,1.260930,1.260840,1.260920
1650319080,1.260900,1.260930,1.260870,1.260890
1650319140,1.260920,1.260990,1.260780,1.260950
1650319200,1.260920,1.261000,1.260900,1.260950
1650319260,1.260940,1.261250,1.260940,1.261210
1650319320,1.261220,1.261230,1.261160,1.261160
1650319380,1.261160,1.261160,1.261100,1.261110
1650319440,1.261120,1.261130,1.261070,1.261120
1650319500,1.261120,1.261140,1.261090,1.261090
1650319560,1.261100,1.261140,1.261100,1.261120
1650319680,1.261120,1.261120,1.260920,1.260920
1650319740,1.260920,1.261020,1.260900,1.261000
1650319800,1.260990,1.260990,1.260860,1.260870
1650319860,1.260860,1.260880,1.260860,1.260880
1650319920,1.260880,1.260880,1.260870,1.260880
1650319980,1.260880,1.260880,1.260870,1.260870
1650320040,1.260920,1.260950,1.260880,1.260890
1650320100,1.260870,1.260930,1.260860,1.260930
1650320160,1.260940,1.260950,1.260930,1.260930
1650320220,1.260940,1.260960,1.260920,1.260950
1650320280,1.260930,1.260970,1.260930,1.260940
1650320340,1.260940,1.260940,1.260860,1.260870
1650320400,1.260870,1.260870,1.260780,1.260790
1650320460,1.260780,1.260790,1.260780,1.260790
1650320520,1.260840,1.260870,1.260790,1.260860
1650320580,1.260860,1.260860,1.260780,1.260780
1650320640,1.260780,1.260790,1.260700,1.260700
1650320700,1.260690,1.260690,1.260610,1.260610
1650320760,1.260570,1.260570,1.260540,1.260560
1650320820,1.260570,1.260610,1.260560,1.260580
1650320880,1.260560,1.260710,1.260560,1.260670
1650320940,1.260700,1.260700,1.260550,1.260590
1650321000,1.260580,1.260580,1.260550,1.260560
1650321060,1.260570,1.260690,1.260510,1.260690
1650321120,1.260680,1.260700,1.260620,1.260620
1650321180,1.260630,1.260630,1.260600,1.260630
1650321240,1.260650,1.260720,1.260630,1.260690
1650321300,1.260690,1.260690,1.260560,1.260570
1650321360,1.260570,1.260650,1.260560,1.260640
1650321420,1.260620,1.260620,1.260610,1.260610
1650321480,1.260610,1.260610,1.260600,1.260600
1650321540,1.260600,1.260610,1.260570,1.260570
1650321600,1.260570,1.260580,1.260550,1.260550
1650321660,1.260580,1.260610,1.260580,1.260600
1650321720,1.260600,1.260700,1.260600,1.260680
1650321780,1.260700,1.260790,1.260700,1.260720
1650321840,1.260730,1.260790,1.260730,1.260780
1650321900,1.260770,1.260770,1.260700,1.260700
1650321960,1.260720,1.260720,1.260720,1.260720
1650322020,1.260720,1.260720,1.260700,1.260700
1650322080,1.260710,1.260710,1.260710,1.260710
1650322140,1.260700,1.260720,1.260700,1.260710
1650322200,1.260700,1.260710,1.260700,1.260710
1650322260,1.260690,1.260700,1.260690,1.260700
1650322320,1.260660,1.260660,1.260550,1.260560
1650322380,1.260560,1.260600,1.260540,1.260590
1650322440,1.260590,1.260590,1.260560,1.260560
1650322500,1.260560,1.260560,1.260510,1.260530
1650322560,1.260550,1.260550,1.260510,1.260520
1650322620,1.260520,1.260530,1.260460,1.260470
1650322680,1.260410,1.260410,1.260260,1.260270
1650322740,1.260290,1.260460,1.260290,1.260420
1650322800,1.260410,1.260480,1.260280,1.260340
1650322860,1.260340,1.260460,1.260340,1.260390
1650322920,1.260400,1.260400,1.260250,1.260280
1650322980,1.260310,1.260470,1.260310,1.260470
1650323040,1.260430,1.260490,1.260350,1.260350
1650323100,1.260380,1.260410,1.260340,1.260390
1650323160,1.260380,1.260540,1.260380,1.260500
1650323220,1.260490,1.260510,1.260490,1.260510
1650323280,1.260520,1.260590,1.260500,1.260500
1650323340,1.260510,1.260840,1.260500,1.260840
1650323400,1.260870,1.260930,1.260790,1.260850
1650323460,1.260830,1.260830,1.260620,1.260660
1650323520,1.260650,1.260670,1.260650,1.260660
1650323580,1.260680,1.260680,1.260640,1.260660
1650323640,1.260650,1.260790,1.260650,1.260740
1650323700,1.260740,1.260740,1.260710,1.260720
1650323760,1.260710,1.260790,1.260710,1.260780
1650323820,1.260740,1.260740,1.260730,1.260740
1650323880,1.260730,1.260860,1.260710,1.260710
1650323940,1.260710,1.260720,1.260610,1.260610
1650324000,1.260590,1.260590,1.260480,1.260480
1650324060,1.260490,1.260490,1.260390,1.260400
1650324120,1.260400,1.260480,1.260380,1.260430
1650324180,1.260430,1.260500,1.260420,1.260480
1650324240,1.260470,1.260600,1.260420,1.260590
1650324300,1.260620,1.260650,1.260540,1.260550
1650324360,1.260540,1.260570,1.260540,1.260560
1650324420,1.260560,1.260600,1.260470,1.260470
1650324480,1.260490,1.260530,1.260470,1.260520
1650324540,1.260510,1.260570,1.260500,1.260560
1650324600,1.260550,1.260590,1.260530,1.260530
1650324660,1.260510,1.260570,1.260500,1.260570
1650324720,1.260580,1.260650,1.260540,1.260540
1650324780,1.260540,1.260610,1.260510,1.260520
1650324840,1.260540,1.260590,1.260520,1.260550
1650324900,1.260550,1.260700,1.260490,1.260690
1650324960,1.260690,1.260730,1.260600,1.260700
1650325020,1.260700,1.260740,1.260700,1.260710
1650325080,1.260710,1.260740,1.260650,1.260720
1650325140,1.260720,1.260720,1.260630,1.260640
1650325200,1.260640,1.260670,1.260610,1.260640
1650325260,1.260640,1.260640,1.260640,1.260640
1650325320,1.260610,1.260620,1.260490,1.260520
1650325380,1.260530,1.260640,1.260490,1.260490
1650325440,1.260490,1.260510,1.260460,1.260500
1650325500,1.260500,1.260530,1.260490,1.260520
1650325560,1.260520,1.260520,1.260420,1.260450
1650325620,1.260450,1.260510,1.260350,1.260480
1650325680,1.260430,1.260490,1.260360,1.260470
1650325740,1.260470,1.260480,1.260430,1.260440
1650325800,1.260420,1.260470,1.260410,1.260470
1650325860,1.260470,1.260480,1.260350,1.260400
1650325920,1.260410,1.260420,1.260250,1.260250
1650325980,1.260260,1.260260,1.260080,1.260160
1650326040,1.260140,1.260150,1.260120,1.260140
1650326100,1.260110,1.260160,1.260050,1.260120
1650326160,1.260100,1.260110,1.259920,1.260020
1650326220,1.260030,1.260080,1.259950,1.260040
1650326280,1.260010,1.260060,1.259990,1.260050
1650326340,1.260060,1.260090,1.259990,1.260010
1650326400,1.260030,1.260290,1.260030,1.260170
1650326460,1.260170,1.260450,1.260170,1.260380
1650326520,1.260390,1.260390,1.259910,1.259940
1650326580,1.259940,1.260230,1.259910,1.260210
1650326640,1.260210,1.260250,1.260120,1.260200
1650326700,1.260200,1.260200,1.259910,1.259910
1650326760,1.259910,1.259940,1.259570,1.259600
1650326820,1.259680,1.259790,1.259590,1.259760
1650326880,1.259740,1.259740,1.259640,1.259650
1650326940,1.259650,1.259800,1.259650,1.259660
1650327000,1.259620,1.259680,1.259450,1.259510
1650327060,1.259520,1.259520,1.259290,1.259310
1650327120,1.259350,1.259440,1.259290,1.259310
1650327180,1.259320,1.259380,1.259160,1.259360
1650327240,1.259360,1.259490,1.259300,1.259320
1650327300,1.259310,1.259360,1.259210,1.259360
1650327360,1.259380,1.259510,1.259340,1.259500
1650327420,1.259460,1.259480,1.259370,1.259480
1650327480,1.259470,1.259690,1.259400,1.259520
1650327540,1.259530,1.259570,1.259430,1.259460
1650327600,1.259460,1.259460,1.259350,1.259410
1650327660,1.259400,1.259420,1.259260,1.259290
1650327720,1.259310,1.259420,1.259280,1.259290
1650327780,1.259340,1.259340,1.259230,1.259230
1650327840,1.259230,1.259280,1.259230,1.259250
1650327900,1.259250,1.259270,1.259160,1.259270
1650327960,1.259270,1.259270,1.259240,1.259270
1650328020,1.259250,1.259260,1.259190,1.259250
1650328080,1.259250,1.259500,1.259240,1.259480
1650328140,1.259500,1.259520,1.259340,1.259450
1650328200,1.259450,1.259450,1.259380,1.259430
1650328260,1.259460,1.259550,1.259460,1.259550
1650328320,1.259540,1.259610,1.259480,1.259520
1650328380,1.259480,1.259510,1.259390,1.259440
1650328440,1.259440,1.259470,1.259320,1.259370
1650328500,1.259370,1.259390,1.259350,1.259350
1650328560,1.259360,1.259420,1.259290,1.259400
1650328620,1.259400,1.259410,1.259350,1.259390
1650328680,1.259390,1.259450,1.259370,1.259370
1650328740,1.259390,1.259490,1.259380,1.259460
1650328800,1.259460,1.259550,1.259450,1.259480
1650328860,1.259470,1.259560,1.259470,1.259550
1650328920,1.259600,1.259730,1.259600,1.259700
1650328980,1.259700,1.259920,1.259690,1.259880
1650329040,1.259880,1.260320,1.259870,1.260270
1650329100,1.260270,1.260280,1.260020,1.260150
1650329160,1.260150,1.260360,1.260110,1.260350
1650329220,1.260360,1.260400,1.260320,1.260340
1650329280,1.260330,1.260500,1.260330,1.260480
1650329340,1.260500,1.260640,1.260500,1.260640
1650329400,1.260650,1.260780,1.260640,1.260750
1650329460,1.260730,1.260730,1.260540,1.260560
1650329520,1.260560,1.260600,1.260470,1.260580
1650329580,1.260560,1.260730,1.260510,1.260660
1650329640,1.260660,1.260730,1.260660,1.260670
1650329700,1.260660,1.260680,1.260540,1.260570
1650329760,1.260560,1.260670,1.260490,1.260510
1650329820,1.260520,1.260580,1.260500,1.260550
1650329880,1.260540,1.260720,1.260540,1.260710
1650329940,1.260740,1.260740,1.260500,1.260500
1650330000,1.260520,1.260580,1.260360,1.260440
1650330060,1.260440,1.260450,1.260290,1.260310
1650330120,1.260300,1.260500,1.260300,1.260410
1650330180,1.260410,1.260580,1.260410,1.260480
1650330240,1.260510,1.260540,1.260410,1.260490
1650330300,1.260480,1.260510,1.260400,1.260450
1650330360,1.260410,1.260670,1.260410,1.260640
1650330420,1.260630,1.260630,1.260560,1.260560
1650330480,1.260550,1.260640,1.260500,1.260570
1650330540,1.260560,1.260570,1.260480,1.260480
1650330600,1.260480,1.260480,1.260440,1.260480
1650330660,1.260460,1.260530,1.260450,1.260470
1650330720,1.260460,1.260460,1.260410,1.260420
1650330780,1.260410,1.260410,1.260200,1.260200
1650330840,1.260200,1.260420,1.260200,1.260370
1650330900,1.260400,1.260660,1.260390,1.260660
1650330960,1.260670,1.260780,1.260630,1.260730
1650331020,1.260730,1.260740,1.260670,1.260670
1650331080,1.260660,1.260660,1.260560,1.260560
1650331140,1.260570,1.260580,1.260480,1.260530
1650331200,1.260580,1.260670,1.260500,1.260560
1650331260,1.260550,1.260590,1.260440,1.260440
1650331320,1.260430,1.260520,1.260400,1.260400
1650331380,1.260400,1.260430,1.260310,1.260350
1650331440,1.260350,1.260350,1.260140,1.260140
1650331500,1.260150,1.260150,1.259840,1.259880
1650331560,1.259870,1.260040,1.259870,1.259900
1650331620,1.259920,1.260030,1.259900,1.260020
1650331680,1.260020,1.260020,1.259920,1.259980
1650331740,1.259980,1.260010,1.259850,1.259940
1650331800,1.259940,1.259980,1.259810,1.259840
1650331860,1.259830,1.259870,1.259770,1.259850
1650331920,1.259850,1.259860,1.259700,1.259700
1650331980,1.259680,1.259800,1.259620,1.259770
1650332040,1.259770,1.260030,1.259770,1.260030
1650332100,1.260020,1.260420,1.260010,1.260270
1650332160,1.260280,1.260520,1.260260,1.260440
1650332220,1.260480,1.260540,1.260430,1.260460
1650332280,1.260480,1.260480,1.260260,1.260260
1650332340,1.260290,1.260400,1.260290,1.260370
1650332400,1.260390,1.260520,1.260220,1.260220
1650332460,1.260220,1.260310,1.260220,1.260250
1650332520,1.260250,1.260260,1.260090,1.260180
1650332580,1.260180,1.260240,1.260010,1.260010
1650332640,1.260010,1.260280,1.260010,1.260250
1650332700,1.260220,1.260480,1.260220,1.260480
1650332760,1.260490,1.260500,1.260360,1.260390
1650332820,1.260390,1.260400,1.260180,1.260190
1650332880,1.260190,1.260210,1.259990,1.260020
1650332940,1.260030,1.260030,1.259930,1.259980
1650333000,1.259980,1.260210,1.259980,1.260060
1650333060,1.260060,1.260100,1.259970,1.259990
1650333120,1.260010,1.260060,1.259930,1.260030
1650333180,1.260040,1.260280,1.260000,1.260280
1650333240,1.260240,1.260250,1.260130,1.260130
1650333300,1.260140,1.260270,1.260070,1.260240
1650333360,1.260240,1.260250,1.260160,1.260210
1650333420,1.260210,1.260220,1.260130,1.260170
1650333480,1.260180,1.260270,1.260140,1.260270
1650333540,1.260280,1.260350,1.260240,1.260330
1650333600,1.260320,1.260360,1.260240,1.260340
1650333660,1.260320,1.260340,1.260240,1.260240
1650333720,1.260240,1.260280,1.260230,1.260260
1650333780,1.260270,1.260400,1.260270,1.260330
1650333840,1.260330,1.260400,1.260310,1.260360
1650333900,1.260370,1.260440,1.260370,1.260410
1650333960,1.260410,1.260500,1.260410,1.260430
1650334020,1.260440,1.260530,1.260420,1.260470
1650334080,1.260440,1.260530,1.260420,1.260520
1650334140,1.260520,1.260650,1.260520,1.260630
1650334200,1.260640,1.260690,1.260580,1.260590
1650334260,1.260580,1.260610,1.260500,1.260580
1650334320,1.260590,1.260670,1.260590,1.260640
1650334380,1.260630,1.260660,1.260460,1.260470
1650334440,1.260460,1.260460,1.260350,1.260370
1650334500,1.260360,1.260450,1.260230,1.260350
1650334560,1.260340,1.260440,1.260340,1.260430
1650334620,1.260430,1.260540,1.260430,1.260540
1650334680,1.260530,1.260690,1.260530,1.260570
1650334740,1.260540,1.260610,1.260410,1.260440
1650334800,1.260430,1.260450,1.260260,1.260300
1650334860,1.260300,1.260430,1.260290,1.260420
1650334920,1.260440,1.260440,1.260390,1.260420
1650334980,1.260450,1.260510,1.260370,1.260410
1650335040,1.260400,1.260400,1.260320,1.260320
1650335100,1.260330,1.260370,1.260280,1.260370
1650335160,1.260370,1.260480,1.260370,1.260440
1650335220,1.260420,1.260470,1.260390,1.260430
1650335280,1.260470,1.260700,1.260470,1.260660
1650335340,1.260660,1.260820,1.260630,1.260720
1650335400,1.260730,1.260880,1.260720,1.260830
1650335460,1.260830,1.261190,1.260820,1.261180
1650335520,1.261170,1.261270,1.260930,1.261200
1650335580,1.261200,1.261430,1.261180,1.261380
1650335640,1.261380,1.261390,1.261260,1.261270
1650335700,1.261260,1.261270,1.261000,1.261040
1650335760,1.261030,1.261030,1.260880,1.260970
1650335820,1.260920,1.260920,1.260750,1.260750
1650335880,1.260740,1.260750,1.260540,1.260560
1650335940,1.260580,1.260670,1.260430,1.260530
1650336000,1.260520,1.260520,1.260190,1.260230
1650336060,1.260260,1.260330,1.260170,1.260220
1650336120,1.260230,1.260390,1.260170,1.260200
1650336180,1.260190,1.260240,1.260120,1.260180
1650336240,1.260180,1.260260,1.260170,1.260170
1650336300,1.260170,1.260170,1.260030,1.260030
1650336360,1.260010,1.260040,1.259980,1.259980
1650336420,1.259990,1.259990,1.259930,1.259930
1650336480,1.259930,1.260000,1.259930,1.259950
1650336540,1.259940,1.259940,1.259800,1.259840
1650336600,1.259840,1.259860,1.259760,1.259770
1650336660,1.259790,1.259790,1.259630,1.259670
1650336720,1.259670,1.259690,1.259570,1.259580
1650336780,1.259570,1.259700,1.259500,1.259690
1650336840,1.259690,1.259730,1.259490,1.259490
1650336900,1.259500,1.259510,1.259360,1.259390
1650336960,1.259390,1.259680,1.259380,1.259620
1650337020,1.259610,1.259710,1.259580,1.259580
1650337080,1.259600,1.259620,1.259500,1.259510
1650337140,1.259510,1.259510,1.259380,1.259390
1650337200,1.259380,1.259500,1.259370,1.259460
1650337260,1.259440,1.259440,1.259150,1.259170
1650337320,1.259160,1.259190,1.259000,1.259020
1650337380,1.259060,1.259080,1.258940,1.258960
1650337440,1.258990,1.258990,1.258830,1.258860
1650337500,1.258870,1.258900,1.258770,1.258790
1650337560,1.258780,1.258840,1.258780,1.258780
1650337620,1.258810,1.258980,1.258810,1.258910
1650337680,1.258910,1.258970,1.258910,1.258940
1650337740,1.258950,1.258980,1.258820,1.258900
1650337800,1.258860,1.258890,1.258830,1.258880
1650337860,1.258870,1.258930,1.258830,1.258830
1650337920,1.258830,1.258960,1.258830,1.258960
1650337980,1.258940,1.259000,1.258910,1.258990
1650338040,1.258980,1.259030,1.258940,1.259010
1650338100,1.258990,1.259030,1.258980,1.259030
1650338160,1.259040,1.259060,1.259010,1.259010
1650338220,1.259000,1.259000,1.258950,1.258970
1650338280,1.258960,1.259000,1.258940,1.258960
1650338340,1.258950,1.259000,1.258600,1.258600
1650338400,1.258560,1.258580,1.258460,1.258500
1650338460,1.258500,1.258540,1.258370,1.258390
1650338520,1.258380,1.258430,1.258270,1.258350
1650338580,1.258350,1.258400,1.258330,1.258380
1650338640,1.258380,1.258430,1.258180,1.258260
1650338700,1.258240,1.258300,1.258200,1.258260
1650338760,1.258250,1.258330,1.258170,1.258320
1650338820,1.258310,1.258320,1.258260,1.258310
1650338880,1.258370,1.258470,1.258360,1.258470
1650338940,1.258530,1.258530,1.258420,1.258420
1650339000,1.258420,1.258440,1.258320,1.258320
1650339060,1.258310,1.258360,1.258120,1.258220
1650339120,1.258260,1.258460,1.258260,1.258450
1650339180,1.258460,1.258460,1.258380,1.258430
1650339240,1.258420,1.258440,1.258350,1.258410
1650339300,1.258420,1.258430,1.258300,1.258300
1650339360,1.258330,1.258600,1.258330,1.258560
1650339420,1.258510,1.258510,1.258420,1.258430
1650339480,1.258430,1.258440,1.258310,1.258360
1650339540,1.258340,1.258360,1.258230,1.258230
1650339600,1.258220,1.258220,1.258150,1.258150
1650339660,1.258190,1.258240,1.258110,1.258220
1650339720,1.258200,1.258200,1.258110,1.258160
1650339780,1.258120,1.258160,1.258070,1.258120
1650339840,1.258130,1.258140,1.258080,1.258080
1650339900,1.258080,1.258150,1.258070,1.258110
1650339960,1.258100,1.258140,1.258080,1.258080
1650340020,1.258100,1.258110,1.258040,1.258110
1650340080,1.258120,1.258130,1.258090,1.258090
1650340140,1.258090,1.258090,1.258030,1.258070
1650340200,1.258060,1.258070,1.258060,1.258070
1650340260,1.258080,1.258080,1.258040,1.258070
1650340320,1.258060,1.258250,1.258060,1.258230
1650340380,1.258210,1.258340,1.258200,1.258340
1650340440,1.258320,1.258320,1.258160,1.258250
1650340500,1.258240,1.258250,1.258130,1.258250
1650340560,1.258260,1.258320,1.258240,1.258320
1650340620,1.258350,1.258440,1.258330,1.258420
1650340680,1.258420,1.258450,1.258260,1.258330
1650340740,1.258340,1.258360,1.258320,1.258320
