time,open,high,low,close
1479099600,1.256420,1.256630,1.256330,1.256490
1479099660,1.256500,1.256650,1.256360,1.256650
1479099720,1.256630,1.256760,1.256390,1.256400
1479099780,1.256510,1.256600,1.256320,1.256340
1479099840,1.256400,1.256580,1.256210,1.256210
1479099900,1.256240,1.256240,1.255990,1.256220
1479099960,1.256300,1.256540,1.256270,1.256430
1479100020,1.256420,1.256420,1.256180,1.256290
1479100080,1.256270,1.256750,1.256270,1.256660
1479100140,1.256660,1.256660,1.256220,1.256220
1479100200,1.256230,1.256600,1.256150,1.256570
1479100260,1.256550,1.256610,1.256380,1.256400
1479100320,1.256410,1.256840,1.256330,1.256810
1479100380,1.256910,1.257000,1.256610,1.256730
1479100440,1.256710,1.256920,1.256710,1.256800
1479100500,1.256810,1.257070,1.256600,1.257030
1479100560,1.257020,1.257020,1.256510,1.256510
1479100620,1.256520,1.256750,1.256400,1.256400
1479100680,1.256350,1.256460,1.256310,1.256310
1479100740,1.256350,1.256400,1.255690,1.255880
1479100800,1.255830,1.256170,1.255800,1.256080
1479100860,1.256080,1.256140,1.255700,1.255920
1479100920,1.255880,1.256020,1.255670,1.255770
1479100980,1.255770,1.255960,1.255770,1.255880
1479101040,1.255920,1.255970,1.255700,1.255910
1479101100,1.255970,1.256200,1.255920,1.256060
1479101160,1.256040,1.256040,1.255500,1.255500
1479101220,1.255520,1.255750,1.255480,1.255510
1479101280,1.255530,1.255710,1.255410,1.255510
1479101340,1.255510,1.255570,1.255420,1.255570
1479101400,1.255580,1.255640,1.255420,1.255470
1479101460,1.255450,1.255900,1.255440,1.255900
1479101520,1.255900,1.256040,1.255830,1.255840
1479101580,1.255810,1.256270,1.255780,1.255860
1479101640,1.255860,1.255860,1.255630,1.255730
1479101700,1.255770,1.255840,1.255470,1.255570
1479101760,1.255570,1.255600,1.255400,1.255400
1479101820,1.255410,1.255480,1.255280,1.255400
1479101880,1.255400,1.255480,1.255340,1.255470
1479101940,1.255450,1.255500,1.255430,1.255460
1479102000,1.255490,1.255490,1.255410,1.255420
1479102060,1.255430,1.255440,1.255300,1.255410
1479102120,1.255400,1.255580,1.255400,1.255430
1479102180,1.255440,1.255490,1.255420,1.255420
1479102240,1.255420,1.255630,1.255410,1.255630
1479102300,1.255640,1.255640,1.255330,1.255330
1479102360,1.255330,1.255340,1.255240,1.255300
1479102420,1.255290,1.255350,1.255270,1.255310
1479102480,1.255300,1.255620,1.255300,1.255620
1479102540,1.255610,1.255630,1.255590,1.255590
1479102600,1.255590,1.255600,1.255590,1.255590
1479102660,1.255590,1.255590,1.255480,1.255500
1479102720,1.255510,1.255510,1.255490,1.255500
1479102780,1.255500,1.255500,1.255500,1.255500
1479102840,1.255500,1.255510,1.255480,1.255490
1479102900,1.255550,1.255700,1.255550,1.255580
1479102960,1.255620,1.255680,1.255590,1.255610
1479103020,1.255600,1.255620,1.255530,1.255600
1479103080,1.255610,1.255700,1.255490,1.255500
1479103140,1.255490,1.255530,1.255480,1.255510
1479103200,1.255510,1.255580,1.255490,1.255580
1479103260,1.255610,1.255690,1.255570,1.255680
1479103320,1.255690,1.256000,1.255690,1.256000
1479103380,1.256010,1.256040,1.255950,1.256010
1479103440,1.256010,1.256070,1.255890,1.255970
1479103500,1.255980,1.256020,1.255880,1.255910
1479103560,1.255900,1.255940,1.255720,1.255830
1479103620,1.255820,1.255900,1.255750,1.255900
1479103680,1.255910,1.255990,1.255910,1.255990
1479103740,1.256000,1.256000,1.255850,1.255880
1479103800,1.255860,1.255900,1.255760,1.255760
1479103860,1.255770,1.255790,1.255670,1.255690
1479103920,1.255680,1.255700,1.255680,1.255680
1479103980,1.255700,1.255700,1.255510,1.255630
1479104040,1.255590,1.255720,1.255490,1.255510
1479104100,1.255490,1.255670,1.255490,1.255520
1479104160,1.255570,1.255620,1.255070,1.255070
1479104220,1.255070,1.255070,1.254730,1.254730
1479104280,1.254770,1.254900,1.254760,1.254820
1479104340,1.254830,1.254920,1.254820,1.254880
1479104400,1.254900,1.254990,1.254830,1.254880
1479104460,1.254880,1.254900,1.254720,1.254750
1479104520,1.254730,1.254740,1.254300,1.254390
1479104580,1.254380,1.254430,1.254230,1.254230
1479104640,1.254200,1.254220,1.253830,1.253830
1479104700,1.253830,1.253970,1.253800,1.253960
1479104760,1.253950,1.253980,1.253880,1.253970
1479104820,1.253960,1.253990,1.253950,1.253970
1479104880,1.253980,1.253980,1.253950,1.253970
1479104940,1.253980,1.253980,1.253520,1.253570
1479105000,1.253560,1.253760,1.253560,1.253760
1479105060,1.253780,1.254020,1.253760,1.254020
1479105120,1.254010,1.254010,1.253860,1.253980
1479105180,1.253990,1.254140,1.253970,1.254120
1479105240,1.254100,1.254340,1.254100,1.254210
1479105300,1.254200,1.254400,1.254180,1.254400
1479105360,1.254380,1.254390,1.254290,1.254370
1479105420,1.254350,1.254370,1.254320,1.254320
1479105480,1.254300,1.254350,1.254130,1.254350
1479105540,1.254330,1.254370,1.254160,1.254160
1479105600,1.254180,1.254390,1.254180,1.254200
1479105660,1.254210,1.254320,1.254190,1.254300
1479105720,1.254310,1.254370,1.254180,1.254220
1479105780,1.254200,1.254240,1.254190,1.254240
1479105840,1.254230,1.254230,1.254210,1.254220
1479105900,1.254210,1.254230,1.253800,1.253800
1479105960,1.253820,1.253840,1.253790,1.253830
1479106020,1.253830,1.254090,1.253820,1.253940
1479106080,1.253930,1.253960,1.253820,1.253840
1479106140,1.253820,1.253840,1.253820,1.253840
1479106200,1.253840,1.254220,1.253840,1.254140
1479106260,1.254130,1.254170,1.254130,1.254160
1479106320,1.254150,1.254150,1.254100,1.254140
1479106380,1.254120,1.254120,1.253800,1.253820
1479106440,1.253790,1.253940,1.253790,1.253930
1479106500,1.254010,1.254090,1.253950,1.254060
1479106560,1.254070,1.254070,1.253800,1.253930
1479106620,1.253920,1.254010,1.253920,1.253960
1479106680,1.253940,1.254120,1.253840,1.254040
1479106740,1.254050,1.254050,1.253650,1.253720
1479106800,1.253740,1.254010,1.253650,1.253810
1479106860,1.253820,1.253840,1.253640,1.253810
1479106920,1.253830,1.254170,1.253780,1.254100
1479106980,1.254070,1.254200,1.254040,1.254170
1479107040,1.254180,1.254490,1.254180,1.254400
1479107100,1.254380,1.254800,1.254380,1.254630
1479107160,1.254610,1.255270,1.254540,1.255270
1479107220,1.255290,1.255580,1.254590,1.254850
1479107280,1.254840,1.255220,1.254610,1.254740
1479107340,1.254730,1.254930,1.254680,1.254850
1479107400,1.254890,1.254950,1.254410,1.254790
1479107460,1.254810,1.254950,1.254470,1.254530
1479107520,1.254550,1.254720,1.254090,1.254220
1479107580,1.254250,1.254420,1.253890,1.253890
1479107640,1.253870,1.254560,1.253820,1.254490
1479107700,1.254510,1.255020,1.254440,1.255020
1479107760,1.255010,1.255210,1.254270,1.254290
1479107820,1.254320,1.254710,1.254310,1.254610
1479107880,1.254620,1.254840,1.254340,1.254340
1479107940,1.254340,1.254540,1.254340,1.254430
1479108000,1.254420,1.254420,1.253890,1.254140
1479108060,1.254170,1.254270,1.254100,1.254150
1479108120,1.254130,1.254240,1.253870,1.253950
1479108180,1.253930,1.254020,1.253900,1.253920
1479108240,1.253970,1.254070,1.253940,1.253970
1479108300,1.253950,1.254030,1.253490,1.253490
1479108360,1.253470,1.253590,1.253200,1.253490
1479108420,1.253480,1.253500,1.253340,1.253360
1479108480,1.253360,1.253540,1.253350,1.253520
1479108540,1.253500,1.253760,1.253310,1.253350
1479108600,1.253330,1.253400,1.252870,1.253080
1479108660,1.253060,1.254050,1.252980,1.253950
1479108720,1.253960,1.254210,1.253950,1.254180
1479108780,1.254190,1.254220,1.254050,1.254120
1479108840,1.254130,1.254130,1.253990,1.254050
1479108900,1.254030,1.254270,1.254030,1.254120
1479108960,1.254090,1.254090,1.253060,1.253240
1479109020,1.253270,1.253460,1.252820,1.252910
1479109080,1.252910,1.253530,1.252910,1.253440
1479109140,1.253420,1.253440,1.253140,1.253340
1479109200,1.253410,1.253650,1.253030,1.253270
1479109260,1.253280,1.253770,1.253110,1.253150
1479109320,1.253190,1.253290,1.252890,1.253110
1479109380,1.253100,1.253380,1.252480,1.252590
1479109440,1.252610,1.253120,1.252550,1.253100
1479109500,1.253130,1.253340,1.252900,1.253000
1479109560,1.252980,1.253850,1.252610,1.253480
1479109620,1.253480,1.253820,1.253160,1.253380
1479109680,1.253390,1.254050,1.253300,1.253510
1479109740,1.253490,1.253620,1.252800,1.252940
1479109800,1.252930,1.253150,1.252520,1.252660
1479109860,1.252610,1.252740,1.251880,1.252220
1479109920,1.252230,1.252580,1.252010,1.252550
1479109980,1.252530,1.252550,1.251870,1.252320
1479110040,1.252320,1.252340,1.252050,1.252330
1479110100,1.252320,1.252410,1.250670,1.250860
1479110160,1.250780,1.251000,1.250200,1.250290
1479110220,1.250200,1.250360,1.249550,1.249810
1479110280,1.249820,1.250130,1.249390,1.249930
1479110340,1.249970,1.249970,1.249200,1.249620
1479110400,1.249550,1.250100,1.249550,1.250030
1479110460,1.250000,1.250060,1.249750,1.249940
1479110520,1.249980,1.250350,1.249940,1.250160
1479110580,1.250140,1.250260,1.249850,1.249890
1479110640,1.249890,1.249950,1.249660,1.249860
1479110700,1.249840,1.250150,1.249800,1.250100
1479110760,1.250110,1.250230,1.249740,1.249780
1479110820,1.249820,1.249970,1.249730,1.249930
1479110880,1.249960,1.249970,1.249600,1.249740
1479110940,1.249760,1.250020,1.249620,1.249910
1479111000,1.249890,1.250120,1.249820,1.250070
1479111060,1.250020,1.250200,1.249940,1.249980
1479111120,1.249960,1.250230,1.249710,1.250190
1479111180,1.250220,1.250350,1.250170,1.250280
1479111240,1.250270,1.250350,1.250190,1.250330
1479111300,1.250340,1.250810,1.250330,1.250810
1479111360,1.250820,1.250820,1.250440,1.250500
1479111420,1.250530,1.250750,1.250420,1.250540
1479111480,1.250560,1.250940,1.250540,1.250860
1479111540,1.250890,1.251130,1.250830,1.250840
1479111600,1.250850,1.250910,1.250700,1.250870
1479111660,1.250850,1.250980,1.250600,1.250980
1479111720,1.251000,1.251170,1.250890,1.251000
1479111780,1.250990,1.251060,1.250680,1.250850
1479111840,1.250830,1.250830,1.250320,1.250550
1479111900,1.250560,1.250580,1.249980,1.249980
1479111960,1.249920,1.250110,1.249900,1.249920
1479112020,1.249950,1.249950,1.249630,1.249630
1479112080,1.249650,1.249760,1.249420,1.249730
1479112140,1.249720,1.249920,1.249720,1.249740
1479112200,1.249720,1.249790,1.249510,1.249510
1479112260,1.249490,1.249750,1.249400,1.249750
1479112320,1.249750,1.250040,1.249750,1.249990
1479112380,1.250010,1.250120,1.249820,1.250120
1479112440,1.250100,1.250130,1.249700,1.249850
1479112500,1.249860,1.250190,1.249810,1.250180
1479112560,1.250190,1.250200,1.249990,1.250020
1479112620,1.250040,1.250080,1.249650,1.249660
1479112680,1.249640,1.249730,1.249400,1.249590
1479112740,1.249570,1.249620,1.249450,1.249490
1479112800,1.249480,1.249480,1.249190,1.249260
1479112860,1.249280,1.249590,1.249190,1.249520
1479112920,1.249590,1.250050,1.249580,1.250050
1479112980,1.250070,1.250110,1.249900,1.250090
1479113040,1.250080,1.250080,1.249840,1.249850
1479113100,1.249840,1.249840,1.249480,1.249530
1479113160,1.249550,1.249560,1.249190,1.249380
1479113220,1.249330,1.249360,1.249200,1.249230
1479113280,1.249220,1.249250,1.248750,1.248920
1479113340,1.248890,1.248910,1.248160,1.248160
1479113400,1.248160,1.248160,1.246810,1.246830
1479113460,1.246830,1.247030,1.246470,1.247030
1479113520,1.247000,1.247500,1.246930,1.247190
1479113580,1.247180,1.247180,1.246700,1.246770
1479113640,1.246750,1.247060,1.246750,1.247030
1479113700,1.247010,1.247040,1.246840,1.246960
1479113760,1.246950,1.246960,1.246570,1.246630
1479113820,1.246630,1.246740,1.246290,1.246340
1479113880,1.246360,1.247150,1.246360,1.247030
1479113940,1.247040,1.247130,1.246850,1.247130
1479114000,1.247180,1.247840,1.247180,1.247640
1479114060,1.247660,1.247660,1.247250,1.247400
1479114120,1.247390,1.248330,1.247390,1.248230
1479114180,1.248220,1.248520,1.248170,1.248470
1479114240,1.248480,1.248520,1.248210,1.248260
1479114300,1.248280,1.248440,1.248220,1.248230
1479114360,1.248270,1.248400,1.248120,1.248320
1479114420,1.248300,1.248390,1.248220,1.248360
1479114480,1.248380,1.248520,1.248210,1.248480
1479114540,1.248490,1.248490,1.248160,1.248370
1479114600,1.248340,1.248570,1.248330,1.248570
1479114660,1.248580,1.248790,1.248450,1.248570
1479114720,1.248580,1.248800,1.248580,1.248740
1479114780,1.248760,1.248930,1.248710,1.248820
1479114840,1.248840,1.248890,1.248620,1.248780
1479114900,1.248800,1.248850,1.248700,1.248850
1479114960,1.248820,1.248920,1.248680,1.248750
1479115020,1.248730,1.248770,1.248590,1.248740
1479115080,1.248720,1.249330,1.248710,1.249330
1479115140,1.249350,1.249350,1.248930,1.248930
1479115200,1.248910,1.249160,1.248850,1.249150
1479115260,1.249090,1.249420,1.249040,1.249350
1479115320,1.249400,1.249540,1.249400,1.249470
1479115380,1.249470,1.249570,1.249330,1.249540
1479115440,1.249560,1.249850,1.249450,1.249850
1479115500,1.249850,1.249860,1.249730,1.249810
1479115560,1.249740,1.249740,1.249050,1.249050
1479115620,1.249030,1.249250,1.248990,1.249230
1479115680,1.249250,1.249430,1.248980,1.248990
1479115740,1.248980,1.249120,1.248950,1.248970
1479115800,1.248980,1.249170,1.248910,1.249060
1479115860,1.249040,1.249070,1.248590,1.248650
1479115920,1.248670,1.249110,1.248670,1.249030
1479115980,1.249010,1.249180,1.249010,1.249090
1479116040,1.249100,1.249100,1.248880,1.249030
1479116100,1.249060,1.249140,1.248500,1.248510
1479116160,1.248550,1.248690,1.248400,1.248690
1479116220,1.248700,1.248820,1.248290,1.248320
1479116280,1.248300,1.248360,1.248210,1.248330
1479116340,1.248360,1.248490,1.247960,1.248020
1479116400,1.248030,1.248230,1.247910,1.247950
1479116460,1.247940,1.248110,1.247850,1.248090
1479116520,1.248070,1.248390,1.248050,1.248310
1479116580,1.248280,1.248750,1.248280,1.248750
1479116640,1.248740,1.248930,1.248680,1.248680
1479116700,1.248740,1.249290,1.248740,1.249260
1479116760,1.249260,1.249340,1.248830,1.248840
1479116820,1.248870,1.248990,1.248740,1.248760
1479116880,1.248740,1.248920,1.248490,1.248600
1479116940,1.248610,1.248820,1.248610,1.248740
1479117000,1.248750,1.248800,1.248620,1.248750
1479117060,1.248740,1.249280,1.248740,1.249280
1479117120,1.249270,1.249560,1.249180,1.249490
1479117180,1.249470,1.249470,1.249100,1.249100
1479117240,1.249100,1.249330,1.249090,1.249140
1479117300,1.249160,1.249160,1.248820,1.248910
1479117360,1.248910,1.249000,1.248870,1.248920
1479117420,1.248940,1.249010,1.248730,1.248890
1479117480,1.248900,1.249090,1.248710,1.248710
1479117540,1.248620,1.248690,1.247920,1.247920
1479117600,1.247940,1.247960,1.247770,1.247930
1479117660,1.247920,1.248360,1.247850,1.248310
1479117720,1.248290,1.248640,1.248130,1.248640
1479117780,1.248650,1.249020,1.248630,1.249020
1479117840,1.249040,1.249470,1.248930,1.249150
1479117900,1.249130,1.249210,1.248890,1.248990
1479117960,1.249030,1.249060,1.248640,1.248790
1479118020,1.248780,1.248940,1.248610,1.248780
1479118080,1.248800,1.248910,1.248690,1.248880
1479118140,1.248850,1.248870,1.248690,1.248730
1479118200,1.248720,1.249010,1.248650,1.248900
1479118260,1.248890,1.249130,1.248890,1.248980
1479118320,1.248970,1.249030,1.248800,1.248990
1479118380,1.248990,1.249400,1.248990,1.249380
1479118440,1.249400,1.249460,1.249270,1.249390
1479118500,1.249350,1.249430,1.249210,1.249230
1479118560,1.249280,1.249330,1.249010,1.249140
1479118620,1.249120,1.249360,1.249040,1.249350
1479118680,1.249330,1.249330,1.249080,1.249280
1479118740,1.249260,1.249680,1.249220,1.249520
1479118800,1.249500,1.249670,1.249450,1.249540
1479118860,1.249520,1.249750,1.249500,1.249660
1479118920,1.249640,1.250090,1.249640,1.250020
1479118980,1.249980,1.250040,1.249640,1.249690
1479119040,1.249680,1.249840,1.249540,1.249690
1479119100,1.249700,1.250100,1.249700,1.249920
1479119160,1.249840,1.249940,1.249620,1.249620
1479119220,1.249620,1.249920,1.249620,1.249900
1479119280,1.249870,1.250650,1.249870,1.250330
1479119340,1.250350,1.250350,1.249930,1.250230
1479119400,1.250250,1.250370,1.250020,1.250240
1479119460,1.250230,1.250230,1.249860,1.250190
1479119520,1.250210,1.250240,1.250120,1.250210
1479119580,1.250220,1.250510,1.250130,1.250510
1479119640,1.250480,1.250640,1.250450,1.250640
1479119700,1.250630,1.250700,1.250340,1.250400
1479119760,1.250390,1.250730,1.250340,1.250730
1479119820,1.250720,1.250830,1.250340,1.250340
1479119880,1.250400,1.251060,1.250400,1.251000
1479119940,1.251000,1.251190,1.250980,1.251060
1479120000,1.251070,1.251210,1.250910,1.251180
1479120060,1.251190,1.251220,1.251000,1.251180
1479120120,1.251160,1.251200,1.250780,1.250810
1479120180,1.250790,1.251210,1.250790,1.251180
1479120240,1.251170,1.251170,1.250960,1.251070
1479120300,1.251090,1.251180,1.250980,1.251140
1479120360,1.251190,1.251380,1.251100,1.251320
1479120420,1.251320,1.251360,1.251030,1.251250
1479120480,1.251260,1.251310,1.250980,1.251260
1479120540,1.251270,1.251360,1.251220,1.251330
1479120600,1.251300,1.251550,1.251240,1.251510
1479120660,1.251480,1.251730,1.251430,1.251640
1479120720,1.251620,1.251750,1.251490,1.251550
1479120780,1.251530,1.251650,1.251480,1.251540
1479120840,1.251530,1.251830,1.251520,1.251650
1479120900,1.251620,1.251880,1.251480,1.251510
1479120960,1.251530,1.251690,1.251380,1.251380
1479121020,1.251380,1.251940,1.251280,1.251940
1479121080,1.251970,1.252210,1.251870,1.252090
1479121140,1.252080,1.253060,1.252020,1.253060
1479121200,1.253050,1.253190,1.252880,1.253000
1479121260,1.253030,1.253640,1.252900,1.253640
1479121320,1.253650,1.253780,1.253230,1.253310
1479121380,1.253380,1.253440,1.253080,1.253200
1479121440,1.253190,1.253200,1.252680,1.252850
1479121500,1.252830,1.252830,1.252500,1.252650
1479121560,1.252660,1.253030,1.252500,1.252760
1479121620,1.252750,1.252810,1.252410,1.252500
1479121680,1.252520,1.252590,1.251810,1.251950
1479121740,1.251950,1.252140,1.251590,1.251880
1479121800,1.251860,1.252370,1.251720,1.252350
1479121860,1.252350,1.252610,1.252080,1.252140
1479121920,1.252180,1.252330,1.252010,1.252090
1479121980,1.252100,1.252500,1.252080,1.252390
1479122040,1.252360,1.252550,1.252270,1.252530
1479122100,1.252540,1.252540,1.252320,1.252350
1479122160,1.252350,1.252410,1.252190,1.252340
1479122220,1.252370,1.252450,1.251990,1.252110
1479122280,1.252100,1.252240,1.251860,1.251930
1479122340,1.251920,1.252020,1.251630,1.251760
1479122400,1.251800,1.252170,1.251720,1.251930
1479122460,1.251860,1.251860,1.251530,1.251640
1479122520,1.251620,1.251710,1.251520,1.251550
1479122580,1.251520,1.251620,1.251350,1.251440
1479122640,1.251460,1.251460,1.250970,1.251200
1479122700,1.251250,1.251850,1.251240,1.251670
1479122760,1.251670,1.252040,1.251670,1.251860
1479122820,1.251870,1.252180,1.251650,1.252110
1479122880,1.252110,1.252480,1.252110,1.252450
1479122940,1.252470,1.252480,1.251940,1.252060
1479123000,1.252060,1.252370,1.252020,1.252370
1479123060,1.252360,1.252800,1.252300,1.252770
1479123120,1.252740,1.252880,1.252670,1.252750
1479123180,1.252750,1.252790,1.252670,1.252690
1479123240,1.252670,1.252770,1.252530,1.252740
1479123300,1.252740,1.253000,1.252630,1.252650
1479123360,1.252670,1.252750,1.252560,1.252640
1479123420,1.252650,1.252660,1.252050,1.252150
1479123480,1.252140,1.252220,1.251760,1.252140
1479123540,1.252150,1.252210,1.251640,1.251660
1479123600,1.251650,1.252360,1.251620,1.252360
1479123660,1.252330,1.252330,1.251980,1.252260
1479123720,1.252280,1.252310,1.252040,1.252040
1479123780,1.252040,1.252380,1.251970,1.252380
1479123840,1.252360,1.252500,1.251900,1.252240
1479123900,1.252290,1.253330,1.252280,1.252970
1479123960,1.252980,1.253080,1.252870,1.253000
1479124020,1.252990,1.253400,1.252990,1.253350
1479124080,1.253350,1.253530,1.253260,1.253510
1479124140,1.253530,1.253610,1.253240,1.253240
1479124200,1.253230,1.253360,1.253130,1.253220
1479124260,1.253210,1.253230,1.252810,1.252890
1479124320,1.252880,1.253220,1.252780,1.253030
1479124380,1.253010,1.253030,1.252830,1.252910
1479124440,1.252990,1.253310,1.252840,1.253240
1479124500,1.253220,1.253420,1.253100,1.253140
1479124560,1.253140,1.253210,1.252980,1.253210
1479124620,1.253200,1.253390,1.253150,1.253260
1479124680,1.253240,1.253430,1.253220,1.253250
1479124740,1.253220,1.253220,1.252700,1.252710
1479124800,1.252700,1.252760,1.252420,1.252760
1479124860,1.252780,1.252890,1.252710,1.252890
1479124920,1.252910,1.252950,1.252660,1.252850
1479124980,1.252840,1.252840,1.252060,1.252180
1479125040,1.252200,1.252220,1.251810,1.251840
1479125100,1.251820,1.251990,1.251750,1.251940
1479125160,1.251960,1.252070,1.251910,1.252020
1479125220,1.252030,1.252070,1.251950,1.252050
1479125280,1.252040,1.252060,1.251870,1.251900
1479125340,1.251910,1.252040,1.251850,1.252040
1479125400,1.252030,1.252050,1.251890,1.251950
1479125460,1.251930,1.252100,1.251850,1.252060
1479125520,1.252040,1.252430,1.252040,1.252410
1479125580,1.252400,1.252570,1.252270,1.252500
1479125640,1.252510,1.252640,1.252430,1.252600
1479125700,1.252600,1.252620,1.252410,1.252540
1479125760,1.252530,1.252820,1.252430,1.252630
1479125820,1.252630,1.252710,1.252490,1.252560
1479125880,1.252580,1.252640,1.252440,1.252540
1479125940,1.252530,1.252630,1.252440,1.252440
1479126000,1.252460,1.252620,1.252430,1.252620
1479126060,1.252600,1.252750,1.252470,1.252660
1479126120,1.252640,1.252640,1.252530,1.252580
1479126180,1.252560,1.252650,1.252150,1.252150
1479126240,1.252150,1.252380,1.252100,1.252380
1479126300,1.252430,1.252620,1.252370,1.252620
1479126360,1.252610,1.252740,1.252450,1.252450
1479126420,1.252430,1.252490,1.252310,1.252330
1479126480,1.252320,1.252530,1.252200,1.252230
1479126540,1.252200,1.252290,1.252030,1.252250
1479126600,1.252270,1.252310,1.251940,1.251940
1479126660,1.251950,1.252330,1.251950,1.252240
1479126720,1.252280,1.252340,1.252130,1.252280
1479126780,1.252300,1.252340,1.252010,1.252070
1479126840,1.252080,1.252090,1.251860,1.251860
1479126900,1.251880,1.252080,1.251770,1.251830
1479126960,1.251860,1.252040,1.251840,1.252000
1479127020,1.251980,1.252440,1.251940,1.252440
1479127080,1.252430,1.252440,1.252160,1.252370
1479127140,1.252390,1.252500,1.252330,1.252380
1479127200,1.252380,1.252410,1.252060,1.252290
1479127260,1.252290,1.252910,1.252290,1.252890
1479127320,1.252910,1.253360,1.252910,1.253300
1479127380,1.253310,1.253380,1.253080,1.253080
1479127440,1.253080,1.253170,1.252630,1.252720
1479127500,1.252700,1.252850,1.252660,1.252700
1479127560,1.252710,1.252710,1.252190,1.252220
1479127620,1.252190,1.252350,1.252120,1.252210
1479127680,1.252200,1.252340,1.252160,1.252340
1479127740,1.252330,1.252460,1.252300,1.252450
1479127800,1.252460,1.252710,1.252280,1.252690
1479127860,1.252660,1.253050,1.252550,1.253050
1479127920,1.253030,1.253320,1.252990,1.253190
1479127980,1.253200,1.253200,1.252540,1.252680
1479128040,1.252710,1.253640,1.252690,1.253320
1479128100,1.253330,1.253690,1.253230,1.253640
1479128160,1.253640,1.254130,1.253580,1.253900
1479128220,1.253900,1.254180,1.253870,1.254010
1479128280,1.254030,1.254130,1.253630,1.253640
1479128340,1.253660,1.253660,1.252900,1.252900
1479128400,1.252920,1.253120,1.252600,1.252620
1479128460,1.252650,1.252950,1.252630,1.252820
1479128520,1.252880,1.252900,1.252180,1.252200
1479128580,1.252190,1.252370,1.251920,1.252350
1479128640,1.252380,1.252460,1.252190,1.252340
1479128700,1.252320,1.252450,1.252200,1.252420
1479128760,1.252430,1.252490,1.252180,1.252240
1479128820,1.252210,1.252230,1.251960,1.252050
1479128880,1.252040,1.252290,1.252040,1.252180
1479128940,1.252160,1.252530,1.252140,1.252510
1479129000,1.252490,1.252710,1.252440,1.252700
1479129060,1.252700,1.252920,1.252640,1.252640
1479129120,1.252620,1.252650,1.252260,1.252580
1479129180,1.252600,1.253130,1.252600,1.252940
1479129240,1.252970,1.253450,1.252970,1.253340
1479129300,1.253340,1.253800,1.253340,1.253750
1479129360,1.253730,1.254080,1.253700,1.253970
1479129420,1.253950,1.254270,1.253920,1.254270
1479129480,1.254270,1.254910,1.254250,1.254850
1479129540,1.254860,1.254860,1.254150,1.254150
1479129600,1.254190,1.254430,1.254120,1.254350
1479129660,1.254350,1.254440,1.254150,1.254150
1479129720,1.254210,1.254750,1.254200,1.254750
1479129780,1.254750,1.255070,1.254650,1.254950
1479129840,1.254970,1.255060,1.254620,1.254640
1479129900,1.254660,1.255130,1.254450,1.255120
1479129960,1.255130,1.255560,1.255050,1.255520
1479130020,1.255500,1.255540,1.255320,1.255340
1479130080,1.255330,1.255330,1.255130,1.255250
1479130140,1.255230,1.255530,1.254810,1.255500
1479130200,1.255510,1.255600,1.255130,1.255130
1479130260,1.255190,1.255430,1.254830,1.255010
1479130320,1.254990,1.254990,1.254490,1.254540
1479130380,1.254510,1.254510,1.254110,1.254180
1479130440,1.254180,1.254330,1.253680,1.253700
1479130500,1.253790,1.253880,1.253560,1.253600
1479130560,1.253600,1.253800,1.253580,1.253700
1479130620,1.253700,1.253820,1.253520,1.253520
1479130680,1.253500,1.253670,1.253400,1.253530
1479130740,1.253510,1.253610,1.253410,1.253540
1479130800,1.253520,1.253520,1.253290,1.253320
1479130860,1.253230,1.253300,1.253080,1.253110
1479130920,1.253080,1.253100,1.252720,1.252820
1479130980,1.252840,1.252990,1.252680,1.252710
1479131040,1.252690,1.252860,1.252300,1.252310
1479131100,1.252360,1.252360,1.252010,1.252130
1479131160,1.252130,1.252130,1.251110,1.251130
1479131220,1.251150,1.251430,1.251130,1.251210
1479131280,1.251230,1.251380,1.251150,1.251230
1479131340,1.251210,1.251460,1.251110,1.251140
1479131400,1.251110,1.251410,1.251020,1.251320
1479131460,1.251310,1.251750,1.251240,1.251730
1479131520,1.251750,1.251950,1.251460,1.251730
1479131580,1.251710,1.251730,1.251570,1.251710
1479131640,1.251700,1.251850,1.250940,1.251000
1479131700,1.251020,1.251410,1.250680,1.250800
1479131760,1.250800,1.250990,1.250590,1.250590
1479131820,1.250580,1.250680,1.250380,1.250490
1479131880,1.250510,1.250520,1.250080,1.250110
1479131940,1.250090,1.250280,1.250070,1.250130
1479132000,1.250180,1.250330,1.249880,1.250210
1479132060,1.250230,1.250330,1.249910,1.249920
1479132120,1.249900,1.250220,1.249830,1.250020
1479132180,1.250010,1.250110,1.249910,1.250030
1479132240,1.250070,1.250110,1.249930,1.249930
1479132300,1.249950,1.250000,1.249370,1.249390
1479132360,1.249420,1.249540,1.248850,1.248910
1479132420,1.248890,1.249090,1.248780,1.249090
1479132480,1.249100,1.249200,1.248820,1.249120
1479132540,1.249110,1.249770,1.249110,1.249720
1479132600,1.249700,1.249700,1.249020,1.249340
1479132660,1.249330,1.249830,1.249320,1.249810
1479132720,1.249790,1.250060,1.249770,1.249910
1479132780,1.249930,1.249930,1.249480,1.249720
1479132840,1.249780,1.249900,1.249620,1.249690
1479132900,1.249670,1.249830,1.249410,1.249830
1479132960,1.249830,1.249830,1.249620,1.249820
1479133020,1.249800,1.249810,1.249430,1.249490
1479133080,1.249460,1.249460,1.249000,1.249020
1479133140,1.249050,1.249090,1.248730,1.248790
1479133200,1.248810,1.248960,1.248500,1.248500
1479133260,1.248500,1.248690,1.248380,1.248690
1479133320,1.248650,1.248940,1.248560,1.248930
1479133380,1.248950,1.248950,1.248710,1.248790
1479133440,1.248790,1.248920,1.248490,1.248530
1479133500,1.248510,1.248590,1.248250,1.248270
1479133560,1.248130,1.248510,1.247880,1.248400
1479133620,1.248420,1.248880,1.248370,1.248770
1479133680,1.248780,1.248950,1.248740,1.248830
1479133740,1.248830,1.248930,1.248640,1.248920
1479133800,1.248930,1.249170,1.248800,1.249020
1479133860,1.249030,1.249060,1.248800,1.248820
1479133920,1.248810,1.248920,1.248630,1.248920
1479133980,1.248900,1.249220,1.248850,1.249200
1479134040,1.249220,1.249260,1.249100,1.249130
1479134100,1.249100,1.249320,1.248790,1.248790
1479134160,1.248780,1.249380,1.248750,1.249200
1479134220,1.249200,1.249200,1.248540,1.248600
1479134280,1.248620,1.248780,1.248440,1.248460
1479134340,1.248450,1.248670,1.248340,1.248560
1479134400,1.248580,1.248820,1.248580,1.248620
1479134460,1.248610,1.248790,1.248500,1.248510
1479134520,1.248540,1.248540,1.248110,1.248210
1479134580,1.248230,1.248540,1.248060,1.248540
1479134640,1.248580,1.248790,1.248580,1.248630
1479134700,1.248620,1.248830,1.248310,1.248410
1479134760,1.248460,1.248990,1.248070,1.248180
1479134820,1.248220,1.248460,1.248170,1.248330
1479134880,1.248320,1.248600,1.248310,1.248440
1479134940,1.248460,1.248610,1.248360,1.248460
1479135000,1.248460,1.248580,1.247980,1.248000
1479135060,1.248010,1.248110,1.247860,1.248100
1479135120,1.248100,1.248100,1.247780,1.247830
1479135180,1.247870,1.248020,1.247610,1.247660
1479135240,1.247670,1.247760,1.247460,1.247620
1479135300,1.247640,1.247880,1.247400,1.247420
1479135360,1.247370,1.247830,1.247370,1.247710
1479135420,1.247680,1.247730,1.247430,1.247430
1479135480,1.247410,1.247760,1.247410,1.247410
1479135540,1.247400,1.247400,1.247230,1.247350
1479135600,1.247380,1.247410,1.247030,1.247120
1479135660,1.247130,1.247420,1.247080,1.247400
1479135720,1.247410,1.247410,1.247140,1.247290
1479135780,1.247320,1.247760,1.247280,1.247690
1479135840,1.247710,1.248080,1.247670,1.247840
1479135900,1.247820,1.247820,1.247510,1.247640
1479135960,1.247640,1.247720,1.247370,1.247640
1479136020,1.247630,1.247730,1.247360,1.247390
1479136080,1.247480,1.247480,1.247080,1.247080
1479136140,1.247100,1.247100,1.246100,1.246150
1479136200,1.246160,1.246380,1.246060,1.246080
1479136260,1.246110,1.246290,1.246100,1.246220
1479136320,1.246210,1.246290,1.245370,1.245370
1479136380,1.245360,1.245680,1.245000,1.245110
1479136440,1.245130,1.245360,1.244980,1.245300
1479136500,1.245320,1.245430,1.245010,1.245290
1479136560,1.245320,1.245510,1.245310,1.245380
1479136620,1.245370,1.245660,1.245340,1.245600
1479136680,1.245620,1.245720,1.245590,1.245720
1479136740,1.245720,1.245820,1.245530,1.245530
1479136800,1.245510,1.245600,1.245260,1.245380
1479136860,1.245400,1.245610,1.245310,1.245330
1479136920,1.245340,1.245500,1.245230,1.245350
1479136980,1.245370,1.245430,1.245330,1.245390
1479137040,1.245410,1.245450,1.244990,1.245000
1479137100,1.244990,1.245090,1.244380,1.244570
1479137160,1.244590,1.244760,1.244590,1.244630
1479137220,1.244620,1.245560,1.244600,1.245240
1479137280,1.245220,1.245320,1.244850,1.245110
1479137340,1.245090,1.245240,1.245030,1.245210
1479137400,1.245230,1.245230,1.245070,1.245100
1479137460,1.245100,1.245630,1.245040,1.245580
1479137520,1.245550,1.245800,1.245200,1.245510
1479137580,1.245520,1.246090,1.245520,1.246040
1479137640,1.246030,1.246320,1.246030,1.246220
1479137700,1.246240,1.246240,1.246110,1.246210
1479137760,1.246200,1.246520,1.246130,1.246410
1479137820,1.246390,1.246710,1.246260,1.246710
1479137880,1.246700,1.246930,1.246610,1.246900
1479137940,1.246920,1.247120,1.246620,1.246620
1479138000,1.246660,1.246820,1.246550,1.246620
1479138060,1.246600,1.246600,1.246200,1.246380
1479138120,1.246390,1.246390,1.246000,1.246030
1479138180,1.246010,1.246190,1.245900,1.246170
1479138240,1.246190,1.246370,1.246100,1.246280
1479138300,1.246270,1.246840,1.246270,1.246490
1479138360,1.246470,1.246570,1.246410,1.246520
1479138420,1.246500,1.246710,1.246480,1.246660
1479138480,1.246670,1.246790,1.246600,1.246760
1479138540,1.246740,1.246790,1.246580,1.246580
1479138600,1.246570,1.246690,1.246480,1.246550
1479138660,1.246530,1.246550,1.246480,1.246490
1479138720,1.246480,1.246530,1.246280,1.246400
1479138780,1.246370,1.246580,1.246200,1.246310
1479138840,1.246330,1.246860,1.246300,1.246760
1479138900,1.246690,1.246700,1.246470,1.246590
1479138960,1.246600,1.246640,1.246510,1.246590
1479139020,1.246610,1.246640,1.245590,1.245780
1479139080,1.245780,1.245780,1.245380,1.245590
1479139140,1.245560,1.245620,1.245200,1.245230
1479139200,1.245280,1.245640,1.245190,1.245610
1479139260,1.245630,1.245640,1.245370,1.245490
1479139320,1.245510,1.245810,1.245400,1.245610
1479139380,1.245580,1.245620,1.245520,1.245520
1479139440,1.245520,1.245610,1.245390,1.245410
1479139500,1.245430,1.245490,1.245210,1.245480
1479139560,1.245470,1.245630,1.245400,1.245470
1479139620,1.245490,1.245500,1.245330,1.245360
1479139680,1.245340,1.245600,1.245220,1.245590
1479139740,1.245590,1.245740,1.245370,1.245390
1479139800,1.245410,1.245490,1.245180,1.245180
1479139860,1.245200,1.245390,1.245090,1.245170
1479139920,1.245190,1.245310,1.245110,1.245140
1479139980,1.245110,1.245520,1.245100,1.245480
1479140040,1.245530,1.245590,1.245300,1.245390
1479140100,1.245410,1.245480,1.245160,1.245180
1479140160,1.245170,1.245290,1.245120,1.245240
1479140220,1.245220,1.245270,1.245110,1.245170
1479140280,1.245160,1.245530,1.245120,1.245480
1479140340,1.245490,1.246010,1.245490,1.245910
1479140400,1.245920,1.245960,1.245540,1.245600
1479140460,1.245600,1.245600,1.245500,1.245500
1479140520,1.245510,1.245690,1.245200,1.245690
1479140580,1.245710,1.245760,1.245680,1.245710
1479140640,1.245750,1.246010,1.245720,1.245720
1479140700,1.245700,1.245750,1.245470,1.245590
1479140760,1.245610,1.245610,1.245090,1.245090
1479140820,1.245090,1.245130,1.244680,1.244790
1479140880,1.244770,1.245500,1.244770,1.245470
1479140940,1.245480,1.245490,1.244990,1.245010
1479141000,1.245030,1.245640,1.245000,1.245530
1479141060,1.245540,1.245720,1.245290,1.245720
1479141120,1.245710,1.245900,1.245610,1.245630
1479141180,1.245610,1.245610,1.245300,1.245490
1479141240,1.245480,1.245760,1.245410,1.245600
1479141300,1.245580,1.245730,1.245480,1.245710
1479141360,1.245720,1.245990,1.245710,1.245950
1479141420,1.245970,1.245990,1.245480,1.245500
1479141480,1.245500,1.245810,1.245500,1.245800
1479141540,1.245760,1.245760,1.245480,1.245500
1479141600,1.245550,1.246030,1.245500,1.246030
1479141660,1.246030,1.246030,1.245740,1.245980
1479141720,1.245990,1.246240,1.245910,1.245950
1479141780,1.245940,1.246010,1.245810,1.245870
1479141840,1.245860,1.246030,1.245710,1.246030
1479141900,1.246010,1.246280,1.245750,1.245890
1479141960,1.245970,1.246330,1.245880,1.246200
1479142020,1.246200,1.246570,1.246150,1.246570
1479142080,1.246560,1.246560,1.246320,1.246390
1479142140,1.246370,1.246530,1.246350,1.246510
1479142200,1.246500,1.246700,1.246340,1.246610
1479142260,1.246590,1.246850,1.246480,1.246600
1479142320,1.246580,1.246590,1.246380,1.246480
1479142380,1.246440,1.246630,1.246300,1.246570
1479142440,1.246570,1.246660,1.246230,1.246250
1479142500,1.246230,1.246500,1.246230,1.246500
1479142560,1.246470,1.246470,1.246300,1.246300
1479142620,1.246410,1.246690,1.246410,1.246690
1479142680,1.246700,1.246900,1.246680,1.246680
1479142740,1.246780,1.246860,1.246530,1.246680
1479142800,1.246700,1.247040,1.246690,1.246990
1479142860,1.246980,1.247210,1.246880,1.247120
1479142920,1.247140,1.247380,1.247140,1.247370
1479142980,1.247380,1.247590,1.247200,1.247340
1479143040,1.247340,1.247710,1.247100,1.247300
1479143100,1.247310,1.247490,1.246990,1.247380
1479143160,1.247400,1.247440,1.246990,1.246990
1479143220,1.247060,1.247480,1.247060,1.247310
1479143280,1.247330,1.247330,1.246980,1.247170
1479143340,1.247150,1.247230,1.247080,1.247210
1479143400,1.247230,1.247280,1.247100,1.247120
1479143460,1.247130,1.247400,1.247130,1.247240
1479143520,1.247360,1.247380,1.246800,1.246920
1479143580,1.246930,1.247200,1.246910,1.247200
1479143640,1.247210,1.247480,1.247210,1.247410
1479143700,1.247410,1.247810,1.247410,1.247410
1479143760,1.247390,1.247520,1.247190,1.247190
1479143820,1.247190,1.247290,1.247160,1.247250
1479143880,1.247240,1.247400,1.247200,1.247400
1479143940,1.247420,1.247990,1.247420,1.247980
1479144000,1.247980,1.247980,1.247260,1.247260
1479144060,1.247260,1.247280,1.247000,1.247180
1479144120,1.247200,1.247360,1.247070,1.247100
1479144180,1.247080,1.247300,1.247070,1.247200
1479144240,1.247210,1.247510,1.247210,1.247420
1479144300,1.247460,1.247800,1.247460,1.247610
1479144360,1.247670,1.248220,1.247670,1.248180
1479144420,1.248190,1.248660,1.248190,1.248520
1479144480,1.248500,1.248730,1.248270,1.248580
1479144540,1.248590,1.249120,1.248590,1.248950
1479144600,1.248940,1.249550,1.248930,1.249390
1479144660,1.249400,1.249500,1.249170,1.249170
1479144720,1.249200,1.249520,1.249080,1.249190
1479144780,1.249180,1.249400,1.248990,1.249320
1479144840,1.249410,1.249610,1.249310,1.249360
1479144900,1.249310,1.249580,1.249130,1.249480
1479144960,1.249470,1.249490,1.249290,1.249480
1479145020,1.249460,1.249460,1.249150,1.249300
1479145080,1.249310,1.249990,1.249310,1.249680
1479145140,1.249660,1.249660,1.248970,1.249150
1479145200,1.249160,1.249160,1.248800,1.248800
1479145260,1.248780,1.249180,1.248780,1.249060
1479145320,1.249010,1.249060,1.248470,1.248570
1479145380,1.248560,1.248580,1.248190,1.248550
1479145440,1.248560,1.248600,1.248420,1.248420
1479145500,1.248460,1.248780,1.248410,1.248780
1479145560,1.248780,1.248810,1.248670,1.248690
1479145620,1.248680,1.248790,1.248650,1.248760
1479145680,1.248720,1.248820,1.248700,1.248770
1479145740,1.248790,1.248990,1.248750,1.248990
1479145800,1.249000,1.249070,1.248890,1.248900
1479145860,1.248910,1.249100,1.248910,1.249080
1479145920,1.249040,1.249090,1.248850,1.248910
1479145980,1.248940,1.248960,1.248770,1.248810
1479146040,1.248810,1.248890,1.248500,1.248620
1479146100,1.248640,1.249360,1.248640,1.249340
1479146160,1.249300,1.249480,1.249080,1.249460
1479146220,1.249460,1.249580,1.249100,1.249160
1479146280,1.249160,1.249590,1.249160,1.249590
1479146340,1.249580,1.249780,1.249480,1.249670
1479146400,1.249660,1.249660,1.249300,1.249400
1479146460,1.249420,1.249700,1.249360,1.249610
1479146520,1.249600,1.249690,1.249380,1.249480
1479146580,1.249500,1.249500,1.249180,1.249180
1479146640,1.249200,1.249300,1.248950,1.248980
1479146700,1.248970,1.249140,1.248840,1.249140
1479146760,1.249120,1.249270,1.248790,1.248880
1479146820,1.248880,1.249290,1.248800,1.249290
1479146880,1.249310,1.249390,1.248930,1.249180
1479146940,1.249180,1.249240,1.248760,1.249240
1479147000,1.249280,1.249490,1.249220,1.249420
1479147060,1.249430,1.249480,1.248970,1.249170
1479147120,1.249180,1.249180,1.248890,1.249100
1479147180,1.249120,1.249480,1.249120,1.249250
1479147240,1.249210,1.249480,1.248960,1.249380
1479147300,1.249340,1.249430,1.248950,1.249290
1479147360,1.249230,1.249230,1.248770,1.248820
1479147420,1.248880,1.249160,1.248760,1.249080
1479147480,1.249060,1.249480,1.248940,1.248980
1479147540,1.248980,1.250070,1.248840,1.250060
1479147600,1.250040,1.250080,1.249690,1.250010
1479147660,1.250000,1.250130,1.249910,1.249930
1479147720,1.249940,1.250290,1.249930,1.250290
1479147780,1.250380,1.250800,1.250340,1.250700
1479147840,1.250680,1.250710,1.250460,1.250460
1479147900,1.250480,1.250570,1.250410,1.250500
1479147960,1.250510,1.250540,1.250400,1.250430
1479148020,1.250460,1.250650,1.250450,1.250630
1479148080,1.250660,1.250860,1.250530,1.250530
1479148140,1.250590,1.250860,1.250530,1.250790
1479148200,1.250810,1.250980,1.250710,1.250980
1479148260,1.250970,1.251180,1.250710,1.250710
1479148320,1.250700,1.250780,1.250380,1.250580
1479148380,1.250580,1.250590,1.250230,1.250260
1479148440,1.250260,1.250360,1.249790,1.249850
1479148500,1.249860,1.250010,1.249660,1.249680
1479148560,1.249680,1.249680,1.249280,1.249310
1479148620,1.249300,1.249580,1.249280,1.249580
1479148680,1.249680,1.249710,1.249330,1.249340
1479148740,1.249360,1.249540,1.249340,1.249430
1479148800,1.249450,1.249550,1.249360,1.249480
1479148860,1.249450,1.249530,1.249310,1.249400
1479148920,1.249390,1.249490,1.249390,1.249490
1479148980,1.249470,1.249490,1.249310,1.249400
1479149040,1.249380,1.249410,1.249200,1.249270
1479149100,1.249300,1.249430,1.248980,1.249380
1479149160,1.249360,1.249860,1.249350,1.249790
1479149220,1.249780,1.249780,1.249380,1.249380
1479149280,1.249380,1.249460,1.249350,1.249400
1479149340,1.249390,1.249660,1.249300,1.249560
1479149400,1.249530,1.249530,1.249380,1.249490
1479149460,1.249470,1.249610,1.248980,1.249260
1479149520,1.249350,1.249390,1.248440,1.248580
1479149580,1.248580,1.249070,1.248550,1.248980
1479149640,1.248980,1.249020,1.248890,1.249020
1479149700,1.249030,1.249180,1.248890,1.248980
1479149760,1.248990,1.249100,1.248880,1.248950
1479149820,1.248970,1.249210,1.248790,1.249200
1479149880,1.249210,1.249710,1.249190,1.249700
1479149940,1.249780,1.250050,1.249540,1.250030
1479150000,1.250050,1.250150,1.249960,1.250020
1479150060,1.250010,1.250010,1.249700,1.249790
1479150120,1.249770,1.249940,1.249610,1.249860
1479150180,1.249860,1.249860,1.249560,1.249700
1479150240,1.249690,1.249870,1.249610,1.249790
1479150300,1.249810,1.250060,1.249800,1.249890
1479150360,1.249870,1.250040,1.249760,1.249790
1479150420,1.249790,1.249900,1.249450,1.249580
1479150480,1.249560,1.249650,1.249460,1.249500
1479150540,1.249480,1.249600,1.249270,1.249300
1479150600,1.249360,1.249900,1.249360,1.249650
1479150660,1.249630,1.249630,1.249290,1.249500
1479150720,1.249480,1.249500,1.249210,1.249370
1479150780,1.249330,1.249640,1.249330,1.249510
1479150840,1.249490,1.249490,1.249200,1.249200
1479150900,1.249220,1.249310,1.249190,1.249220
1479150960,1.249210,1.249280,1.248770,1.248950
1479151020,1.248970,1.249290,1.248900,1.249180
1479151080,1.249200,1.249300,1.249090,1.249300
1479151140,1.249290,1.249400,1.249230,1.249290
1479151200,1.249240,1.249450,1.249220,1.249220
1479151260,1.249210,1.249210,1.248970,1.249100
1479151320,1.249090,1.249310,1.249090,1.249220
1479151380,1.249210,1.249420,1.249210,1.249410
1479151440,1.249420,1.249450,1.249240,1.249240
1479151500,1.249230,1.249270,1.248970,1.249080
1479151560,1.249100,1.249100,1.248900,1.249060
1479151620,1.249100,1.249100,1.248590,1.248980
1479151680,1.249000,1.249260,1.248930,1.249130
1479151740,1.249150,1.249180,1.248820,1.248850
1479151800,1.248860,1.249560,1.248860,1.249510
1479151860,1.249540,1.249540,1.248990,1.248990
1479151920,1.248980,1.249130,1.248830,1.249130
1479151980,1.249150,1.249350,1.248920,1.249000
1479152040,1.248980,1.249010,1.248800,1.248920
1479152100,1.248900,1.249260,1.248900,1.249210
1479152160,1.249210,1.249300,1.249060,1.249060
1479152220,1.249060,1.249100,1.248990,1.249010
1479152280,1.249030,1.249090,1.248790,1.248800
1479152340,1.248800,1.248990,1.248800,1.248810
1479152400,1.248810,1.248810,1.248490,1.248590
1479152460,1.248520,1.248660,1.248400,1.248570
1479152520,1.248550,1.248810,1.248510,1.248800
1479152580,1.248780,1.248900,1.248720,1.248880
1479152640,1.248880,1.249080,1.248880,1.249040
1479152700,1.248990,1.248990,1.248610,1.248700
1479152760,1.248750,1.249140,1.248700,1.249140
1479152820,1.249140,1.249150,1.248840,1.248900
1479152880,1.248920,1.248920,1.248620,1.248820
1479152940,1.248810,1.248960,1.248790,1.248810
1479153000,1.248830,1.248990,1.248700,1.248930
1479153060,1.248910,1.248910,1.248410,1.248460
1479153120,1.248490,1.248600,1.248410,1.248410
1479153180,1.248390,1.248520,1.248340,1.248420
1479153240,1.248420,1.248630,1.248320,1.248320
1479153300,1.248300,1.248320,1.247990,1.248010
1479153360,1.247990,1.248210,1.247890,1.248100
1479153420,1.248130,1.248200,1.248080,1.248200
1479153480,1.248170,1.248200,1.248000,1.248120
1479153540,1.248100,1.248390,1.247990,1.248090
1479153600,1.248070,1.248320,1.248060,1.248310
1479153660,1.248310,1.248530,1.248300,1.248530
1479153720,1.248530,1.248530,1.248090,1.248200
1479153780,1.248190,1.248400,1.248120,1.248350
1479153840,1.248370,1.248790,1.248370,1.248410
1479153900,1.248440,1.248730,1.248420,1.248730
1479153960,1.248770,1.248910,1.248720,1.248890
1479154020,1.248880,1.248880,1.248700,1.248710
1479154080,1.248700,1.248710,1.248610,1.248690
1479154140,1.248700,1.248720,1.248500,1.248520
1479154200,1.248510,1.248610,1.248400,1.248490
1479154260,1.248500,1.248720,1.248500,1.248690
1479154320,1.248710,1.248780,1.248580,1.248620
1479154380,1.248620,1.249120,1.248620,1.249110
1479154440,1.249110,1.249110,1.248670,1.248820
1479154500,1.248830,1.249480,1.248830,1.249400
1479154560,1.249370,1.249410,1.249010,1.249010
1479154620,1.249020,1.249210,1.249020,1.249180
1479154680,1.249150,1.249710,1.249100,1.249660
1479154740,1.249610,1.249900,1.249610,1.249870
1479154800,1.249870,1.249880,1.249300,1.249300
1479154860,1.249290,1.249400,1.249280,1.249390
1479154920,1.249400,1.249480,1.249090,1.249090
1479154980,1.249090,1.249410,1.249090,1.249410
1479155040,1.249400,1.249420,1.249360,1.249380
1479155100,1.249370,1.249400,1.249240,1.249330
1479155160,1.249300,1.249300,1.249250,1.249300
1479155220,1.249280,1.249490,1.249050,1.249330
1479155280,1.249310,1.249410,1.249220,1.249410
1479155340,1.249390,1.249570,1.249330,1.249390
1479155400,1.249390,1.249470,1.249030,1.249190
1479155460,1.249190,1.249340,1.249120,1.249120
1479155520,1.249110,1.249290,1.248980,1.249290
1479155580,1.249310,1.249560,1.249310,1.249340
1479155640,1.249300,1.249300,1.248970,1.249230
1479155700,1.249200,1.249480,1.249100,1.249410
1479155760,1.249400,1.249440,1.249190,1.249260
1479155820,1.249250,1.249310,1.249190,1.249310
1479155880,1.249310,1.249320,1.249060,1.249090
1479155940,1.249100,1.249470,1.249100,1.249280
1479156000,1.249250,1.249280,1.248890,1.249090
1479156060,1.249060,1.249150,1.249030,1.249100
1479156120,1.249080,1.249080,1.248900,1.248980
1479156180,1.248990,1.249280,1.248990,1.249260
1479156240,1.249240,1.249240,1.248900,1.248910
1479156300,1.248890,1.249120,1.248820,1.249110
1479156360,1.249130,1.249210,1.248980,1.249000
1479156420,1.248980,1.249100,1.248900,1.249000
1479156480,1.248970,1.249200,1.248760,1.248840
1479156540,1.248860,1.248890,1.248470,1.248550
1479156600,1.248600,1.248700,1.248600,1.248610
1479156660,1.248620,1.248700,1.248610,1.248640
1479156720,1.248620,1.248700,1.248530,1.248700
1479156780,1.248690,1.249240,1.248690,1.249110
1479156840,1.249080,1.249080,1.248990,1.248990
1479156900,1.249020,1.249210,1.249010,1.249080
1479156960,1.249050,1.249050,1.248830,1.248930
1479157020,1.248910,1.249130,1.248890,1.249130
1479157080,1.249130,1.249210,1.249090,1.249090
1479157140,1.249070,1.249450,1.249020,1.249400
1479157200,1.249380,1.249510,1.249290,1.249510
1479157260,1.249500,1.249610,1.249450,1.249570
1479157320,1.249540,1.249540,1.249310,1.249310
1479157380,1.249310,1.249350,1.249090,1.249090
1479157440,1.249090,1.249230,1.248850,1.248920
1479157500,1.248980,1.249000,1.248860,1.248990
1479157560,1.249000,1.249000,1.248800,1.248820
1479157620,1.248870,1.249030,1.248870,1.249020
1479157680,1.249040,1.249040,1.248860,1.248860
1479157740,1.248850,1.249130,1.248850,1.249130
1479157800,1.249120,1.249120,1.248960,1.248960
1479157860,1.248940,1.249010,1.248890,1.248990
1479157920,1.249000,1.249050,1.248820,1.249000
1479157980,1.249010,1.249030,1.248960,1.249030
1479158040,1.249010,1.249110,1.248980,1.249090
1479158100,1.249110,1.249220,1.249020,1.249210
1479158160,1.249230,1.249490,1.249200,1.249480
1479158220,1.249500,1.249500,1.249300,1.249320
1479158280,1.249320,1.249530,1.249310,1.249500
1479158340,1.249490,1.249590,1.249310,1.249580
1479158400,1.249560,1.249560,1.249360,1.249430
1479158460,1.249460,1.249580,1.249460,1.249510
1479158520,1.249520,1.249520,1.249390,1.249460
1479158580,1.249480,1.249510,1.249450,1.249510
1479158640,1.249490,1.249560,1.249440,1.249470
1479158700,1.249500,1.249600,1.249440,1.249470
1479158760,1.249460,1.249630,1.249460,1.249610
1479158820,1.249610,1.249630,1.249440,1.249470
1479158880,1.249450,1.249670,1.249450,1.249670
1479158940,1.249680,1.249900,1.249540,1.249540
1479159000,1.249520,1.249750,1.249480,1.249610
1479159060,1.249610,1.249740,1.249570,1.249680
1479159120,1.249680,1.249680,1.249490,1.249490
1479159180,1.249480,1.249480,1.249410,1.249460
1479159240,1.249460,1.249740,1.249450,1.249670
1479159300,1.249670,1.249670,1.249470,1.249530
1479159360,1.249510,1.249580,1.249410,1.249580
1479159420,1.249590,1.249680,1.249470,1.249470
1479159480,1.249480,1.249590,1.249470,1.249570
1479159540,1.249570,1.249610,1.249520,1.249600
1479159600,1.249580,1.249610,1.249510,1.249530
1479159660,1.249540,1.249600,1.249490,1.249590
1479159720,1.249600,1.249740,1.249580,1.249610
1479159780,1.249590,1.249640,1.249500,1.249630
1479159840,1.249640,1.249790,1.249630,1.249700
1479159900,1.249690,1.249750,1.249550,1.249690
1479159960,1.249700,1.249790,1.249690,1.249790
1479160020,1.249760,1.249760,1.249690,1.249690
1479160080,1.249650,1.249890,1.249560,1.249590
1479160140,1.249660,1.249660,1.249540,1.249660
1479160200,1.249660,1.249780,1.249590,1.249720
1479160260,1.249880,1.250080,1.249820,1.250080
1479160320,1.250080,1.250080,1.249730,1.249880
1479160380,1.249880,1.250060,1.249860,1.250060
1479160440,1.250090,1.250530,1.249930,1.250480
1479160500,1.250480,1.250480,1.249770,1.249770
1479160560,1.249770,1.249770,1.249270,1.249470
1479160620,1.249460,1.249590,1.249460,1.249570
1479160680,1.249580,1.249650,1.249500,1.249640
1479160740,1.249190,1.249330,1.248460,1.248600
1479160800,1.248630,1.248920,1.248250,1.248570
1479160860,1.248290,1.248550,1.248200,1.248540
1479160920,1.248640,1.248780,1.248640,1.248780
1479160980,1.248650,1.248670,1.248650,1.248670
1479161040,1.248640,1.248940,1.248640,1.248940
1479161100,1.249160,1.249400,1.248870,1.249090
1479161160,1.249190,1.249290,1.249190,1.249290
1479161220,1.249420,1.249610,1.249420,1.249600
1479161280,1.249570,1.249600,1.249450,1.249520
1479161340,1.249530,1.249530,1.249520,1.249520
1479161400,1.249470,1.249470,1.249390,1.249390
1479161460,1.249370,1.249460,1.249370,1.249370
1479161520,1.249340,1.249350,1.249340,1.249340
1479161580,1.249350,1.249350,1.249350,1.249350
1479161640,1.249400,1.249400,1.249280,1.249280
1479161700,1.249360,1.249360,1.249260,1.249260
1479161760,1.249250,1.249320,1.249240,1.249270
1479161820,1.249220,1.249270,1.249220,1.249270
1479161880,1.249210,1.249250,1.249200,1.249200
1479161940,1.249240,1.249240,1.249180,1.249180
1479162000,1.249220,1.249450,1.249220,1.249440
1479162060,1.249440,1.249440,1.249400,1.249420
1479162120,1.249420,1.249440,1.249400,1.249410
1479162180,1.249420,1.249440,1.249410,1.249420
1479162240,1.249430,1.249470,1.249380,1.249450
1479162300,1.249440,1.249450,1.249440,1.249450
1479162360,1.249450,1.249450,1.249450,1.249450
1479162420,1.249780,1.249840,1.249780,1.249830
1479162480,1.249820,1.249820,1.249790,1.249800
1479162540,1.249800,1.249910,1.249790,1.249850
1479162600,1.249840,1.249920,1.249660,1.249660
1479162660,1.249660,1.249730,1.249240,1.249730
1479162720,1.249780,1.249880,1.249550,1.249550
1479162780,1.249540,1.250090,1.249540,1.249970
1479162840,1.250010,1.250010,1.249130,1.249580
1479162900,1.249720,1.250000,1.249480,1.249750
1479162960,1.249780,1.249870,1.249170,1.249750
1479163020,1.249730,1.249920,1.249210,1.249210
1479163080,1.249220,1.249220,1.249140,1.249190
1479163140,1.249260,1.249260,1.249250,1.249250
1479163200,1.249250,1.249260,1.249250,1.249260
1479163260,1.249250,1.249270,1.249190,1.249270
1479163320,1.249280,1.249280,1.249280,1.249280
1479163380,1.249270,1.249280,1.249270,1.249280
1479163440,1.249270,1.249310,1.249270,1.249290
1479163500,1.249300,1.249310,1.249300,1.249300
1479163560,1.249320,1.249320,1.249280,1.249280
1479163620,1.249320,1.249320,1.249300,1.249300
1479163680,1.249310,1.249410,1.249300,1.249410
1479163740,1.249410,1.249490,1.249410,1.249470
1479163800,1.249470,1.249510,1.248880,1.249270
1479163860,1.249280,1.249490,1.249280,1.249490
1479163920,1.249480,1.249510,1.249460,1.249500
1479163980,1.249510,1.249880,1.249490,1.249880
1479164040,1.249870,1.250080,1.249460,1.249470
1479164100,1.249510,1.249880,1.249450,1.249680
1479164160,1.249690,1.249890,1.249690,1.249760
1479164220,1.249740,1.249790,1.249720,1.249790
1479164280,1.249810,1.249880,1.249720,1.249880
1479164340,1.249900,1.250060,1.249810,1.249900
1479164400,1.250030,1.250100,1.249920,1.250100
1479164460,1.250110,1.250120,1.249730,1.249760
1479164520,1.249800,1.250160,1.249790,1.250120
1479164580,1.250100,1.250100,1.249850,1.249850
1479164640,1.249870,1.250000,1.249800,1.250000
1479164700,1.249990,1.250230,1.249990,1.250040
1479164760,1.250050,1.250100,1.249990,1.250040
1479164820,1.250060,1.250260,1.250040,1.250250
1479164880,1.250270,1.250360,1.250100,1.250100
1479164940,1.250130,1.250470,1.250130,1.250220
1479165000,1.250220,1.250580,1.250190,1.250500
1479165060,1.250520,1.250560,1.250480,1.250510
1479165120,1.250570,1.250600,1.250500,1.250600
1479165180,1.250580,1.250600,1.250580,1.250600
1479165240,1.250620,1.250680,1.250440,1.250440
1479165300,1.250460,1.250530,1.250420,1.250490
1479165360,1.250460,1.251090,1.250460,1.251050
1479165420,1.251030,1.251200,1.250890,1.251190
1479165480,1.251200,1.251220,1.251090,1.251130
1479165540,1.251120,1.251220,1.251120,1.251180
1479165600,1.251190,1.251230,1.251110,1.251190
1479165660,1.251170,1.251330,1.251140,1.251320
1479165720,1.251300,1.251310,1.250780,1.251080
1479165780,1.251090,1.251210,1.251020,1.251140
1479165840,1.251150,1.251300,1.251150,1.251300
1479165900,1.251290,1.251300,1.251040,1.251140
1479165960,1.251140,1.251240,1.251090,1.251090
1479166020,1.251090,1.251120,1.251090,1.251090
1479166080,1.251090,1.251130,1.251090,1.251110
1479166140,1.251130,1.251470,1.251110,1.251470
1479166200,1.251450,1.251450,1.251280,1.251280
1479166260,1.251280,1.251580,1.251280,1.251450
1479166320,1.251500,1.251590,1.251460,1.251540
1479166380,1.251610,1.251620,1.251420,1.251530
1479166440,1.251490,1.251500,1.251340,1.251500
1479166500,1.251480,1.251480,1.251440,1.251440
1479166560,1.251420,1.251440,1.251390,1.251400
1479166620,1.251390,1.251400,1.251380,1.251390
1479166680,1.251380,1.251400,1.251380,1.251400
1479166740,1.251380,1.251490,1.251380,1.251490
1479166800,1.251480,1.251550,1.251390,1.251390
1479166860,1.251390,1.251510,1.251390,1.251480
1479166920,1.251480,1.251500,1.251450,1.251500
1479166980,1.251460,1.251460,1.251300,1.251320
1479167040,1.251300,1.251310,1.251230,1.251230
1479167100,1.251250,1.251260,1.251190,1.251200
1479167160,1.251210,1.251410,1.251120,1.251180
1479167220,1.251190,1.251400,1.251190,1.251320
1479167280,1.251330,1.251470,1.251320,1.251340
1479167340,1.251360,1.251570,1.251350,1.251570
1479167400,1.251550,1.251780,1.251540,1.251720
1479167460,1.251740,1.251820,1.251520,1.251660
1479167520,1.251630,1.251760,1.251600,1.251680
1479167580,1.251690,1.251690,1.251630,1.251630
1479167640,1.251580,1.251590,1.251580,1.251590
1479167700,1.251610,1.251840,1.251610,1.251790
1479167760,1.251780,1.251840,1.251760,1.251810
1479167820,1.251820,1.251880,1.251690,1.251720
1479167880,1.251800,1.251800,1.251660,1.251680
1479167940,1.251670,1.251700,1.251530,1.251550
1479168000,1.251530,1.251550,1.251290,1.251380
1479168060,1.251380,1.251380,1.251090,1.251090
1479168120,1.251090,1.251200,1.251040,1.251040
1479168180,1.251040,1.251380,1.251040,1.251040
1479168240,1.250970,1.250990,1.250880,1.250920
1479168300,1.250940,1.251020,1.250940,1.251020
1479168360,1.251080,1.251300,1.251080,1.251250
1479168420,1.251260,1.251590,1.251230,1.251320
1479168480,1.251340,1.251510,1.251340,1.251380
1479168540,1.251480,1.251610,1.251480,1.251610
1479168600,1.251640,1.251710,1.251630,1.251710
1479168660,1.251690,1.252230,1.251670,1.252170
1479168720,1.252170,1.252350,1.252170,1.252340
1479168780,1.252350,1.252380,1.252150,1.252180
1479168840,1.252280,1.252290,1.251990,1.252050
1479168900,1.252070,1.252100,1.251820,1.251950
1479168960,1.251980,1.252180,1.251910,1.252180
1479169020,1.252180,1.252290,1.252020,1.252180
1479169080,1.252170,1.252420,1.252150,1.252370
1479169140,1.252390,1.252480,1.252360,1.252450
1479169200,1.252440,1.252480,1.252250,1.252250
1479169260,1.252280,1.252750,1.252280,1.252750
1479169320,1.252740,1.252890,1.252680,1.252680
1479169380,1.252680,1.252740,1.252440,1.252550
1479169440,1.252540,1.252540,1.252040,1.252250
1479169500,1.252260,1.252380,1.252150,1.252370
1479169560,1.252360,1.252380,1.252080,1.252140
1479169620,1.252140,1.252180,1.251620,1.251700
1479169680,1.251720,1.252020,1.251440,1.251520
1479169740,1.251580,1.251580,1.251140,1.251520
1479169800,1.251480,1.251580,1.251410,1.251430
1479169860,1.251410,1.251530,1.251390,1.251510
1479169920,1.251550,1.251550,1.251180,1.251180
1479169980,1.251200,1.251250,1.250770,1.250770
1479170040,1.250780,1.251170,1.250730,1.251170
1479170100,1.251180,1.251450,1.251180,1.251440
1479170160,1.251450,1.251490,1.251120,1.251120
1479170220,1.251090,1.251090,1.250850,1.250940
1479170280,1.250930,1.250980,1.250780,1.250860
1479170340,1.250840,1.250840,1.250520,1.250640
1479170400,1.250640,1.250750,1.250640,1.250710
1479170460,1.250700,1.250700,1.250430,1.250580
1479170520,1.250580,1.250680,1.250540,1.250600
1479170580,1.250580,1.250780,1.250560,1.250740
1479170640,1.250730,1.250730,1.250590,1.250690
1479170700,1.250690,1.250890,1.250690,1.250710
1479170760,1.250730,1.251080,1.250730,1.251060
1479170820,1.251180,1.251190,1.251040,1.251040
1479170880,1.251030,1.251050,1.250880,1.251010
1479170940,1.250990,1.251120,1.250990,1.251120
1479171000,1.251100,1.251190,1.250830,1.250830
1479171060,1.250830,1.250920,1.250690,1.250690
1479171120,1.250710,1.250710,1.250530,1.250570
1479171180,1.250590,1.250590,1.250480,1.250540
1479171240,1.250530,1.250590,1.250380,1.250470
1479171300,1.250450,1.250590,1.250400,1.250500
1479171360,1.250500,1.250520,1.250410,1.250520
1479171420,1.250500,1.250500,1.250330,1.250330
1479171480,1.250310,1.250320,1.250050,1.250120
1479171540,1.250100,1.250140,1.249560,1.249840
1479171600,1.249850,1.249940,1.249440,1.249540
1479171660,1.249560,1.249620,1.249510,1.249560
1479171720,1.249540,1.249640,1.249490,1.249530
1479171780,1.249580,1.249980,1.249580,1.249980
1479171840,1.249980,1.249980,1.249680,1.249920
1479171900,1.249930,1.249930,1.249740,1.249740
1479171960,1.249730,1.249750,1.249660,1.249700
1479172020,1.249740,1.249820,1.249660,1.249780
1479172080,1.249740,1.249890,1.249710,1.249720
1479172140,1.249750,1.249750,1.249740,1.249740
1479172200,1.249720,1.249890,1.249680,1.249840
1479172260,1.249860,1.249930,1.249840,1.249910
1479172320,1.249910,1.249940,1.249870,1.249940
1479172380,1.249930,1.249930,1.249780,1.249780
1479172440,1.249760,1.249950,1.249760,1.249930
1479172500,1.249940,1.249980,1.249850,1.249850
1479172560,1.249890,1.250000,1.249850,1.249960
1479172620,1.249960,1.249970,1.249910,1.249970
1479172680,1.249990,1.250100,1.249950,1.250070
1479172740,1.250050,1.250070,1.249870,1.249890
1479172800,1.249910,1.250070,1.249910,1.249990
1479172860,1.249970,1.250110,1.249870,1.250090
1479172920,1.250090,1.250090,1.249960,1.249990
1479172980,1.250010,1.250010,1.249950,1.250000
1479173040,1.250000,1.250000,1.249940,1.249980
1479173100,1.249960,1.250050,1.249940,1.250000
1479173160,1.249990,1.250100,1.249950,1.250020
1479173220,1.250040,1.250060,1.250020,1.250020
1479173280,1.250040,1.250040,1.249890,1.249890
1479173340,1.249910,1.249910,1.249680,1.249760
1479173400,1.249740,1.249910,1.249700,1.249860
1479173460,1.249840,1.249880,1.249730,1.249740
1479173520,1.249730,1.249790,1.249680,1.249740
1479173580,1.249710,1.249840,1.249580,1.249590
1479173640,1.249600,1.249600,1.249190,1.249320
1479173700,1.249290,1.249360,1.249050,1.249140
1479173760,1.249150,1.249310,1.249080,1.249290
1479173820,1.249310,1.249500,1.249300,1.249380
1479173880,1.249380,1.249380,1.249160,1.249380
1479173940,1.249380,1.249550,1.249310,1.249380
1479174000,1.249390,1.249390,1.249080,1.249180
1479174060,1.249150,1.249180,1.249080,1.249180
1479174120,1.249180,1.249380,1.249100,1.249140
1479174180,1.249140,1.249250,1.249090,1.249100
1479174240,1.249140,1.249180,1.249080,1.249080
1479174300,1.249150,1.249180,1.249080,1.249120
1479174360,1.249120,1.249200,1.248750,1.248750
1479174420,1.248750,1.248880,1.248750,1.248780
1479174480,1.248800,1.248800,1.248780,1.248780
1479174540,1.248780,1.248790,1.248780,1.248780
1479174600,1.248780,1.248880,1.248540,1.248660
1479174660,1.248680,1.248980,1.248670,1.248770
1479174720,1.248740,1.248810,1.248690,1.248770
1479174780,1.248770,1.248980,1.248670,1.248750
1479174840,1.248800,1.249050,1.248750,1.248750
1479174900,1.248720,1.248720,1.248410,1.248510
1479174960,1.248490,1.248510,1.248430,1.248430
1479175020,1.248410,1.248580,1.248400,1.248580
1479175080,1.248580,1.248580,1.248340,1.248490
1479175140,1.248490,1.248660,1.248330,1.248330
1479175200,1.248350,1.248780,1.248340,1.248670
1479175260,1.248650,1.248790,1.248640,1.248750
1479175320,1.248770,1.248880,1.248590,1.248590
1479175380,1.248590,1.248710,1.248560,1.248710
1479175440,1.248730,1.248790,1.248600,1.248650
1479175500,1.248650,1.248700,1.248580,1.248700
1479175560,1.248720,1.248880,1.248690,1.248880
1479175620,1.248880,1.248890,1.248880,1.248880
1479175680,1.248880,1.248980,1.248730,1.248800
1479175740,1.248800,1.248890,1.248710,1.248830
1479175800,1.248810,1.248990,1.248740,1.248800
1479175860,1.248800,1.248810,1.248600,1.248650
1479175920,1.248680,1.248680,1.248580,1.248580
1479175980,1.248580,1.248620,1.248580,1.248620
1479176040,1.248610,1.248810,1.248610,1.248640
1479176100,1.248650,1.248710,1.248610,1.248690
1479176160,1.248690,1.248700,1.248630,1.248700
1479176220,1.248730,1.248780,1.248650,1.248710
1479176280,1.248710,1.248750,1.248660,1.248700
1479176340,1.248700,1.248950,1.248700,1.248780
1479176400,1.248780,1.248870,1.248770,1.248850
1479176460,1.248850,1.248990,1.248850,1.248980
1479176520,1.248990,1.248990,1.248850,1.248900
1479176580,1.248850,1.249160,1.248750,1.248750
1479176640,1.248750,1.248780,1.248700,1.248750
1479176700,1.248740,1.248810,1.248680,1.248800
1479176760,1.248800,1.248880,1.248680,1.248700
1479176820,1.248700,1.248750,1.248680,1.248680
1479176880,1.248680,1.248810,1.248680,1.248800
1479176940,1.248880,1.248880,1.248680,1.248680
1479177000,1.248690,1.248800,1.248680,1.248700
1479177060,1.248700,1.248790,1.248680,1.248750
1479177120,1.248750,1.248800,1.248710,1.248740
1479177180,1.248700,1.248800,1.248680,1.248740
1479177240,1.248740,1.248750,1.248680,1.248750
1479177300,1.248800,1.248900,1.248730,1.248770
1479177360,1.248770,1.248880,1.248770,1.248850
1479177420,1.248850,1.249020,1.248730,1.248840
1479177480,1.248820,1.249100,1.248820,1.249040
1479177540,1.249060,1.249100,1.248870,1.248890
1479177600,1.248970,1.249020,1.248900,1.248960
1479177660,1.249000,1.249150,1.249000,1.249050
1479177720,1.249030,1.249070,1.248920,1.249000
1479177780,1.249010,1.249090,1.248920,1.248990
1479177840,1.249100,1.249200,1.249030,1.249040
1479177900,1.249050,1.249050,1.248930,1.248970
1479177960,1.248940,1.249090,1.248920,1.249030
1479178020,1.249040,1.249170,1.249040,1.249150
1479178080,1.249170,1.249290,1.249130,1.249130
1479178140,1.249130,1.249230,1.249130,1.249210
1479178200,1.249250,1.249320,1.249180,1.249200
1479178260,1.249180,1.249250,1.249140,1.249250
1479178320,1.249270,1.249340,1.249250,1.249270
1479178380,1.249260,1.249410,1.249160,1.249390
1479178440,1.249390,1.249400,1.249270,1.249300
1479178500,1.249310,1.249390,1.249160,1.249170
1479178560,1.249190,1.249190,1.248730,1.248860
1479178620,1.248820,1.248930,1.248790,1.248840
1479178680,1.248860,1.248920,1.248760,1.248760
1479178740,1.248770,1.248780,1.248680,1.248730
1479178800,1.248720,1.248790,1.248680,1.248710
1479178860,1.248710,1.248740,1.248680,1.248730
1479178920,1.248740,1.249110,1.248720,1.249060
1479178980,1.249070,1.249150,1.248980,1.249000
1479179040,1.248990,1.248990,1.248870,1.248870
1479179100,1.248880,1.249180,1.248880,1.249150
1479179160,1.249140,1.249140,1.249060,1.249060
1479179220,1.249050,1.249200,1.249040,1.249200
1479179280,1.249210,1.249210,1.249070,1.249070
1479179340,1.249090,1.249090,1.249040,1.249060
1479179400,1.249050,1.249080,1.249000,1.249010
1479179460,1.248990,1.249010,1.248960,1.249010
1479179520,1.249020,1.249190,1.249020,1.249150
1479179580,1.249120,1.249210,1.249080,1.249190
1479179640,1.249160,1.249230,1.249140,1.249210
1479179700,1.249230,1.249240,1.249140,1.249140
1479179760,1.249090,1.249310,1.249090,1.249250
1479179820,1.249210,1.249250,1.249170,1.249210
1479179880,1.249240,1.249280,1.249210,1.249220
1479179940,1.249200,1.249330,1.249180,1.249300
1479180000,1.249290,1.249340,1.249240,1.249240
1479180060,1.249260,1.249360,1.249260,1.249360
1479180120,1.249350,1.249360,1.249280,1.249330
1479180180,1.249310,1.249390,1.249160,1.249160
1479180240,1.249150,1.249250,1.249140,1.249180
1479180300,1.249240,1.249460,1.249200,1.249420
1479180360,1.249400,1.249400,1.249140,1.249160
1479180420,1.249180,1.249390,1.249080,1.249080
1479180480,1.249100,1.249340,1.249040,1.249040
1479180540,1.249060,1.249280,1.248990,1.249260
1479180600,1.249300,1.249310,1.249110,1.249190
1479180660,1.249190,1.249410,1.249110,1.249140
1479180720,1.249180,1.249380,1.249180,1.249270
1479180780,1.249250,1.249340,1.249120,1.249340
1479180840,1.249360,1.249410,1.249200,1.249200
1479180900,1.249170,1.249390,1.249170,1.249360
1479180960,1.249350,1.249390,1.249240,1.249390
1479181020,1.249370,1.249370,1.249230,1.249280
1479181080,1.249290,1.249290,1.249220,1.249220
1479181140,1.249220,1.249220,1.249060,1.249130
1479181200,1.249140,1.249290,1.249140,1.249220
1479181260,1.249220,1.249230,1.249180,1.249230
1479181320,1.249230,1.249280,1.249090,1.249220
1479181380,1.249200,1.249290,1.249150,1.249210
1479181440,1.249200,1.249330,1.249090,1.249090
1479181500,1.249090,1.249100,1.248940,1.248970
1479181560,1.248960,1.249000,1.248850,1.248850
1479181620,1.248870,1.248970,1.248850,1.248960
1479181680,1.248940,1.248940,1.248790,1.248800
1479181740,1.248780,1.248900,1.248780,1.248810
1479181800,1.248830,1.248890,1.248810,1.248860
1479181860,1.248880,1.248950,1.248850,1.248910
1479181920,1.248920,1.248960,1.248780,1.248780
1479181980,1.248780,1.248890,1.248700,1.248890
1479182040,1.248900,1.248900,1.248850,1.248850
1479182100,1.248860,1.248920,1.248640,1.248640
1479182160,1.248670,1.248670,1.248440,1.248520
1479182220,1.248520,1.248750,1.248470,1.248750
1479182280,1.248790,1.248850,1.248540,1.248570
1479182340,1.248560,1.248680,1.248540,1.248680
1479182400,1.248690,1.248700,1.248520,1.248520
1479182460,1.248470,1.248470,1.248320,1.248330
1479182520,1.248340,1.248480,1.248330,1.248330
1479182580,1.248330,1.248380,1.248320,1.248380
1479182640,1.248380,1.248580,1.248380,1.248560
1479182700,1.248570,1.248680,1.248380,1.248680
1479182760,1.248690,1.248810,1.248610,1.248690
1479182820,1.248690,1.248770,1.248650,1.248770
1479182880,1.248770,1.248770,1.248600,1.248720
1479182940,1.248730,1.248730,1.248610,1.248610
1479183000,1.248630,1.248720,1.248630,1.248660
1479183060,1.248650,1.248710,1.248540,1.248710
1479183120,1.248700,1.248790,1.248550,1.248550
1479183180,1.248540,1.248570,1.248470,1.248530
1479183240,1.248550,1.248680,1.248530,1.248580
1479183300,1.248560,1.248700,1.248490,1.248700
1479183360,1.248690,1.248690,1.248530,1.248530
1479183420,1.248530,1.248800,1.248530,1.248760
1479183480,1.248780,1.248970,1.248780,1.248930
1479183540,1.248930,1.249050,1.248760,1.248760
1479183600,1.248780,1.248810,1.248680,1.248710
1479183660,1.248780,1.248830,1.248700,1.248760
1479183720,1.248780,1.248830,1.248780,1.248800
1479183780,1.248790,1.248800,1.248690,1.248700
1479183840,1.248710,1.248840,1.248700,1.248790
1479183900,1.248770,1.248950,1.248750,1.248900
1479183960,1.248890,1.248910,1.248760,1.248760
1479184020,1.248790,1.248940,1.248780,1.248930
1479184080,1.248920,1.248940,1.248870,1.248870
1479184140,1.248880,1.249000,1.248850,1.248980
1479184200,1.248990,1.249010,1.248760,1.248770
1479184260,1.248790,1.248830,1.248750,1.248770
1479184320,1.248810,1.248950,1.248790,1.248870
1479184380,1.248850,1.248990,1.248820,1.248950
1479184440,1.248930,1.248930,1.248780,1.248810
1479184500,1.248730,1.248900,1.248670,1.248770
1479184560,1.248750,1.248900,1.248740,1.248740
1479184620,1.248750,1.248750,1.248590,1.248690
1479184680,1.248770,1.248950,1.248770,1.248860
1479184740,1.248850,1.248860,1.248770,1.248770
1479184800,1.248780,1.248820,1.248620,1.248690
1479184860,1.248700,1.248710,1.248660,1.248690
1479184920,1.248680,1.248820,1.248680,1.248800
1479184980,1.248780,1.248780,1.248530,1.248620
1479185040,1.248620,1.248820,1.248620,1.248820
1479185100,1.248790,1.248810,1.248630,1.248640
1479185160,1.248630,1.248780,1.248580,1.248780
1479185220,1.248790,1.248900,1.248760,1.248760
1479185280,1.248750,1.248750,1.248650,1.248700
1479185340,1.248720,1.248790,1.248720,1.248770
1479185400,1.248800,1.248810,1.248610,1.248610
1479185460,1.248620,1.248620,1.248510,1.248550
1479185520,1.248570,1.248600,1.248330,1.248330
1479185580,1.248330,1.248330,1.248030,1.248150
1479185640,1.248160,1.248160,1.248160,1.248160
1479185700,1.248150,1.248190,1.248020,1.248050
1479185760,1.248030,1.248330,1.248020,1.248300
1479185820,1.248320,1.248460,1.248320,1.248460
1479185880,1.248450,1.248450,1.248410,1.248410
1479185940,1.248430,1.248520,1.248400,1.248520
