time,open,high,low,close
1319169600,121.280000,121.290000,121.260000,121.270000
1319169660,121.260000,121.270000,121.250000,121.260000
1319169720,121.270000,121.270000,121.250000,121.250000
1319169780,121.260000,121.260000,121.260000,121.260000
1319169840,121.250000,121.260000,121.250000,121.250000
1319169900,121.260000,121.270000,121.250000,121.260000
1319169960,121.250000,121.260000,121.250000,121.260000
1319170020,121.270000,121.270000,121.260000,121.260000
1319170080,121.270000,121.270000,121.260000,121.260000
1319170140,121.270000,121.270000,121.260000,121.270000
1319170200,121.280000,121.290000,121.280000,121.280000
1319170260,121.300000,121.310000,121.290000,121.300000
1319170320,121.310000,121.330000,121.310000,121.320000
1319170380,121.310000,121.320000,121.300000,121.310000
1319170440,121.320000,121.320000,121.300000,121.310000
1319170500,121.300000,121.300000,121.290000,121.290000
1319170560,121.270000,121.270000,121.270000,121.270000
1319170620,121.260000,121.270000,121.250000,121.260000
1319170680,121.250000,121.260000,121.250000,121.260000
1319170740,121.250000,121.260000,121.250000,121.260000
1319170800,121.270000,121.280000,121.270000,121.280000
1319170860,121.270000,121.270000,121.270000,121.270000
1319170920,121.280000,121.280000,121.270000,121.280000
1319170980,121.290000,121.290000,121.270000,121.290000
1319171040,121.280000,121.290000,121.280000,121.290000
1319171100,121.300000,121.300000,121.290000,121.290000
1319171220,121.300000,121.300000,121.300000,121.300000
1319171280,121.290000,121.290000,121.270000,121.270000
1319171340,121.280000,121.280000,121.280000,121.280000
1319171460,121.270000,121.280000,121.270000,121.270000
1319171520,121.280000,121.280000,121.280000,121.280000
1319171580,121.270000,121.280000,121.260000,121.260000
1319171640,121.250000,121.260000,121.250000,121.250000
1319171700,121.260000,121.260000,121.260000,121.260000
1319171820,121.250000,121.250000,121.250000,121.250000
1319171880,121.260000,121.260000,121.260000,121.260000
1319172000,121.250000,121.250000,121.250000,121.250000
1319172060,121.260000,121.260000,121.250000,121.260000
1319172120,121.250000,121.260000,121.240000,121.250000
1319172180,121.240000,121.240000,121.240000,121.240000
1319172300,121.230000,121.230000,121.230000,121.230000
1319172360,121.240000,121.250000,121.240000,121.250000
1319172420,121.240000,121.250000,121.240000,121.240000
1319172480,121.250000,121.250000,121.240000,121.250000
1319172540,121.240000,121.250000,121.240000,121.240000
1319172600,121.250000,121.250000,121.240000,121.250000
1319172660,121.260000,121.270000,121.240000,121.250000
1319172720,121.240000,121.250000,121.240000,121.250000
1319172780,121.240000,121.250000,121.240000,121.250000
1319172840,121.240000,121.250000,121.240000,121.240000
1319172900,121.250000,121.250000,121.240000,121.240000
1319172960,121.250000,121.260000,121.240000,121.260000
1319173020,121.250000,121.250000,121.240000,121.240000
1319173080,121.250000,121.250000,121.240000,121.240000
1319173140,121.230000,121.240000,121.230000,121.240000
1319173200,121.250000,121.250000,121.240000,121.250000
1319173260,121.240000,121.250000,121.240000,121.250000
1319173320,121.240000,121.250000,121.240000,121.250000
1319173380,121.240000,121.240000,121.240000,121.240000
1319173440,121.230000,121.240000,121.220000,121.230000
1319173500,121.240000,121.240000,121.220000,121.230000
1319173560,121.240000,121.240000,121.230000,121.230000
1319173740,121.240000,121.260000,121.240000,121.250000
1319173800,121.260000,121.290000,121.250000,121.270000
1319173860,121.280000,121.290000,121.280000,121.280000
1319173920,121.270000,121.290000,121.270000,121.280000
1319173980,121.290000,121.290000,121.270000,121.280000
1319174100,121.290000,121.290000,121.280000,121.290000
1319174220,121.300000,121.300000,121.290000,121.290000
1319174280,121.300000,121.300000,121.290000,121.290000
1319174340,121.300000,121.300000,121.280000,121.280000
1319174400,121.290000,121.290000,121.290000,121.290000
1319174460,121.280000,121.290000,121.280000,121.280000
1319174520,121.270000,121.270000,121.240000,121.260000
1319174640,121.270000,121.270000,121.260000,121.260000
1319174700,121.250000,121.250000,121.250000,121.250000
1319174820,121.240000,121.250000,121.230000,121.250000
1319174880,121.240000,121.250000,121.240000,121.240000
1319175000,121.250000,121.280000,121.250000,121.270000
1319175060,121.260000,121.260000,121.260000,121.260000
1319175120,121.270000,121.270000,121.260000,121.260000
1319175180,121.270000,121.290000,121.270000,121.280000
1319175240,121.290000,121.290000,121.280000,121.290000
1319175300,121.280000,121.310000,121.280000,121.300000
1319175360,121.290000,121.290000,121.290000,121.290000
1319175420,121.280000,121.290000,121.270000,121.290000
1319175480,121.280000,121.290000,121.280000,121.290000
1319175540,121.280000,121.300000,121.280000,121.300000
1319175600,121.290000,121.320000,121.280000,121.310000
1319175660,121.300000,121.300000,121.300000,121.300000
1319175720,121.310000,121.330000,121.300000,121.310000
1319175780,121.320000,121.340000,121.310000,121.320000
1319175840,121.330000,121.330000,121.310000,121.310000
1319175900,121.300000,121.310000,121.290000,121.300000
1319175960,121.290000,121.310000,121.280000,121.300000
1319176080,121.290000,121.310000,121.290000,121.310000
1319176140,121.300000,121.300000,121.270000,121.270000
1319176200,121.280000,121.280000,121.270000,121.280000
1319176260,121.290000,121.290000,121.280000,121.280000
1319176320,121.290000,121.290000,121.270000,121.280000
1319176380,121.290000,121.290000,121.280000,121.280000
1319176440,121.270000,121.280000,121.260000,121.280000
1319176500,121.270000,121.280000,121.260000,121.270000
1319176560,121.280000,121.280000,121.270000,121.270000
1319176620,121.280000,121.290000,121.280000,121.280000
1319176680,121.290000,121.290000,121.280000,121.290000
1319176740,121.280000,121.300000,121.280000,121.290000
1319176800,121.280000,121.290000,121.250000,121.270000
1319176860,121.280000,121.280000,121.250000,121.260000
1319176920,121.250000,121.270000,121.250000,121.260000
1319176980,121.250000,121.260000,121.250000,121.260000
1319177040,121.270000,121.300000,121.270000,121.290000
1319177100,121.300000,121.310000,121.290000,121.310000
1319177160,121.320000,121.330000,121.320000,121.330000
1319177220,121.320000,121.320000,121.300000,121.300000
1319177280,121.310000,121.320000,121.300000,121.320000
1319177340,121.330000,121.340000,121.330000,121.340000
1319177400,121.350000,121.360000,121.340000,121.350000
1319177460,121.360000,121.360000,121.330000,121.340000
1319177520,121.350000,121.370000,121.350000,121.360000
1319177580,121.370000,121.380000,121.370000,121.370000
1319177640,121.380000,121.390000,121.380000,121.380000
1319177700,121.390000,121.410000,121.380000,121.400000
1319177760,121.410000,121.410000,121.390000,121.400000
1319177820,121.390000,121.390000,121.340000,121.350000
1319177880,121.340000,121.340000,121.330000,121.340000
1319177940,121.330000,121.330000,121.300000,121.300000
1319178000,121.310000,121.320000,121.290000,121.290000
1319178060,121.280000,121.320000,121.280000,121.320000
1319178120,121.310000,121.310000,121.290000,121.300000
1319178180,121.310000,121.320000,121.310000,121.320000
1319178240,121.310000,121.320000,121.310000,121.320000
1319178300,121.310000,121.310000,121.300000,121.300000
1319178360,121.310000,121.310000,121.290000,121.290000
1319178420,121.280000,121.280000,121.240000,121.250000
1319178480,121.260000,121.270000,121.260000,121.270000
1319178540,121.280000,121.290000,121.280000,121.290000
1319178600,121.280000,121.280000,121.250000,121.250000
1319178660,121.260000,121.270000,121.240000,121.240000
1319178720,121.250000,121.270000,121.250000,121.250000
1319178780,121.240000,121.250000,121.190000,121.190000
1319178840,121.180000,121.180000,121.150000,121.180000
1319178900,121.190000,121.200000,121.160000,121.160000
1319178960,121.150000,121.160000,121.140000,121.150000
1319179020,121.140000,121.150000,121.130000,121.130000
1319179080,121.140000,121.140000,121.130000,121.140000
1319179140,121.130000,121.150000,121.130000,121.140000
1319179200,121.150000,121.160000,121.140000,121.140000
1319179260,121.130000,121.130000,121.110000,121.130000
1319179320,121.120000,121.140000,121.120000,121.140000
1319179380,121.130000,121.150000,121.120000,121.140000
1319179440,121.150000,121.160000,121.150000,121.160000
1319179500,121.150000,121.150000,121.110000,121.110000
1319179560,121.100000,121.100000,121.090000,121.100000
1319179620,121.090000,121.100000,121.080000,121.090000
1319179680,121.100000,121.110000,121.090000,121.100000
1319179740,121.110000,121.140000,121.110000,121.140000
1319179800,121.130000,121.130000,121.110000,121.120000
1319179860,121.110000,121.130000,121.110000,121.130000
1319179920,121.140000,121.140000,121.130000,121.140000
1319179980,121.150000,121.150000,121.120000,121.120000
1319180040,121.130000,121.130000,121.110000,121.110000
1319180100,121.100000,121.100000,121.070000,121.070000
1319180160,121.080000,121.100000,121.070000,121.100000
1319180220,121.090000,121.100000,121.080000,121.090000
1319180280,121.080000,121.090000,121.070000,121.080000
1319180340,121.070000,121.080000,121.060000,121.070000
1319180400,121.060000,121.060000,121.020000,121.020000
1319180460,121.010000,121.030000,121.000000,121.010000
1319180520,121.000000,121.020000,120.980000,120.980000
1319180580,120.970000,120.970000,120.930000,120.940000
1319180640,120.950000,121.010000,120.950000,121.000000
1319180700,120.990000,120.990000,120.930000,120.940000
1319180760,120.930000,120.950000,120.930000,120.950000
1319180820,120.960000,120.970000,120.940000,120.960000
1319180880,120.970000,120.980000,120.950000,120.950000
1319180940,120.940000,120.950000,120.910000,120.920000
1319181000,120.930000,120.960000,120.910000,120.920000
1319181060,120.910000,120.920000,120.900000,120.900000
1319181120,120.890000,120.910000,120.880000,120.900000
1319181180,120.890000,120.920000,120.890000,120.920000
1319181240,120.910000,120.970000,120.910000,120.970000
1319181300,120.960000,120.970000,120.940000,120.960000
1319181360,120.970000,120.990000,120.970000,120.990000
1319181420,121.000000,121.020000,120.990000,121.000000
1319181480,121.010000,121.010000,120.950000,120.960000
1319181540,120.970000,120.990000,120.940000,120.990000
1319181600,120.980000,121.040000,120.980000,121.010000
1319181660,121.020000,121.040000,121.000000,121.000000
1319181720,120.990000,121.030000,120.990000,121.010000
1319181780,121.020000,121.020000,120.990000,121.010000
1319181840,121.020000,121.050000,121.010000,121.040000
1319181900,121.030000,121.050000,121.020000,121.050000
1319181960,121.040000,121.040000,121.030000,121.030000
1319182020,121.020000,121.030000,121.010000,121.010000
1319182080,121.020000,121.030000,121.010000,121.010000
1319182140,121.020000,121.020000,121.000000,121.000000
1319182200,121.010000,121.020000,120.980000,120.980000
1319182260,120.990000,120.990000,120.960000,120.970000
1319182320,120.980000,121.010000,120.980000,121.000000
1319182380,120.990000,120.990000,120.960000,120.960000
1319182440,120.950000,120.950000,120.900000,120.900000
1319182500,120.910000,120.930000,120.890000,120.930000
1319182560,120.920000,120.950000,120.920000,120.930000
1319182620,120.920000,120.930000,120.890000,120.900000
1319182680,120.910000,120.920000,120.890000,120.910000
1319182740,120.920000,120.950000,120.910000,120.940000
1319182800,120.950000,120.960000,120.920000,120.920000
1319182860,120.910000,120.910000,120.900000,120.910000
1319182920,120.920000,120.960000,120.910000,120.950000
1319182980,120.960000,121.000000,120.960000,120.980000
1319183040,120.970000,121.000000,120.970000,120.990000
1319183100,120.980000,121.000000,120.980000,120.990000
1319183160,120.980000,120.990000,120.960000,120.980000
1319183220,120.990000,120.990000,120.970000,120.980000
1319183280,120.970000,120.990000,120.930000,120.940000
1319183340,120.950000,120.970000,120.930000,120.950000
1319183400,120.960000,120.970000,120.950000,120.970000
1319183460,120.960000,120.980000,120.950000,120.980000
1319183520,120.970000,121.000000,120.970000,120.990000
1319183580,121.000000,121.020000,121.000000,121.010000
1319183640,121.020000,121.030000,120.990000,121.010000
1319183700,121.000000,121.020000,120.990000,121.010000
1319183760,121.020000,121.040000,121.000000,121.010000
1319183820,121.000000,121.050000,121.000000,121.050000
1319183880,121.040000,121.050000,121.020000,121.030000
1319183940,121.040000,121.050000,121.030000,121.050000
1319184000,121.040000,121.060000,121.020000,121.050000
1319184060,121.060000,121.080000,121.040000,121.050000
1319184120,121.040000,121.050000,121.020000,121.050000
1319184180,121.040000,121.060000,121.010000,121.020000
1319184240,121.030000,121.030000,120.970000,120.970000
1319184300,120.980000,120.990000,120.960000,120.960000
1319184360,120.950000,120.980000,120.940000,120.950000
1319184420,120.940000,120.950000,120.930000,120.940000
1319184480,120.950000,120.950000,120.870000,120.870000
1319184540,120.860000,120.880000,120.820000,120.820000
1319184600,120.810000,120.830000,120.770000,120.820000
1319184660,120.810000,120.820000,120.770000,120.790000
1319184720,120.800000,120.820000,120.780000,120.820000
1319184780,120.810000,120.850000,120.810000,120.830000
1319184840,120.840000,120.840000,120.810000,120.830000
1319184900,120.840000,120.870000,120.830000,120.860000
1319184960,120.870000,120.900000,120.860000,120.870000
1319185020,120.880000,120.920000,120.880000,120.890000
1319185080,120.900000,120.930000,120.900000,120.930000
1319185140,120.920000,120.920000,120.900000,120.910000
1319185200,120.900000,120.910000,120.890000,120.910000
1319185260,120.900000,120.910000,120.880000,120.880000
1319185320,120.890000,120.900000,120.880000,120.890000
1319185380,120.880000,120.890000,120.850000,120.880000
1319185440,120.890000,120.900000,120.860000,120.860000
1319185500,120.870000,120.890000,120.850000,120.870000
1319185560,120.860000,120.890000,120.860000,120.890000
1319185620,120.880000,120.900000,120.880000,120.900000
1319185680,120.890000,120.940000,120.880000,120.920000
1319185740,120.930000,120.970000,120.920000,120.970000
1319185800,120.960000,120.990000,120.950000,120.970000
1319185860,120.980000,120.980000,120.960000,120.960000
1319185920,120.950000,120.960000,120.910000,120.910000
1319185980,120.920000,120.920000,120.850000,120.900000
1319186040,120.890000,120.890000,120.860000,120.880000
1319186100,120.890000,120.910000,120.880000,120.910000
1319186160,120.920000,120.930000,120.890000,120.900000
1319186220,120.890000,120.920000,120.880000,120.920000
1319186280,120.930000,120.930000,120.910000,120.910000
1319186340,120.900000,120.940000,120.890000,120.930000
1319186400,120.940000,120.960000,120.930000,120.960000
1319186460,120.950000,120.960000,120.940000,120.960000
1319186520,120.970000,121.000000,120.960000,120.980000
1319186580,120.970000,120.990000,120.960000,120.960000
1319186640,120.970000,120.970000,120.940000,120.970000
1319186700,120.960000,120.960000,120.950000,120.960000
1319186760,120.950000,120.960000,120.930000,120.950000
1319186820,120.960000,120.980000,120.960000,120.960000
1319186880,120.950000,120.960000,120.940000,120.950000
1319186940,120.940000,120.950000,120.920000,120.930000
1319187000,120.920000,120.930000,120.900000,120.910000
1319187060,120.920000,120.950000,120.910000,120.950000
1319187120,120.940000,120.950000,120.930000,120.940000
1319187180,120.930000,120.950000,120.920000,120.950000
1319187240,120.960000,120.990000,120.960000,120.970000
1319187300,120.980000,121.060000,120.980000,121.060000
1319187360,121.070000,121.100000,121.050000,121.090000
1319187420,121.100000,121.100000,121.080000,121.080000
1319187480,121.070000,121.080000,121.010000,121.030000
1319187540,121.020000,121.050000,121.000000,121.040000
1319187600,121.030000,121.050000,121.020000,121.030000
1319187660,121.040000,121.050000,121.040000,121.050000
1319187720,121.060000,121.070000,121.050000,121.060000
1319187780,121.050000,121.100000,121.050000,121.100000
1319187840,121.090000,121.100000,121.080000,121.080000
1319187900,121.090000,121.100000,121.080000,121.090000
1319187960,121.080000,121.090000,121.040000,121.050000
1319188020,121.040000,121.040000,121.030000,121.030000
1319188080,121.020000,121.030000,121.010000,121.010000
1319188140,121.000000,121.070000,121.000000,121.060000
1319188200,121.050000,121.060000,121.040000,121.060000
1319188260,121.050000,121.050000,121.040000,121.050000
1319188320,121.060000,121.080000,121.050000,121.080000
1319188380,121.070000,121.090000,121.070000,121.080000
1319188440,121.070000,121.110000,121.060000,121.090000
1319188500,121.100000,121.120000,121.100000,121.100000
1319188560,121.110000,121.110000,121.080000,121.090000
1319188620,121.100000,121.110000,121.090000,121.110000
1319188680,121.100000,121.130000,121.100000,121.120000
1319188740,121.130000,121.160000,121.120000,121.140000
1319188800,121.150000,121.170000,121.140000,121.140000
1319188860,121.150000,121.150000,121.120000,121.130000
1319188920,121.140000,121.160000,121.130000,121.140000
1319188980,121.130000,121.170000,121.130000,121.150000
1319189040,121.140000,121.150000,121.110000,121.110000
1319189100,121.120000,121.170000,121.120000,121.150000
1319189160,121.140000,121.160000,121.120000,121.150000
1319189220,121.140000,121.160000,121.140000,121.150000
1319189280,121.160000,121.160000,121.140000,121.150000
1319189340,121.140000,121.170000,121.140000,121.170000
1319189400,121.180000,121.190000,121.170000,121.190000
1319189460,121.180000,121.190000,121.170000,121.180000
1319189520,121.170000,121.190000,121.170000,121.190000
1319189580,121.200000,121.220000,121.190000,121.200000
1319189640,121.210000,121.230000,121.200000,121.230000
1319189700,121.220000,121.260000,121.220000,121.220000
1319189760,121.210000,121.250000,121.210000,121.240000
1319189820,121.230000,121.240000,121.210000,121.220000
1319189880,121.210000,121.220000,121.210000,121.210000
1319189940,121.220000,121.220000,121.200000,121.210000
1319190000,121.200000,121.240000,121.200000,121.220000
1319190060,121.230000,121.290000,121.210000,121.270000
1319190120,121.280000,121.280000,121.240000,121.240000
1319190180,121.230000,121.240000,121.220000,121.240000
1319190240,121.230000,121.260000,121.230000,121.240000
1319190300,121.230000,121.270000,121.230000,121.260000
1319190360,121.270000,121.310000,121.250000,121.310000
1319190420,121.300000,121.310000,121.270000,121.270000
1319190480,121.280000,121.300000,121.270000,121.280000
1319190540,121.290000,121.290000,121.250000,121.270000
1319190600,121.280000,121.280000,121.240000,121.270000
1319190660,121.260000,121.270000,121.250000,121.270000
1319190720,121.260000,121.270000,121.250000,121.250000
1319190780,121.240000,121.270000,121.240000,121.260000
1319190840,121.270000,121.270000,121.230000,121.250000
1319190900,121.240000,121.250000,121.230000,121.250000
1319190960,121.240000,121.250000,121.230000,121.230000
1319191020,121.220000,121.220000,121.190000,121.200000
1319191080,121.190000,121.210000,121.190000,121.200000
1319191140,121.210000,121.210000,121.180000,121.200000
1319191200,121.210000,121.230000,121.200000,121.220000
1319191260,121.210000,121.230000,121.190000,121.200000
1319191320,121.210000,121.240000,121.200000,121.210000
1319191380,121.220000,121.220000,121.190000,121.200000
1319191440,121.190000,121.190000,121.130000,121.130000
1319191500,121.120000,121.130000,121.110000,121.110000
1319191560,121.120000,121.120000,121.090000,121.090000
1319191620,121.100000,121.110000,121.100000,121.100000
1319191680,121.110000,121.130000,121.100000,121.110000
1319191740,121.100000,121.110000,121.090000,121.110000
1319191800,121.120000,121.140000,121.110000,121.140000
1319191860,121.130000,121.150000,121.130000,121.140000
1319191920,121.130000,121.140000,121.120000,121.140000
1319191980,121.150000,121.160000,121.130000,121.160000
1319192040,121.170000,121.180000,121.160000,121.160000
1319192100,121.170000,121.220000,121.160000,121.220000
1319192160,121.210000,121.220000,121.190000,121.220000
1319192220,121.230000,121.240000,121.210000,121.210000
1319192280,121.220000,121.240000,121.220000,121.240000
1319192340,121.230000,121.240000,121.220000,121.220000
1319192400,121.210000,121.250000,121.210000,121.230000
1319192460,121.240000,121.260000,121.240000,121.260000
1319192520,121.250000,121.260000,121.230000,121.260000
1319192580,121.270000,121.270000,121.210000,121.210000
1319192640,121.220000,121.220000,121.210000,121.210000
1319192700,121.220000,121.220000,121.190000,121.200000
1319192760,121.190000,121.210000,121.190000,121.200000
1319192820,121.190000,121.200000,121.190000,121.190000
1319192880,121.180000,121.180000,121.160000,121.180000
1319192940,121.170000,121.200000,121.170000,121.170000
1319193000,121.180000,121.180000,121.170000,121.170000
1319193060,121.180000,121.190000,121.170000,121.170000
1319193120,121.180000,121.180000,121.160000,121.170000
1319193180,121.160000,121.180000,121.160000,121.170000
1319193240,121.160000,121.170000,121.160000,121.160000
1319193300,121.170000,121.180000,121.160000,121.180000
1319193360,121.190000,121.200000,121.190000,121.200000
1319193420,121.190000,121.200000,121.190000,121.200000
1319193480,121.210000,121.210000,121.200000,121.210000
1319193540,121.200000,121.210000,121.170000,121.170000
1319193600,121.160000,121.180000,121.160000,121.170000
1319193660,121.160000,121.160000,121.130000,121.130000
1319193720,121.120000,121.120000,121.070000,121.070000
1319193780,121.060000,121.100000,121.060000,121.080000
1319193840,121.070000,121.120000,121.070000,121.110000
1319193900,121.100000,121.110000,121.090000,121.110000
1319193960,121.100000,121.110000,121.100000,121.110000
1319194020,121.100000,121.100000,121.100000,121.100000
1319194080,121.110000,121.120000,121.110000,121.120000
1319194140,121.110000,121.140000,121.110000,121.140000
1319194200,121.130000,121.170000,121.130000,121.160000
1319194260,121.170000,121.170000,121.120000,121.140000
1319194320,121.150000,121.170000,121.130000,121.170000
1319194380,121.180000,121.200000,121.160000,121.190000
1319194440,121.200000,121.240000,121.190000,121.240000
1319194500,121.250000,121.280000,121.240000,121.250000
1319194560,121.260000,121.300000,121.240000,121.270000
1319194620,121.280000,121.350000,121.270000,121.340000
1319194680,121.330000,121.420000,121.330000,121.410000
1319194740,121.420000,121.470000,121.410000,121.460000
1319194800,121.450000,121.480000,121.400000,121.460000
1319194860,121.470000,121.530000,121.470000,121.520000
1319194920,121.510000,121.610000,121.510000,121.600000
1319194980,121.590000,121.600000,121.550000,121.560000
1319195040,121.570000,121.570000,121.550000,121.550000
1319195100,121.540000,121.580000,121.540000,121.570000
1319195160,121.580000,121.670000,121.570000,121.650000
1319195220,121.660000,121.790000,121.650000,121.790000
1319195280,121.780000,121.780000,121.700000,121.710000
1319195340,121.700000,121.710000,121.670000,121.680000
1319195400,121.670000,121.680000,121.650000,121.650000
1319195460,121.640000,121.660000,121.630000,121.650000
1319195520,121.660000,121.710000,121.660000,121.710000
1319195580,121.690000,121.710000,121.680000,121.700000
1319195640,121.690000,121.750000,121.690000,121.740000
1319195700,121.750000,121.790000,121.750000,121.780000
1319195760,121.770000,121.800000,121.760000,121.800000
1319195820,121.790000,121.810000,121.770000,121.770000
1319195880,121.780000,121.810000,121.770000,121.810000
1319195940,121.800000,121.880000,121.800000,121.860000
1319196000,121.850000,121.860000,121.820000,121.830000
1319196060,121.840000,121.850000,121.820000,121.840000
1319196120,121.830000,121.840000,121.810000,121.840000
1319196180,121.830000,121.850000,121.800000,121.840000
1319196240,121.830000,121.830000,121.800000,121.810000
1319196300,121.800000,121.800000,121.770000,121.790000
1319196360,121.800000,121.850000,121.790000,121.840000
1319196420,121.850000,121.890000,121.830000,121.880000
1319196480,121.870000,121.890000,121.850000,121.890000
1319196540,121.900000,121.960000,121.890000,121.950000
1319196600,121.940000,122.040000,121.920000,122.030000
1319196660,122.020000,122.060000,121.990000,122.000000
1319196720,121.990000,122.050000,121.960000,122.030000
1319196780,122.020000,122.030000,122.000000,122.000000
1319196840,121.990000,121.990000,121.950000,121.960000
1319196900,121.950000,121.990000,121.950000,121.970000
1319196960,121.960000,121.970000,121.910000,121.910000
1319197020,121.900000,121.920000,121.900000,121.920000
1319197080,121.930000,121.930000,121.910000,121.920000
1319197140,121.930000,121.960000,121.930000,121.950000
1319197200,121.960000,121.960000,121.940000,121.950000
1319197260,121.940000,121.960000,121.940000,121.950000
1319197320,121.940000,121.950000,121.930000,121.930000
1319197380,121.940000,121.950000,121.900000,121.910000
1319197440,121.900000,121.900000,121.870000,121.880000
1319197500,121.870000,121.900000,121.870000,121.900000
1319197560,121.910000,121.910000,121.900000,121.900000
1319197620,121.910000,121.930000,121.900000,121.930000
1319197680,121.920000,121.930000,121.910000,121.910000
1319197740,121.920000,121.920000,121.900000,121.910000
1319197800,121.920000,121.940000,121.910000,121.920000
1319197860,121.930000,121.970000,121.920000,121.970000
1319197920,121.960000,121.970000,121.940000,121.950000
1319197980,121.960000,121.980000,121.950000,121.980000
1319198040,121.970000,121.970000,121.940000,121.950000
1319198100,121.940000,121.990000,121.940000,121.960000
1319198160,121.970000,122.000000,121.960000,121.990000
1319198220,121.980000,122.010000,121.950000,121.970000
1319198280,121.960000,121.970000,121.950000,121.960000
1319198340,121.950000,121.970000,121.930000,121.950000
1319198400,121.940000,121.990000,121.940000,121.990000
1319198460,121.980000,122.010000,121.970000,122.000000
1319198520,121.990000,122.000000,121.970000,122.000000
1319198580,121.990000,122.010000,121.980000,121.980000
1319198640,121.970000,122.000000,121.950000,121.970000
1319198700,121.980000,121.990000,121.960000,121.960000
1319198760,121.950000,121.970000,121.920000,121.920000
1319198820,121.930000,121.950000,121.900000,121.900000
1319198880,121.910000,121.940000,121.900000,121.940000
1319198940,121.930000,121.930000,121.890000,121.910000
1319199000,121.920000,121.930000,121.900000,121.910000
1319199060,121.920000,121.930000,121.910000,121.920000
1319199120,121.910000,121.910000,121.880000,121.900000
1319199180,121.910000,121.910000,121.900000,121.910000
1319199240,121.900000,121.910000,121.870000,121.910000
1319199300,121.920000,121.960000,121.890000,121.960000
1319199360,121.950000,121.960000,121.890000,121.920000
1319199420,121.930000,121.970000,121.910000,121.910000
1319199480,121.920000,121.970000,121.920000,121.940000
1319199540,121.950000,121.980000,121.940000,121.970000
1319199600,121.980000,121.980000,121.940000,121.950000
1319199660,121.940000,121.950000,121.910000,121.930000
1319199720,121.940000,121.980000,121.940000,121.970000
1319199780,121.960000,121.970000,121.930000,121.930000
1319199840,121.940000,121.940000,121.910000,121.920000
1319199900,121.910000,121.920000,121.870000,121.870000
1319199960,121.860000,121.900000,121.860000,121.880000
1319200020,121.890000,121.910000,121.890000,121.910000
1319200080,121.920000,121.920000,121.900000,121.910000
1319200140,121.920000,121.950000,121.910000,121.910000
1319200200,121.900000,121.900000,121.880000,121.900000
1319200260,121.890000,121.900000,121.840000,121.860000
1319200320,121.870000,121.870000,121.840000,121.840000
1319200380,121.830000,121.840000,121.780000,121.790000
1319200440,121.780000,121.810000,121.770000,121.800000
1319200500,121.810000,121.850000,121.800000,121.840000
1319200560,121.830000,121.840000,121.600000,121.670000
1319200620,121.680000,121.730000,121.620000,121.720000
1319200680,121.710000,121.710000,121.550000,121.590000
1319200740,121.580000,121.620000,121.550000,121.560000
1319200800,121.550000,121.550000,121.390000,121.470000
1319200860,121.460000,121.460000,121.370000,121.410000
1319200920,121.420000,121.520000,121.410000,121.510000
1319200980,121.500000,121.520000,121.430000,121.430000
1319201040,121.440000,121.490000,121.440000,121.460000
1319201100,121.450000,121.460000,121.420000,121.450000
1319201160,121.460000,121.460000,121.440000,121.440000
1319201220,121.450000,121.510000,121.430000,121.500000
1319201280,121.510000,121.530000,121.480000,121.520000
1319201340,121.530000,121.550000,121.490000,121.540000
1319201400,121.530000,121.580000,121.500000,121.570000
1319201460,121.580000,121.580000,121.520000,121.550000
1319201520,121.560000,121.590000,121.550000,121.570000
1319201580,121.580000,121.580000,121.540000,121.540000
1319201640,121.550000,121.550000,121.510000,121.530000
1319201700,121.520000,121.530000,121.480000,121.500000
1319201760,121.490000,121.500000,121.350000,121.410000
1319201820,121.400000,121.440000,121.330000,121.350000
1319201880,121.360000,121.380000,121.100000,121.190000
1319201940,121.180000,121.270000,121.160000,121.210000
1319202000,121.220000,121.270000,121.160000,121.270000
1319202060,121.260000,121.290000,121.210000,121.260000
1319202120,121.270000,121.310000,121.110000,121.110000
1319202180,121.100000,121.100000,120.790000,120.960000
1319202240,120.970000,121.010000,120.880000,121.000000
1319202300,121.010000,121.190000,120.980000,121.190000
1319202360,121.200000,121.270000,121.170000,121.200000
1319202420,121.210000,121.280000,121.170000,121.230000
1319202480,121.240000,121.270000,121.200000,121.240000
1319202540,121.250000,121.330000,121.220000,121.220000
1319202600,121.230000,121.230000,121.160000,121.170000
1319202660,121.180000,121.200000,121.140000,121.190000
1319202720,121.200000,121.230000,121.170000,121.220000
1319202780,121.210000,121.230000,121.160000,121.180000
1319202840,121.170000,121.190000,121.150000,121.150000
1319202900,121.140000,121.210000,121.130000,121.170000
1319202960,121.160000,121.210000,121.160000,121.210000
1319203020,121.220000,121.220000,121.170000,121.210000
1319203080,121.220000,121.220000,121.100000,121.120000
1319203140,121.110000,121.190000,121.100000,121.150000
1319203200,121.140000,121.200000,121.120000,121.150000
1319203260,121.160000,121.170000,121.070000,121.070000
1319203320,121.060000,121.090000,121.020000,121.060000
1319203380,121.050000,121.090000,121.030000,121.090000
1319203440,121.080000,121.170000,121.070000,121.160000
1319203500,121.170000,121.220000,121.160000,121.170000
1319203560,121.160000,121.210000,121.160000,121.190000
1319203620,121.200000,121.210000,121.150000,121.170000
1319203680,121.180000,121.250000,121.170000,121.200000
1319203740,121.190000,121.220000,121.180000,121.200000
1319203800,121.210000,121.250000,121.180000,121.230000
1319203860,121.240000,121.330000,121.230000,121.280000
1319203920,121.290000,121.320000,121.270000,121.320000
1319203980,121.310000,121.320000,121.280000,121.310000
1319204040,121.300000,121.320000,121.290000,121.300000
1319204100,121.290000,121.300000,121.270000,121.290000
1319204160,121.300000,121.310000,121.260000,121.270000
1319204220,121.280000,121.320000,121.260000,121.320000
1319204280,121.310000,121.340000,121.290000,121.310000
1319204340,121.320000,121.330000,121.300000,121.320000
1319204400,121.310000,121.330000,121.300000,121.310000
1319204460,121.320000,121.340000,121.300000,121.310000
1319204520,121.300000,121.340000,121.300000,121.320000
1319204580,121.310000,121.330000,121.300000,121.320000
1319204640,121.310000,121.320000,121.280000,121.300000
1319204700,121.310000,121.310000,121.240000,121.260000
1319204760,121.250000,121.280000,121.240000,121.250000
1319204820,121.240000,121.270000,121.240000,121.250000
1319204880,121.280000,121.300000,121.220000,121.240000
1319204940,121.230000,121.250000,121.090000,121.120000
1319205000,121.130000,121.180000,121.110000,121.120000
1319205060,121.130000,121.200000,121.130000,121.190000
1319205120,121.200000,121.260000,121.190000,121.210000
1319205180,121.200000,121.270000,121.180000,121.270000
1319205240,121.260000,121.260000,121.200000,121.220000
1319205300,121.230000,121.230000,121.190000,121.220000
1319205360,121.230000,121.270000,121.220000,121.220000
1319205420,121.210000,121.260000,121.210000,121.210000
1319205480,121.220000,121.220000,121.130000,121.140000
1319205540,121.150000,121.200000,121.120000,121.170000
1319205600,121.160000,121.200000,121.160000,121.190000
1319205660,121.180000,121.190000,121.140000,121.160000
1319205720,121.180000,121.190000,121.160000,121.170000
1319205780,121.180000,121.190000,121.170000,121.180000
1319205840,121.190000,121.230000,121.180000,121.220000
1319205900,121.230000,121.250000,121.190000,121.220000
1319205960,121.230000,121.290000,121.230000,121.280000
1319206020,121.270000,121.310000,121.250000,121.270000
1319206080,121.280000,121.300000,121.270000,121.270000
1319206140,121.280000,121.280000,121.260000,121.260000
1319206200,121.270000,121.300000,121.260000,121.300000
1319206260,121.310000,121.350000,121.300000,121.340000
1319206320,121.330000,121.370000,121.330000,121.350000
1319206380,121.340000,121.360000,121.310000,121.330000
1319206440,121.340000,121.410000,121.340000,121.380000
1319206500,121.390000,121.400000,121.270000,121.320000
1319206560,121.310000,121.380000,121.310000,121.380000
1319206620,121.370000,121.400000,121.360000,121.380000
1319206680,121.390000,121.430000,121.380000,121.390000
1319206740,121.410000,121.450000,121.400000,121.430000
1319206800,121.420000,121.440000,121.410000,121.440000
1319206860,121.430000,121.480000,121.430000,121.450000
1319206920,121.440000,121.450000,121.400000,121.410000
1319206980,121.420000,121.430000,121.400000,121.420000
1319207040,121.410000,121.420000,121.370000,121.390000
1319207100,121.400000,121.410000,121.370000,121.400000
1319207160,121.390000,121.400000,121.370000,121.380000
1319207220,121.370000,121.390000,121.370000,121.370000
1319207280,121.380000,121.380000,121.290000,121.290000
1319207340,121.300000,121.380000,121.290000,121.380000
1319207400,121.370000,121.390000,121.370000,121.390000
1319207460,121.400000,121.400000,121.330000,121.330000
1319207520,121.320000,121.330000,121.280000,121.290000
1319207580,121.300000,121.300000,121.250000,121.280000
1319207640,121.270000,121.290000,121.250000,121.270000
1319207700,121.260000,121.280000,121.230000,121.280000
1319207760,121.270000,121.320000,121.270000,121.310000
1319207820,121.320000,121.320000,121.290000,121.290000
1319207880,121.300000,121.320000,121.290000,121.290000
1319207940,121.300000,121.320000,121.270000,121.320000
1319208000,121.310000,121.320000,121.280000,121.300000
1319208060,121.310000,121.310000,121.240000,121.240000
1319208120,121.250000,121.270000,121.240000,121.250000
1319208180,121.260000,121.270000,121.210000,121.270000
1319208240,121.280000,121.300000,121.270000,121.270000
1319208300,121.280000,121.300000,121.270000,121.280000
1319208360,121.270000,121.290000,121.270000,121.270000
1319208420,121.260000,121.290000,121.250000,121.290000
1319208480,121.300000,121.340000,121.290000,121.320000
1319208540,121.330000,121.340000,121.310000,121.340000
1319208600,121.350000,121.360000,121.310000,121.310000
1319208660,121.300000,121.330000,121.300000,121.320000
1319208720,121.310000,121.340000,121.310000,121.340000
1319208780,121.330000,121.350000,121.320000,121.330000
1319208840,121.340000,121.350000,121.300000,121.310000
1319208900,121.320000,121.330000,121.280000,121.320000
1319208960,121.330000,121.360000,121.320000,121.320000
1319209020,121.330000,121.380000,121.330000,121.380000
1319209080,121.390000,121.400000,121.340000,121.350000
1319209140,121.360000,121.400000,121.340000,121.380000
1319209200,121.390000,121.410000,121.380000,121.390000
1319209260,121.400000,121.440000,121.390000,121.420000
1319209320,121.410000,121.420000,121.360000,121.360000
1319209380,121.370000,121.390000,121.350000,121.370000
1319209440,121.390000,121.400000,121.320000,121.350000
1319209500,121.370000,121.380000,121.340000,121.380000
1319209560,121.390000,121.420000,121.370000,121.400000
1319209620,121.410000,121.410000,121.380000,121.390000
1319209680,121.380000,121.390000,121.370000,121.380000
1319209740,121.370000,121.370000,121.320000,121.320000
1319209800,121.310000,121.370000,121.310000,121.350000
1319209860,121.360000,121.380000,121.350000,121.370000
1319209920,121.360000,121.390000,121.350000,121.360000
1319209980,121.370000,121.390000,121.360000,121.380000
1319210040,121.370000,121.410000,121.370000,121.380000
1319210100,121.390000,121.420000,121.380000,121.420000
1319210160,121.410000,121.440000,121.410000,121.440000
1319210220,121.450000,121.460000,121.440000,121.460000
1319210280,121.450000,121.470000,121.430000,121.440000
1319210340,121.450000,121.450000,121.430000,121.440000
1319210400,121.450000,121.460000,121.440000,121.450000
1319210460,121.440000,121.450000,121.420000,121.440000
1319210520,121.430000,121.450000,121.430000,121.430000
1319210580,121.440000,121.440000,121.420000,121.430000
1319210640,121.440000,121.530000,121.440000,121.520000
1319210700,121.510000,121.520000,121.500000,121.520000
1319210760,121.510000,121.510000,121.480000,121.500000
1319210820,121.490000,121.500000,121.470000,121.480000
1319210880,121.490000,121.490000,121.450000,121.460000
1319210940,121.470000,121.470000,121.410000,121.410000
1319211000,121.420000,121.420000,121.380000,121.380000
1319211060,121.390000,121.400000,121.380000,121.390000
1319211120,121.380000,121.420000,121.380000,121.390000
1319211180,121.400000,121.410000,121.390000,121.390000
1319211240,121.380000,121.410000,121.370000,121.370000
1319211300,121.380000,121.390000,121.370000,121.380000
1319211360,121.390000,121.390000,121.370000,121.370000
1319211420,121.380000,121.390000,121.370000,121.370000
1319211480,121.380000,121.390000,121.370000,121.390000
1319211540,121.380000,121.400000,121.370000,121.380000
1319211600,121.370000,121.380000,121.360000,121.380000
1319211660,121.370000,121.400000,121.370000,121.390000
1319211720,121.400000,121.420000,121.390000,121.420000
1319211780,121.430000,121.470000,121.420000,121.460000
1319211840,121.450000,121.480000,121.450000,121.450000
1319211900,121.440000,121.470000,121.440000,121.460000
1319211960,121.450000,121.460000,121.420000,121.420000
1319212020,121.430000,121.430000,121.420000,121.430000
1319212080,121.420000,121.420000,121.420000,121.420000
1319212140,121.410000,121.420000,121.400000,121.410000
1319212200,121.420000,121.440000,121.410000,121.440000
1319212260,121.430000,121.450000,121.420000,121.430000
1319212320,121.420000,121.430000,121.420000,121.420000
1319212380,121.410000,121.420000,121.400000,121.400000
1319212440,121.390000,121.390000,121.370000,121.370000
1319212500,121.380000,121.380000,121.350000,121.350000
1319212560,121.360000,121.380000,121.350000,121.350000
1319212620,121.360000,121.360000,121.290000,121.300000
1319212680,121.310000,121.330000,121.290000,121.290000
1319212740,121.300000,121.330000,121.290000,121.310000
1319212800,121.320000,121.350000,121.310000,121.330000
1319212860,121.340000,121.360000,121.340000,121.360000
1319212920,121.370000,121.370000,121.340000,121.340000
1319212980,121.350000,121.360000,121.330000,121.340000
1319213040,121.350000,121.350000,121.340000,121.350000
1319213100,121.360000,121.380000,121.360000,121.380000
1319213160,121.370000,121.380000,121.360000,121.380000
1319213220,121.370000,121.380000,121.330000,121.350000
1319213280,121.340000,121.360000,121.330000,121.350000
1319213340,121.360000,121.360000,121.330000,121.340000
1319213400,121.330000,121.350000,121.330000,121.330000
1319213460,121.340000,121.350000,121.340000,121.350000
1319213520,121.340000,121.350000,121.340000,121.340000
1319213580,121.330000,121.350000,121.320000,121.330000
1319213640,121.320000,121.350000,121.320000,121.350000
1319213700,121.340000,121.340000,121.330000,121.340000
1319213820,121.330000,121.350000,121.330000,121.340000
1319213880,121.330000,121.370000,121.330000,121.370000
1319213940,121.380000,121.380000,121.350000,121.350000
1319214000,121.340000,121.360000,121.340000,121.360000
1319214060,121.350000,121.360000,121.340000,121.350000
1319214120,121.360000,121.360000,121.350000,121.350000
1319214180,121.360000,121.360000,121.350000,121.360000
1319214240,121.350000,121.360000,121.350000,121.350000
1319214300,121.360000,121.370000,121.360000,121.370000
1319214360,121.380000,121.380000,121.380000,121.380000
1319214420,121.370000,121.380000,121.360000,121.380000
1319214480,121.370000,121.400000,121.370000,121.370000
1319214540,121.380000,121.380000,121.360000,121.360000
1319214600,121.350000,121.360000,121.350000,121.350000
1319214660,121.360000,121.360000,121.350000,121.350000
1319214720,121.360000,121.360000,121.350000,121.360000
1319214780,121.350000,121.350000,121.350000,121.350000
1319214840,121.360000,121.370000,121.360000,121.360000
1319214900,121.370000,121.370000,121.370000,121.370000
1319214960,121.380000,121.390000,121.380000,121.390000
1319215020,121.380000,121.390000,121.370000,121.370000
1319215080,121.360000,121.380000,121.360000,121.380000
1319215140,121.370000,121.380000,121.360000,121.360000
1319215200,121.370000,121.370000,121.360000,121.360000
1319215260,121.350000,121.350000,121.350000,121.350000
1319215320,121.340000,121.350000,121.330000,121.340000
1319215380,121.350000,121.350000,121.340000,121.340000
1319215440,121.330000,121.340000,121.320000,121.340000
1319215500,121.330000,121.360000,121.300000,121.310000
1319215560,121.320000,121.340000,121.300000,121.300000
1319215620,121.310000,121.320000,121.310000,121.320000
1319215680,121.310000,121.330000,121.310000,121.330000
1319215740,121.340000,121.340000,121.310000,121.310000
1319215800,121.320000,121.330000,121.310000,121.310000
1319215860,121.320000,121.330000,121.310000,121.330000
1319215920,121.320000,121.360000,121.320000,121.360000
1319215980,121.370000,121.390000,121.350000,121.370000
1319216040,121.380000,121.390000,121.360000,121.370000
1319216100,121.380000,121.380000,121.350000,121.350000
1319216160,121.340000,121.350000,121.340000,121.350000
1319216220,121.340000,121.370000,121.340000,121.370000
1319216280,121.380000,121.400000,121.380000,121.390000
1319216340,121.380000,121.410000,121.380000,121.390000
1319216400,121.400000,121.410000,121.390000,121.400000
1319216460,121.390000,121.400000,121.370000,121.380000
1319216520,121.390000,121.400000,121.380000,121.400000
1319216580,121.390000,121.390000,121.360000,121.360000
1319216640,121.370000,121.370000,121.340000,121.350000
1319216700,121.340000,121.350000,121.320000,121.340000
1319216760,121.330000,121.350000,121.320000,121.330000
1319216820,121.320000,121.340000,121.310000,121.320000
1319216880,121.310000,121.320000,121.310000,121.310000
1319216940,121.320000,121.360000,121.320000,121.350000
1319217000,121.360000,121.360000,121.320000,121.350000
1319217060,121.360000,121.370000,121.330000,121.360000
1319217120,121.370000,121.380000,121.350000,121.370000
1319217180,121.360000,121.370000,121.350000,121.360000
1319217240,121.370000,121.390000,121.360000,121.360000
1319217300,121.370000,121.390000,121.360000,121.390000
1319217420,121.380000,121.390000,121.360000,121.380000
1319217480,121.370000,121.370000,121.350000,121.360000
1319217540,121.350000,121.370000,121.350000,121.370000
1319217600,121.360000,121.370000,121.360000,121.360000
1319217660,121.370000,121.380000,121.360000,121.370000
1319217720,121.380000,121.390000,121.380000,121.390000
1319217780,121.380000,121.380000,121.380000,121.380000
1319217840,121.370000,121.380000,121.370000,121.380000
1319217900,121.370000,121.380000,121.360000,121.370000
1319217960,121.360000,121.360000,121.340000,121.340000
1319218020,121.330000,121.350000,121.320000,121.340000
1319218080,121.330000,121.360000,121.330000,121.360000
1319218140,121.350000,121.360000,121.350000,121.360000
1319218200,121.370000,121.380000,121.360000,121.370000
1319218260,121.360000,121.360000,121.320000,121.330000
1319218320,121.310000,121.320000,121.290000,121.320000
1319218380,121.310000,121.320000,121.300000,121.310000
1319218440,121.300000,121.310000,121.300000,121.300000
1319218500,121.310000,121.310000,121.290000,121.300000
1319218560,121.310000,121.310000,121.290000,121.300000
1319218620,121.310000,121.330000,121.300000,121.310000
1319218680,121.320000,121.330000,121.310000,121.320000
1319218740,121.310000,121.320000,121.300000,121.310000
1319218800,121.300000,121.310000,121.300000,121.310000
1319218860,121.320000,121.320000,121.300000,121.320000
1319218920,121.310000,121.320000,121.300000,121.310000
1319218980,121.320000,121.320000,121.290000,121.300000
1319219040,121.310000,121.330000,121.300000,121.320000
1319219100,121.330000,121.350000,121.320000,121.330000
1319219160,121.320000,121.360000,121.310000,121.350000
1319219220,121.340000,121.350000,121.320000,121.350000
1319219280,121.360000,121.360000,121.320000,121.320000
1319219340,121.330000,121.350000,121.320000,121.330000
1319219400,121.320000,121.340000,121.300000,121.310000
1319219460,121.300000,121.310000,121.290000,121.310000
1319219520,121.300000,121.320000,121.300000,121.320000
1319219580,121.310000,121.320000,121.290000,121.290000
1319219640,121.300000,121.320000,121.290000,121.320000
1319219700,121.310000,121.320000,121.300000,121.320000
1319219760,121.310000,121.320000,121.300000,121.310000
1319219820,121.300000,121.320000,121.290000,121.320000
1319219880,121.310000,121.320000,121.300000,121.320000
1319219940,121.310000,121.320000,121.290000,121.300000
1319220000,121.290000,121.300000,121.260000,121.270000
1319220060,121.280000,121.290000,121.280000,121.280000
1319220120,121.290000,121.300000,121.290000,121.300000
1319220180,121.290000,121.320000,121.290000,121.310000
1319220240,121.320000,121.320000,121.300000,121.310000
1319220300,121.320000,121.330000,121.310000,121.310000
1319220360,121.300000,121.330000,121.300000,121.320000
1319220420,121.330000,121.330000,121.310000,121.320000
1319220480,121.330000,121.330000,121.310000,121.320000
1319220540,121.330000,121.330000,121.320000,121.320000
1319220600,121.330000,121.330000,121.310000,121.310000
1319220660,121.320000,121.320000,121.310000,121.320000
1319220720,121.310000,121.330000,121.300000,121.320000
1319220780,121.310000,121.320000,121.300000,121.310000
1319220840,121.300000,121.310000,121.290000,121.300000
1319220900,121.310000,121.310000,121.290000,121.290000
1319220960,121.280000,121.290000,121.280000,121.290000
1319221080,121.300000,121.300000,121.270000,121.270000
1319221140,121.260000,121.270000,121.260000,121.270000
1319221200,121.260000,121.270000,121.260000,121.260000
1319221260,121.250000,121.260000,121.230000,121.250000
1319221320,121.240000,121.260000,121.240000,121.250000
1319221380,121.240000,121.240000,121.240000,121.240000
1319221440,121.250000,121.250000,121.250000,121.250000
1319221500,121.260000,121.270000,121.240000,121.240000
1319221560,121.230000,121.240000,121.210000,121.220000
1319221620,121.230000,121.230000,121.220000,121.220000
1319221680,121.210000,121.220000,121.210000,121.220000
1319221740,121.210000,121.230000,121.210000,121.220000
1319221800,121.230000,121.240000,121.230000,121.240000
1319221860,121.250000,121.250000,121.250000,121.250000
1319221920,121.260000,121.280000,121.240000,121.280000
1319221980,121.270000,121.280000,121.240000,121.250000
1319222100,121.260000,121.270000,121.260000,121.260000
1319222160,121.270000,121.270000,121.260000,121.260000
1319222220,121.270000,121.270000,121.270000,121.270000
1319222280,121.260000,121.270000,121.260000,121.270000
1319222340,121.280000,121.290000,121.270000,121.290000
1319222400,121.280000,121.290000,121.280000,121.290000
1319222460,121.280000,121.290000,121.270000,121.290000
1319222520,121.280000,121.310000,121.280000,121.310000
1319222580,121.290000,121.320000,121.290000,121.310000
1319222640,121.300000,121.310000,121.280000,121.280000
1319222700,121.300000,121.300000,121.260000,121.260000
1319222760,121.270000,121.280000,121.260000,121.280000
1319222820,121.270000,121.290000,121.270000,121.290000
1319222880,121.280000,121.300000,121.270000,121.290000
1319222940,121.280000,121.290000,121.260000,121.260000
1319223000,121.250000,121.270000,121.250000,121.260000
1319223060,121.270000,121.270000,121.250000,121.250000
1319223120,121.260000,121.260000,121.240000,121.250000
1319223180,121.260000,121.260000,121.240000,121.240000
1319223240,121.250000,121.260000,121.250000,121.250000
1319223300,121.260000,121.270000,121.260000,121.260000
1319223360,121.250000,121.260000,121.250000,121.250000
1319223420,121.240000,121.280000,121.240000,121.270000
1319223480,121.280000,121.280000,121.270000,121.280000
1319223540,121.270000,121.290000,121.270000,121.270000
1319223600,121.280000,121.300000,121.280000,121.300000
1319223660,121.290000,121.310000,121.290000,121.300000
1319223720,121.310000,121.310000,121.290000,121.290000
1319223780,121.300000,121.310000,121.290000,121.310000
1319223840,121.320000,121.330000,121.310000,121.320000
1319223900,121.310000,121.320000,121.310000,121.320000
1319223960,121.310000,121.320000,121.310000,121.320000
1319224020,121.330000,121.330000,121.320000,121.330000
1319224080,121.320000,121.340000,121.320000,121.340000
1319224140,121.330000,121.360000,121.320000,121.340000
1319224200,121.350000,121.350000,121.340000,121.350000
1319224260,121.360000,121.360000,121.350000,121.350000
1319224320,121.360000,121.370000,121.360000,121.370000
1319224380,121.360000,121.370000,121.360000,121.370000
1319224440,121.360000,121.360000,121.340000,121.340000
1319224500,121.350000,121.360000,121.340000,121.350000
1319224560,121.370000,121.380000,121.360000,121.370000
1319224620,121.380000,121.380000,121.350000,121.350000
1319224680,121.360000,121.370000,121.350000,121.350000
1319224740,121.360000,121.370000,121.350000,121.360000
1319224800,121.350000,121.360000,121.350000,121.350000
1319224860,121.360000,121.370000,121.360000,121.370000
1319224920,121.360000,121.370000,121.360000,121.360000
1319224980,121.350000,121.360000,121.350000,121.350000
1319225040,121.340000,121.360000,121.340000,121.360000
1319225100,121.350000,121.370000,121.350000,121.370000
1319225160,121.360000,121.360000,121.350000,121.360000
1319225220,121.350000,121.360000,121.350000,121.350000
1319225280,121.360000,121.360000,121.350000,121.350000
1319225340,121.360000,121.360000,121.350000,121.350000
1319225400,121.360000,121.360000,121.360000,121.360000
1319225460,121.370000,121.380000,121.370000,121.380000
1319225520,121.390000,121.420000,121.380000,121.420000
1319225580,121.410000,121.430000,121.410000,121.430000
1319225640,121.420000,121.430000,121.420000,121.430000
1319225700,121.420000,121.430000,121.410000,121.420000
1319225760,121.410000,121.430000,121.410000,121.430000
1319225820,121.420000,121.420000,121.400000,121.420000
1319225880,121.430000,121.430000,121.410000,121.410000
1319225940,121.420000,121.420000,121.400000,121.400000
1319226000,121.410000,121.420000,121.380000,121.390000
1319226060,121.400000,121.400000,121.390000,121.400000
1319226120,121.410000,121.410000,121.400000,121.410000
1319226180,121.420000,121.430000,121.410000,121.430000
1319226240,121.420000,121.430000,121.420000,121.430000
1319226300,121.420000,121.450000,121.420000,121.450000
1319226360,121.460000,121.470000,121.450000,121.460000
1319226420,121.470000,121.480000,121.450000,121.450000
1319226480,121.460000,121.470000,121.460000,121.470000
1319226540,121.480000,121.480000,121.470000,121.480000
1319226600,121.470000,121.480000,121.470000,121.480000
1319226660,121.470000,121.480000,121.460000,121.480000
1319226720,121.470000,121.470000,121.470000,121.470000
1319226780,121.480000,121.480000,121.480000,121.480000
1319226840,121.470000,121.470000,121.460000,121.460000
1319226900,121.470000,121.470000,121.460000,121.460000
1319226960,121.470000,121.480000,121.470000,121.470000
1319227020,121.460000,121.480000,121.450000,121.480000
1319227080,121.470000,121.500000,121.460000,121.480000
1319227140,121.470000,121.490000,121.470000,121.490000
1319227200,121.480000,121.510000,121.480000,121.500000
1319227260,121.510000,121.510000,121.470000,121.470000
1319227320,121.480000,121.480000,121.450000,121.450000
1319227380,121.460000,121.470000,121.460000,121.460000
1319227440,121.470000,121.490000,121.470000,121.490000
1319227500,121.500000,121.530000,121.490000,121.500000
1319227560,121.510000,121.540000,121.500000,121.530000
1319227620,121.520000,121.520000,121.520000,121.520000
1319227680,121.530000,121.530000,121.510000,121.510000
1319227740,121.520000,121.520000,121.490000,121.490000
1319227800,121.500000,121.510000,121.500000,121.500000
1319227860,121.510000,121.510000,121.500000,121.500000
1319227920,121.510000,121.520000,121.480000,121.510000
1319227980,121.500000,121.510000,121.500000,121.510000
1319228040,121.520000,121.520000,121.520000,121.520000
1319228100,121.510000,121.510000,121.500000,121.510000
1319228220,121.520000,121.520000,121.510000,121.520000
1319228280,121.530000,121.540000,121.520000,121.540000
1319228340,121.550000,121.550000,121.530000,121.530000
1319228400,121.540000,121.540000,121.530000,121.530000
1319228460,121.540000,121.540000,121.540000,121.540000
1319228520,121.550000,121.550000,121.530000,121.550000
1319228580,121.560000,121.560000,121.550000,121.550000
1319228640,121.530000,121.550000,121.530000,121.540000
1319228700,121.550000,121.550000,121.530000,121.540000
1319228760,121.530000,121.550000,121.520000,121.540000
1319228820,121.550000,121.550000,121.530000,121.530000
1319228880,121.540000,121.560000,121.530000,121.540000
1319228940,121.530000,121.540000,121.510000,121.510000
1319229000,121.500000,121.510000,121.500000,121.500000
1319229060,121.510000,121.510000,121.500000,121.510000
1319229120,121.520000,121.520000,121.480000,121.490000
1319229180,121.510000,121.520000,121.500000,121.510000
1319229240,121.520000,121.520000,121.510000,121.510000
1319229300,121.500000,121.510000,121.500000,121.500000
1319229360,121.490000,121.550000,121.490000,121.500000
1319229420,121.510000,121.520000,121.470000,121.500000
1319229480,121.490000,121.530000,121.490000,121.490000
1319229540,121.480000,121.500000,121.480000,121.500000
1319229600,121.490000,121.490000,121.480000,121.480000
1319229660,121.510000,121.520000,121.480000,121.500000
1319229720,121.510000,121.530000,121.510000,121.530000
1319229780,121.520000,121.540000,121.510000,121.530000
1319229840,121.540000,121.560000,121.510000,121.510000
1319229900,121.500000,121.510000,121.500000,121.500000
1319229960,121.490000,121.500000,121.460000,121.460000
1319230020,121.450000,121.500000,121.450000,121.490000
1319230080,121.520000,121.530000,121.490000,121.510000
1319230140,121.490000,121.510000,121.490000,121.510000
1319230200,121.530000,121.610000,121.510000,121.590000
1319230260,121.580000,121.630000,121.570000,121.630000
1319230320,121.640000,121.670000,121.550000,121.670000
1319230380,121.660000,121.670000,121.620000,121.630000
1319230440,121.600000,121.630000,121.590000,121.620000
1319230500,121.630000,121.650000,121.620000,121.640000
1319230560,121.630000,121.640000,121.580000,121.640000
1319230620,121.630000,121.630000,121.520000,121.570000
1319230680,121.550000,121.570000,121.520000,121.560000
1319230740,121.590000,121.670000,121.560000,121.670000
