time,open,high,low,close
1455598800,0.772780,0.772820,0.772770,0.772780
1455598860,0.772770,0.772780,0.772660,0.772680
1455598920,0.772690,0.772810,0.772690,0.772780
1455598980,0.772790,0.772900,0.772780,0.772900
1455599040,0.772890,0.772930,0.772780,0.772790
1455599100,0.772800,0.772930,0.772760,0.772760
1455599160,0.772750,0.772760,0.772640,0.772720
1455599220,0.772710,0.772710,0.772650,0.772660
1455599280,0.772650,0.772850,0.772650,0.772690
1455599340,0.772690,0.772910,0.772690,0.772910
1455599400,0.772910,0.772910,0.772860,0.772860
1455599460,0.772860,0.772860,0.772780,0.772820
1455599520,0.772820,0.772910,0.772800,0.772840
1455599580,0.772830,0.772870,0.772810,0.772860
1455599640,0.772870,0.772910,0.772860,0.772870
1455599700,0.772870,0.772910,0.772860,0.772910
1455599760,0.772910,0.772910,0.772850,0.772900
1455599820,0.772900,0.772920,0.772860,0.772880
1455599880,0.772870,0.772950,0.772850,0.772950
1455599940,0.772950,0.772970,0.772910,0.772910
1455600000,0.772920,0.773010,0.772910,0.773010
1455600060,0.773010,0.773040,0.773000,0.773020
1455600120,0.773030,0.773050,0.773000,0.773050
1455600180,0.773050,0.773110,0.773050,0.773110
1455600240,0.773110,0.773150,0.773110,0.773150
1455600300,0.773150,0.773210,0.773100,0.773190
1455600360,0.773200,0.773220,0.773180,0.773220
1455600420,0.773210,0.773240,0.773160,0.773170
1455600480,0.773180,0.773230,0.773170,0.773210
1455600540,0.773220,0.773240,0.773210,0.773230
1455600600,0.773230,0.773340,0.773230,0.773340
1455600660,0.773320,0.773370,0.773200,0.773210
1455600720,0.773210,0.773290,0.773190,0.773190
1455600780,0.773190,0.773200,0.773070,0.773180
1455600840,0.773200,0.773200,0.773170,0.773190
1455600900,0.773200,0.773270,0.773200,0.773240
1455600960,0.773230,0.773230,0.773160,0.773200
1455601020,0.773200,0.773260,0.773200,0.773240
1455601080,0.773230,0.773230,0.773200,0.773220
1455601140,0.773220,0.773260,0.773170,0.773250
1455601200,0.773230,0.773250,0.773210,0.773230
1455601260,0.773250,0.773280,0.773210,0.773280
1455601320,0.773260,0.773260,0.773170,0.773170
1455601380,0.773180,0.773190,0.773040,0.773040
1455601440,0.773030,0.773060,0.772970,0.773020
1455601500,0.773020,0.773100,0.773020,0.773080
1455601560,0.773070,0.773080,0.773070,0.773080
1455601620,0.773100,0.773100,0.773020,0.773060
1455601680,0.773070,0.773080,0.773070,0.773070
1455601740,0.773080,0.773080,0.773010,0.773020
1455601800,0.773030,0.773270,0.773030,0.773260
1455601860,0.773270,0.773370,0.773260,0.773360
1455601920,0.773330,0.773420,0.773290,0.773410
1455601980,0.773410,0.773510,0.773270,0.773410
1455602040,0.773420,0.773480,0.773390,0.773460
1455602100,0.773450,0.773480,0.773370,0.773450
1455602160,0.773440,0.773440,0.773340,0.773340
1455602220,0.773350,0.773370,0.773250,0.773290
1455602280,0.773300,0.773480,0.773250,0.773480
1455602340,0.773520,0.773530,0.773300,0.773320
1455602400,0.773320,0.773400,0.773320,0.773370
1455602460,0.773370,0.773380,0.773360,0.773360
1455602520,0.773380,0.773480,0.773340,0.773460
1455602580,0.773470,0.773470,0.773310,0.773310
1455602640,0.773290,0.773290,0.773270,0.773280
1455602700,0.773290,0.773310,0.773270,0.773300
1455602760,0.773290,0.773290,0.773260,0.773290
1455602820,0.773290,0.773310,0.773250,0.773260
1455602880,0.773260,0.773310,0.773260,0.773270
1455602940,0.773280,0.773350,0.773270,0.773340
1455603000,0.773350,0.773390,0.773340,0.773380
1455603060,0.773380,0.773380,0.773300,0.773300
1455603120,0.773310,0.773440,0.773310,0.773370
1455603180,0.773380,0.773430,0.773270,0.773270
1455603240,0.773260,0.773370,0.773260,0.773320
1455603300,0.773330,0.773350,0.773290,0.773330
1455603360,0.773320,0.773350,0.773270,0.773280
1455603420,0.773290,0.773290,0.773220,0.773220
1455603480,0.773230,0.773270,0.773190,0.773190
1455603540,0.773190,0.773190,0.773130,0.773150
1455603600,0.773140,0.773290,0.773130,0.773250
1455603660,0.773240,0.773430,0.773220,0.773430
1455603720,0.773430,0.773480,0.773400,0.773400
1455603780,0.773400,0.773450,0.773400,0.773440
1455603840,0.773450,0.773460,0.773350,0.773360
1455603900,0.773370,0.773420,0.773360,0.773370
1455603960,0.773370,0.773400,0.773320,0.773320
1455604020,0.773320,0.773400,0.773260,0.773390
1455604080,0.773390,0.773410,0.773350,0.773390
1455604140,0.773400,0.773500,0.773390,0.773470
1455604200,0.773470,0.773920,0.773470,0.773920
1455604260,0.773910,0.773920,0.773830,0.773860
1455604320,0.773870,0.773900,0.773830,0.773850
1455604380,0.773850,0.774120,0.773810,0.774110
1455604440,0.774120,0.774200,0.774080,0.774100
1455604500,0.774110,0.774190,0.774100,0.774180
1455604560,0.774190,0.774400,0.774190,0.774370
1455604620,0.774340,0.774340,0.774040,0.774040
1455604680,0.774040,0.774050,0.773800,0.773880
1455604740,0.773880,0.774210,0.773880,0.774140
1455604800,0.774140,0.774190,0.774120,0.774120
1455604860,0.774130,0.774140,0.774020,0.774060
1455604920,0.774070,0.774130,0.774050,0.774120
1455604980,0.774120,0.774350,0.774120,0.774310
1455605040,0.774310,0.774350,0.774260,0.774330
1455605100,0.774330,0.774540,0.774320,0.774530
1455605160,0.774530,0.774580,0.774510,0.774570
1455605220,0.774560,0.774570,0.774500,0.774550
1455605280,0.774540,0.774550,0.774460,0.774520
1455605340,0.774510,0.774510,0.774380,0.774410
1455605400,0.774420,0.774510,0.774420,0.774510
1455605460,0.774510,0.774560,0.774450,0.774470
1455605520,0.774480,0.774480,0.774290,0.774290
1455605580,0.774300,0.774300,0.774020,0.774050
1455605640,0.774060,0.774060,0.773820,0.773860
1455605700,0.773870,0.773900,0.773840,0.773850
1455605760,0.773840,0.773870,0.773800,0.773860
1455605820,0.773870,0.773910,0.773870,0.773890
1455605880,0.773880,0.774030,0.773730,0.774030
1455605940,0.774010,0.774070,0.773840,0.774070
1455606000,0.774100,0.774270,0.774060,0.774150
1455606060,0.774170,0.774170,0.773540,0.773760
1455606120,0.773750,0.773910,0.773680,0.773760
1455606180,0.773750,0.773750,0.773460,0.773640
1455606240,0.773620,0.773920,0.773620,0.773920
1455606300,0.773920,0.773980,0.773730,0.773980
1455606360,0.773990,0.774230,0.773930,0.774210
1455606420,0.774190,0.774190,0.773800,0.773800
1455606480,0.773790,0.773810,0.773550,0.773730
1455606540,0.773720,0.773810,0.773670,0.773710
1455606600,0.773700,0.773790,0.773700,0.773750
1455606660,0.773770,0.773960,0.773770,0.773940
1455606720,0.773940,0.773960,0.773820,0.773820
1455606780,0.773840,0.773950,0.773840,0.773950
1455606840,0.773950,0.774140,0.773950,0.774100
1455606900,0.774090,0.774100,0.773980,0.774070
1455606960,0.774060,0.774180,0.773970,0.774130
1455607020,0.774140,0.774170,0.774100,0.774150
1455607080,0.774150,0.774270,0.774140,0.774240
1455607140,0.774250,0.774270,0.774110,0.774210
1455607200,0.774210,0.774310,0.774210,0.774280
1455607260,0.774280,0.774280,0.774040,0.774060
1455607320,0.774060,0.774060,0.773900,0.774020
1455607380,0.774020,0.774100,0.773990,0.774090
1455607440,0.774090,0.774250,0.774070,0.774200
1455607500,0.774180,0.774290,0.774140,0.774290
1455607560,0.774270,0.774320,0.774140,0.774250
1455607620,0.774260,0.774300,0.774220,0.774220
1455607680,0.774230,0.774370,0.774230,0.774320
1455607740,0.774310,0.774350,0.774200,0.774270
1455607800,0.774290,0.774340,0.774180,0.774340
1455607860,0.774330,0.774330,0.773850,0.773850
1455607920,0.773840,0.773840,0.773680,0.773680
1455607980,0.773690,0.773780,0.773590,0.773690
1455608040,0.773690,0.773700,0.773640,0.773660
1455608100,0.773670,0.773680,0.773250,0.773250
1455608160,0.773240,0.773430,0.773240,0.773300
1455608220,0.773300,0.773480,0.773300,0.773360
1455608280,0.773360,0.773520,0.773330,0.773330
1455608340,0.773330,0.773330,0.773190,0.773250
1455608400,0.773260,0.773370,0.773260,0.773370
1455608460,0.773380,0.773450,0.773220,0.773240
1455608520,0.773250,0.773310,0.773170,0.773210
1455608580,0.773200,0.773230,0.773070,0.773070
1455608640,0.773070,0.773070,0.772700,0.772760
1455608700,0.772750,0.772750,0.772380,0.772500
1455608760,0.772500,0.772510,0.772260,0.772340
1455608820,0.772350,0.772350,0.772220,0.772300
1455608880,0.772340,0.772590,0.772340,0.772570
1455608940,0.772560,0.772680,0.772440,0.772520
1455609000,0.772520,0.772610,0.772430,0.772440
1455609060,0.772460,0.772580,0.772340,0.772500
1455609120,0.772480,0.772480,0.772010,0.772050
1455609180,0.772060,0.772400,0.772050,0.772250
1455609240,0.772250,0.772340,0.772250,0.772320
1455609300,0.772320,0.772390,0.772180,0.772190
1455609360,0.772210,0.772300,0.772200,0.772240
1455609420,0.772240,0.772340,0.772170,0.772330
1455609480,0.772350,0.772490,0.772200,0.772200
1455609540,0.772200,0.772320,0.772020,0.772180
1455609600,0.772160,0.772450,0.772160,0.772200
1455609660,0.772230,0.772420,0.772230,0.772420
1455609720,0.772420,0.772620,0.772410,0.772500
1455609780,0.772490,0.772730,0.772480,0.772700
1455609840,0.772710,0.772890,0.772620,0.772850
1455609900,0.772850,0.773000,0.772800,0.772800
1455609960,0.772810,0.772930,0.772800,0.772910
1455610020,0.772910,0.772970,0.772810,0.772960
1455610080,0.772970,0.773140,0.772970,0.773040
1455610140,0.773050,0.773280,0.772980,0.773090
1455610200,0.773100,0.773190,0.772970,0.772970
1455610260,0.772960,0.773000,0.772710,0.772710
1455610320,0.772720,0.773000,0.772690,0.772920
1455610380,0.772930,0.773180,0.772880,0.773180
1455610440,0.773200,0.773220,0.772910,0.773060
1455610500,0.773060,0.773060,0.772650,0.772690
1455610560,0.772680,0.772740,0.772590,0.772740
1455610620,0.772740,0.772900,0.772620,0.772740
1455610680,0.772770,0.772820,0.772570,0.772610
1455610740,0.772600,0.772620,0.771530,0.771540
1455610800,0.771530,0.771770,0.771450,0.771630
1455610860,0.771620,0.771860,0.771610,0.771690
1455610920,0.771660,0.771950,0.771650,0.771770
1455610980,0.771790,0.771830,0.771590,0.771680
1455611040,0.771680,0.771840,0.771570,0.771750
1455611100,0.771740,0.772030,0.771720,0.771920
1455611160,0.771940,0.771960,0.771650,0.771700
1455611220,0.771710,0.771730,0.771510,0.771510
1455611280,0.771540,0.771930,0.771530,0.771880
1455611340,0.771870,0.771950,0.771710,0.771780
1455611400,0.771790,0.771870,0.771380,0.771390
1455611460,0.771390,0.771520,0.769840,0.770250
1455611520,0.770280,0.770290,0.770100,0.770250
1455611580,0.770250,0.770540,0.770090,0.770520
1455611640,0.770520,0.770620,0.770300,0.770400
1455611700,0.770410,0.770420,0.770100,0.770110
1455611760,0.770110,0.770140,0.769730,0.769860
1455611820,0.769860,0.770100,0.769820,0.770100
1455611880,0.770120,0.770500,0.770120,0.770500
1455611940,0.770480,0.770500,0.770180,0.770270
1455612000,0.770260,0.770290,0.769720,0.769760
1455612060,0.769750,0.770200,0.769750,0.769990
1455612120,0.770000,0.770000,0.769540,0.769560
1455612180,0.769570,0.769960,0.769560,0.769830
1455612240,0.769830,0.770020,0.769740,0.769790
1455612300,0.769790,0.769950,0.769660,0.769950
1455612360,0.769960,0.769990,0.769860,0.769900
1455612420,0.769910,0.770010,0.769910,0.770000
1455612480,0.769990,0.770250,0.769890,0.770170
1455612540,0.770170,0.770400,0.770080,0.770370
1455612600,0.770370,0.770430,0.770060,0.770130
1455612660,0.770110,0.770130,0.769930,0.770110
1455612720,0.770120,0.770220,0.770040,0.770080
1455612780,0.770070,0.770520,0.770010,0.770350
1455612840,0.770370,0.770600,0.770370,0.770520
1455612900,0.770520,0.770630,0.770490,0.770630
1455612960,0.770630,0.770660,0.770480,0.770590
1455613020,0.770580,0.770600,0.770090,0.770120
1455613080,0.770130,0.770490,0.770130,0.770440
1455613140,0.770390,0.770490,0.769870,0.770340
1455613200,0.770330,0.770930,0.770260,0.770580
1455613260,0.770590,0.770920,0.770440,0.770920
1455613320,0.770930,0.771020,0.770770,0.770860
1455613380,0.770850,0.770940,0.770590,0.770730
1455613440,0.770720,0.771280,0.770710,0.771260
1455613500,0.771280,0.772290,0.771270,0.772290
1455613560,0.772300,0.772500,0.771860,0.771860
1455613620,0.771850,0.772200,0.771520,0.772080
1455613680,0.772070,0.772070,0.771410,0.771420
1455613740,0.771470,0.771740,0.771250,0.771440
1455613800,0.771500,0.771880,0.771500,0.771830
1455613860,0.771810,0.772020,0.771410,0.771410
1455613920,0.771400,0.771400,0.770870,0.770980
1455613980,0.771000,0.771520,0.771000,0.771450
1455614040,0.771460,0.771610,0.771050,0.771130
1455614100,0.771120,0.771140,0.770650,0.770750
1455614160,0.770760,0.770960,0.770740,0.770770
1455614220,0.770750,0.770920,0.770670,0.770770
1455614280,0.770760,0.771220,0.770710,0.771220
1455614340,0.771240,0.771390,0.771070,0.771250
1455614400,0.771220,0.771490,0.771160,0.771220
1455614460,0.771220,0.771500,0.771200,0.771490
1455614520,0.771490,0.771610,0.771210,0.771310
1455614580,0.771330,0.771380,0.771200,0.771200
1455614640,0.771210,0.771210,0.770810,0.770810
1455614700,0.770820,0.770980,0.770620,0.770720
1455614760,0.770700,0.771030,0.770550,0.770970
1455614820,0.770980,0.771500,0.770980,0.771500
1455614880,0.771490,0.771540,0.771330,0.771370
1455614940,0.771300,0.771840,0.770980,0.771250
1455615000,0.771950,0.772240,0.771680,0.771880
1455615060,0.771890,0.772240,0.771890,0.772080
1455615120,0.772090,0.772100,0.771680,0.771680
1455615180,0.771690,0.771690,0.770300,0.770760
1455615240,0.770780,0.770920,0.770450,0.770670
1455615300,0.770680,0.770940,0.770680,0.770750
1455615360,0.770740,0.770980,0.770590,0.770870
1455615420,0.770880,0.771010,0.770700,0.770780
1455615480,0.770790,0.770980,0.770660,0.770790
1455615540,0.770800,0.771180,0.770550,0.770650
1455615600,0.770640,0.771030,0.770640,0.770950
1455615660,0.770930,0.771410,0.770920,0.771340
1455615720,0.771340,0.771380,0.771100,0.771170
1455615780,0.771190,0.771290,0.770910,0.770910
1455615840,0.770910,0.771150,0.770880,0.771120
1455615900,0.771130,0.771340,0.771110,0.771130
1455615960,0.771140,0.771410,0.771140,0.771400
1455616020,0.771390,0.771500,0.771280,0.771280
1455616080,0.771280,0.771370,0.771060,0.771190
1455616140,0.771200,0.771630,0.771120,0.771550
1455616200,0.771550,0.771760,0.771510,0.771750
1455616260,0.771730,0.772060,0.771660,0.771970
1455616320,0.771980,0.772030,0.771770,0.771870
1455616380,0.771870,0.771870,0.771690,0.771730
1455616440,0.771730,0.772520,0.771700,0.772480
1455616500,0.772500,0.773130,0.772500,0.773030
1455616560,0.773010,0.773050,0.772670,0.772800
1455616620,0.772800,0.772940,0.772620,0.772930
1455616680,0.772940,0.772950,0.772760,0.772820
1455616740,0.772840,0.773410,0.772810,0.772900
1455616800,0.772890,0.773170,0.772730,0.773040
1455616860,0.773020,0.773240,0.772760,0.773220
1455616920,0.773230,0.773480,0.773140,0.773280
1455616980,0.773270,0.773940,0.773240,0.773800
1455617040,0.773800,0.774020,0.773730,0.773840
1455617100,0.773840,0.774060,0.773810,0.774020
1455617160,0.774030,0.774220,0.773880,0.773950
1455617220,0.773950,0.773980,0.773630,0.773640
1455617280,0.773650,0.773990,0.773650,0.773850
1455617340,0.773840,0.773870,0.773470,0.773510
1455617400,0.773530,0.773900,0.773530,0.773660
1455617460,0.773670,0.773800,0.773580,0.773710
1455617520,0.773720,0.774230,0.773720,0.774180
1455617580,0.774170,0.774360,0.774070,0.774100
1455617640,0.774110,0.774250,0.773970,0.774210
1455617700,0.774170,0.774170,0.773890,0.773940
1455617760,0.773930,0.774290,0.773910,0.774000
1455617820,0.773990,0.774080,0.773870,0.773890
1455617880,0.773880,0.773940,0.773480,0.773520
1455617940,0.773520,0.773700,0.773520,0.773620
1455618000,0.773630,0.773630,0.773180,0.773200
1455618060,0.773210,0.773290,0.773130,0.773150
1455618120,0.773140,0.773150,0.772960,0.773060
1455618180,0.773050,0.773430,0.772960,0.773330
1455618240,0.773320,0.773650,0.773320,0.773480
1455618300,0.773470,0.773720,0.773330,0.773460
1455618360,0.773460,0.773550,0.773240,0.773270
1455618420,0.773300,0.773330,0.773050,0.773120
1455618480,0.773120,0.773230,0.773080,0.773230
1455618540,0.773250,0.773320,0.773230,0.773290
1455618600,0.773300,0.773440,0.773200,0.773360
1455618660,0.773360,0.773400,0.773210,0.773290
1455618720,0.773300,0.773340,0.772780,0.772780
1455618780,0.772770,0.772900,0.772680,0.772810
1455618840,0.772820,0.773170,0.772820,0.773010
1455618900,0.773000,0.773000,0.772810,0.772960
1455618960,0.772970,0.773170,0.772970,0.773050
1455619020,0.773060,0.773190,0.772960,0.772960
1455619080,0.772970,0.773270,0.772960,0.773260
1455619140,0.773260,0.773370,0.773110,0.773140
1455619200,0.773120,0.773160,0.773050,0.773050
1455619260,0.773050,0.773050,0.772850,0.772870
1455619320,0.772860,0.773090,0.772780,0.772790
1455619380,0.772800,0.772960,0.772630,0.772900
1455619440,0.772880,0.772960,0.772770,0.772850
1455619500,0.772860,0.772980,0.772530,0.772650
1455619560,0.772670,0.772920,0.772560,0.772920
1455619620,0.772930,0.773300,0.772930,0.773080
1455619680,0.773080,0.773320,0.773080,0.773110
1455619740,0.773110,0.773160,0.772940,0.772950
1455619800,0.772950,0.773080,0.772950,0.773010
1455619860,0.773020,0.773160,0.772880,0.772990
1455619920,0.772980,0.773000,0.772670,0.772810
1455619980,0.772800,0.772880,0.772590,0.772790
1455620040,0.772800,0.772800,0.772660,0.772670
1455620100,0.772650,0.772820,0.772370,0.772820
1455620160,0.772820,0.772920,0.772750,0.772910
1455620220,0.772910,0.773050,0.772730,0.772800
1455620280,0.772800,0.772990,0.772700,0.772790
1455620340,0.772810,0.773110,0.772570,0.772570
1455620400,0.772590,0.772870,0.772570,0.772780
1455620460,0.772770,0.773220,0.772760,0.773140
1455620520,0.773140,0.773320,0.773130,0.773210
1455620580,0.773230,0.773240,0.773050,0.773120
1455620640,0.773130,0.773410,0.773110,0.773400
1455620700,0.773390,0.773470,0.773240,0.773330
1455620760,0.773340,0.773490,0.773290,0.773470
1455620820,0.773460,0.773710,0.773460,0.773670
1455620880,0.773680,0.773790,0.773620,0.773630
1455620940,0.773630,0.773690,0.773450,0.773610
1455621000,0.773610,0.773700,0.773380,0.773500
1455621060,0.773490,0.773550,0.773340,0.773400
1455621120,0.773410,0.773410,0.773140,0.773140
1455621180,0.773150,0.773390,0.773090,0.773180
1455621240,0.773190,0.773350,0.773190,0.773350
1455621300,0.773360,0.773390,0.773350,0.773370
1455621360,0.773370,0.773370,0.773200,0.773260
1455621420,0.773270,0.773540,0.773270,0.773400
1455621480,0.773380,0.773390,0.773190,0.773270
1455621540,0.773280,0.773410,0.773250,0.773270
1455621600,0.773280,0.773340,0.773090,0.773110
1455621660,0.773100,0.773230,0.772880,0.773200
1455621720,0.773190,0.773200,0.773060,0.773130
1455621780,0.773120,0.773460,0.773070,0.773310
1455621840,0.773310,0.773410,0.773260,0.773410
1455621900,0.773400,0.773450,0.773280,0.773350
1455621960,0.773350,0.773480,0.773350,0.773430
1455622020,0.773430,0.773490,0.773360,0.773480
1455622080,0.773450,0.773450,0.773030,0.773150
1455622140,0.773160,0.773530,0.773130,0.773430
1455622200,0.773430,0.773740,0.773430,0.773730
1455622260,0.773720,0.773740,0.773570,0.773710
1455622320,0.773720,0.773770,0.773570,0.773600
1455622380,0.773600,0.773750,0.773600,0.773670
1455622440,0.773680,0.773960,0.773680,0.773960
1455622500,0.773970,0.773970,0.773690,0.773770
1455622560,0.773770,0.773870,0.773590,0.773590
1455622620,0.773580,0.773660,0.773480,0.773600
1455622680,0.773600,0.773600,0.773490,0.773490
1455622740,0.773510,0.773660,0.773490,0.773560
1455622800,0.773580,0.773720,0.773580,0.773720
1455622860,0.773730,0.773760,0.773580,0.773590
1455622920,0.773590,0.773690,0.773490,0.773640
1455622980,0.773650,0.774000,0.773640,0.773970
1455623040,0.773980,0.774000,0.773790,0.773860
1455623100,0.773870,0.774040,0.773850,0.774030
1455623160,0.774040,0.774200,0.774010,0.774020
1455623220,0.774030,0.774090,0.773660,0.773680
1455623280,0.773690,0.773950,0.773690,0.773940
1455623340,0.773950,0.773990,0.773760,0.773810
1455623400,0.773850,0.773870,0.773690,0.773740
1455623460,0.773740,0.774200,0.773720,0.774090
1455623520,0.774080,0.774270,0.773990,0.774140
1455623580,0.774110,0.774160,0.773980,0.773980
1455623640,0.773980,0.774050,0.773800,0.773810
1455623700,0.773810,0.774180,0.773800,0.774160
1455623760,0.774160,0.774230,0.774070,0.774150
1455623820,0.774140,0.774170,0.773840,0.773930
1455623880,0.773930,0.773930,0.773610,0.773650
1455623940,0.773650,0.773850,0.773610,0.773700
1455624000,0.773710,0.773850,0.773640,0.773650
1455624060,0.773670,0.773840,0.773610,0.773670
1455624120,0.773690,0.773780,0.773630,0.773650
1455624180,0.773640,0.773850,0.773610,0.773790
1455624240,0.773770,0.773810,0.773640,0.773650
1455624300,0.773650,0.773670,0.773570,0.773630
1455624360,0.773650,0.773730,0.773570,0.773710
1455624420,0.773710,0.773790,0.773650,0.773720
1455624480,0.773730,0.773810,0.773680,0.773770
1455624540,0.773760,0.773830,0.773670,0.773820
1455624600,0.773810,0.773850,0.773760,0.773760
1455624660,0.773750,0.773800,0.773640,0.773680
1455624720,0.773680,0.773810,0.773680,0.773810
1455624780,0.773800,0.773810,0.773640,0.773650
1455624840,0.773650,0.773720,0.773620,0.773670
1455624900,0.773660,0.773710,0.773630,0.773640
1455624960,0.773640,0.773800,0.773630,0.773730
1455625020,0.773710,0.773750,0.773620,0.773640
1455625080,0.773650,0.773740,0.773620,0.773700
1455625140,0.773690,0.773790,0.773630,0.773730
1455625200,0.773720,0.773720,0.773630,0.773640
1455625260,0.773650,0.773900,0.773650,0.773790
1455625320,0.773800,0.773910,0.773760,0.773810
1455625380,0.773810,0.773810,0.773660,0.773660
1455625440,0.773680,0.773770,0.773620,0.773730
1455625500,0.773740,0.773770,0.773650,0.773660
1455625560,0.773670,0.773720,0.773620,0.773630
1455625620,0.773640,0.773670,0.773620,0.773640
1455625680,0.773630,0.773690,0.773610,0.773670
1455625740,0.773670,0.773810,0.773530,0.773590
1455625800,0.773590,0.773700,0.773540,0.773700
1455625860,0.773700,0.773740,0.773500,0.773700
1455625920,0.773700,0.773740,0.773680,0.773700
1455625980,0.773720,0.773970,0.773720,0.773960
1455626040,0.773950,0.773980,0.773850,0.773860
1455626100,0.773850,0.774130,0.773790,0.773980
1455626160,0.773960,0.773990,0.773890,0.773940
1455626220,0.773950,0.773960,0.773860,0.773930
1455626280,0.773930,0.773970,0.773870,0.773910
1455626340,0.773910,0.774080,0.773900,0.774010
1455626400,0.774020,0.774150,0.773900,0.774150
1455626460,0.774140,0.774410,0.774100,0.774400
1455626520,0.774400,0.774500,0.774320,0.774450
1455626580,0.774450,0.774570,0.774380,0.774500
1455626640,0.774500,0.774500,0.774320,0.774390
1455626700,0.774390,0.774550,0.774310,0.774420
1455626760,0.774410,0.774480,0.774290,0.774310
1455626820,0.774300,0.774390,0.774120,0.774360
1455626880,0.774340,0.774660,0.774260,0.774600
1455626940,0.774610,0.774620,0.774180,0.774290
1455627000,0.774290,0.774440,0.774270,0.774420
1455627060,0.774420,0.774420,0.774320,0.774350
1455627120,0.774360,0.774360,0.774120,0.774240
1455627180,0.774230,0.774400,0.774180,0.774290
1455627240,0.774300,0.774340,0.774160,0.774250
1455627300,0.774290,0.774490,0.774290,0.774490
1455627360,0.774470,0.774540,0.774420,0.774480
1455627420,0.774490,0.774760,0.774420,0.774690
1455627480,0.774700,0.774810,0.774620,0.774660
1455627540,0.774660,0.774700,0.774570,0.774700
1455627600,0.774690,0.774950,0.774630,0.774840
1455627660,0.774850,0.775590,0.774850,0.775470
1455627720,0.775470,0.775670,0.775250,0.775250
1455627780,0.775260,0.775400,0.775220,0.775400
1455627840,0.775420,0.775700,0.775360,0.775590
1455627900,0.775580,0.775680,0.775440,0.775480
1455627960,0.775490,0.775530,0.775310,0.775370
1455628020,0.775360,0.775450,0.775220,0.775290
1455628080,0.775290,0.775480,0.775290,0.775420
1455628140,0.775420,0.775610,0.775330,0.775610
1455628200,0.775610,0.775820,0.775610,0.775730
1455628260,0.775730,0.775980,0.775730,0.775910
1455628320,0.775910,0.776230,0.775720,0.775940
1455628380,0.775940,0.776330,0.775890,0.776230
1455628440,0.776220,0.776220,0.775390,0.775740
1455628500,0.775690,0.776220,0.775600,0.776140
1455628560,0.776170,0.776760,0.775960,0.776690
1455628620,0.776700,0.777220,0.776620,0.777060
1455628680,0.777050,0.777060,0.776810,0.776920
1455628740,0.776890,0.777120,0.776860,0.777080
1455628800,0.777110,0.777430,0.777110,0.777430
1455628860,0.777440,0.777610,0.777350,0.777570
1455628920,0.777580,0.777780,0.777570,0.777720
1455628980,0.777720,0.777780,0.777600,0.777750
1455629040,0.777770,0.777880,0.777260,0.777310
1455629100,0.777320,0.777890,0.777320,0.777820
1455629160,0.777810,0.777940,0.777580,0.777600
1455629220,0.777600,0.778100,0.777600,0.778100
1455629280,0.778130,0.778260,0.777750,0.778010
1455629340,0.778000,0.778000,0.777610,0.777620
1455629400,0.777620,0.778220,0.777620,0.777770
1455629460,0.777770,0.777870,0.777570,0.777810
1455629520,0.777830,0.778100,0.777750,0.778020
1455629580,0.778030,0.778030,0.777470,0.777540
1455629640,0.777540,0.777810,0.777540,0.777720
1455629700,0.777720,0.777980,0.777700,0.777900
1455629760,0.777890,0.777900,0.777700,0.777760
1455629820,0.777740,0.778400,0.777700,0.778370
1455629880,0.778360,0.778460,0.778330,0.778370
1455629940,0.778360,0.778970,0.778330,0.778860
1455630000,0.778870,0.779320,0.778870,0.779120
1455630060,0.779130,0.779180,0.778940,0.779090
1455630120,0.779080,0.779390,0.779080,0.779360
1455630180,0.779390,0.779440,0.779150,0.779290
1455630240,0.779290,0.779350,0.779080,0.779090
1455630300,0.779080,0.779510,0.779080,0.779440
1455630360,0.779430,0.779460,0.778910,0.779170
1455630420,0.779150,0.779180,0.778880,0.778980
1455630480,0.778980,0.779030,0.778880,0.778930
1455630540,0.778910,0.778910,0.778710,0.778880
1455630600,0.778910,0.778930,0.778590,0.778650
1455630660,0.778660,0.778780,0.778560,0.778720
1455630720,0.778730,0.778780,0.778540,0.778700
1455630780,0.778680,0.778920,0.778680,0.778910
1455630840,0.778880,0.779020,0.778710,0.778730
1455630900,0.778750,0.778830,0.778730,0.778770
1455630960,0.778760,0.778760,0.778560,0.778690
1455631020,0.778700,0.778770,0.778510,0.778510
1455631080,0.778530,0.778650,0.778330,0.778580
1455631140,0.778590,0.778870,0.778530,0.778810
1455631200,0.778820,0.778990,0.778760,0.778880
1455631260,0.778890,0.779130,0.778720,0.779130
1455631320,0.779120,0.779190,0.778960,0.779000
1455631380,0.779000,0.779060,0.778820,0.778890
1455631440,0.778890,0.779000,0.778860,0.778930
1455631500,0.778930,0.779010,0.778800,0.778970
1455631560,0.778980,0.779150,0.778950,0.779120
1455631620,0.779120,0.779120,0.778990,0.779090
1455631680,0.779100,0.779120,0.778910,0.778910
1455631740,0.778900,0.778980,0.778600,0.778730
1455631800,0.778710,0.778900,0.778710,0.778730
1455631860,0.778740,0.778850,0.778670,0.778690
1455631920,0.778680,0.778870,0.778660,0.778740
1455631980,0.778730,0.778840,0.778700,0.778800
1455632040,0.778800,0.778840,0.778590,0.778620
1455632100,0.778620,0.778650,0.778480,0.778560
1455632160,0.778560,0.778720,0.778520,0.778700
1455632220,0.778680,0.778940,0.778670,0.778740
1455632280,0.778740,0.778860,0.778610,0.778680
1455632340,0.778670,0.778800,0.778610,0.778790
1455632400,0.778770,0.778820,0.778730,0.778820
1455632460,0.778800,0.778870,0.778620,0.778710
1455632520,0.778710,0.778710,0.778470,0.778500
1455632580,0.778490,0.778700,0.778490,0.778700
1455632640,0.778730,0.779130,0.778730,0.779090
1455632700,0.779090,0.779280,0.779060,0.779280
1455632760,0.779290,0.779850,0.779290,0.779790
1455632820,0.779780,0.779960,0.779700,0.779950
1455632880,0.779940,0.780180,0.779920,0.780150
1455632940,0.780160,0.780560,0.780160,0.780290
1455633000,0.780290,0.780430,0.780100,0.780320
1455633060,0.780360,0.780620,0.780260,0.780520
1455633120,0.780520,0.780880,0.780510,0.780820
1455633180,0.780810,0.781130,0.780770,0.780930
1455633240,0.780920,0.781180,0.780800,0.781100
1455633300,0.781110,0.781240,0.780950,0.781120
1455633360,0.781160,0.781170,0.780410,0.780410
1455633420,0.780410,0.780500,0.780090,0.780110
1455633480,0.780100,0.780290,0.780050,0.780170
1455633540,0.780180,0.780470,0.780070,0.780070
1455633600,0.780060,0.780380,0.780060,0.780330
1455633660,0.780340,0.780520,0.779870,0.779890
1455633720,0.779880,0.779960,0.779180,0.779190
1455633780,0.779200,0.779450,0.779010,0.779430
1455633840,0.779420,0.779510,0.779350,0.779490
1455633900,0.779490,0.779770,0.779360,0.779530
1455633960,0.779540,0.779560,0.779190,0.779340
1455634020,0.779280,0.779530,0.779210,0.779430
1455634080,0.779410,0.779830,0.779380,0.779830
1455634140,0.779830,0.780020,0.779600,0.779970
1455634200,0.779980,0.780210,0.779970,0.780210
1455634260,0.780180,0.780220,0.779970,0.780030
1455634320,0.780020,0.780310,0.779960,0.780130
1455634380,0.780140,0.780200,0.779930,0.779930
1455634440,0.779920,0.779970,0.779710,0.779770
1455634500,0.779740,0.779950,0.779670,0.779690
1455634560,0.779680,0.779690,0.779320,0.779460
1455634620,0.779460,0.779590,0.779230,0.779490
1455634680,0.779490,0.779720,0.779480,0.779680
1455634740,0.779700,0.779870,0.779420,0.779600
1455634800,0.779610,0.779950,0.779510,0.779920
1455634860,0.779840,0.779840,0.779290,0.779520
1455634920,0.779510,0.779530,0.779230,0.779230
1455634980,0.779220,0.779480,0.779030,0.779460
1455635040,0.779470,0.779650,0.779310,0.779330
1455635100,0.779330,0.780420,0.779330,0.780300
1455635160,0.780300,0.780440,0.779990,0.780120
1455635220,0.780130,0.780220,0.779680,0.779730
1455635280,0.779750,0.779870,0.779640,0.779780
1455635340,0.779770,0.779830,0.779460,0.779710
1455635400,0.779710,0.779860,0.779360,0.779470
1455635460,0.779460,0.779750,0.778870,0.779140
1455635520,0.779130,0.779340,0.779050,0.779150
1455635580,0.779140,0.779180,0.779010,0.779160
1455635640,0.779150,0.779280,0.778920,0.778960
1455635700,0.778970,0.779220,0.778920,0.778920
1455635760,0.778920,0.779180,0.778910,0.778920
1455635820,0.778930,0.779040,0.778800,0.778850
1455635880,0.778860,0.778870,0.778550,0.778670
1455635940,0.778670,0.778670,0.778460,0.778570
1455636000,0.778560,0.778700,0.778510,0.778680
1455636060,0.778700,0.778710,0.778480,0.778620
1455636120,0.778630,0.778820,0.778480,0.778810
1455636180,0.778830,0.778890,0.778640,0.778820
1455636240,0.778810,0.778820,0.778620,0.778680
1455636300,0.778680,0.778780,0.778550,0.778770
1455636360,0.778770,0.778800,0.778570,0.778570
1455636420,0.778560,0.778680,0.778420,0.778680
1455636480,0.778670,0.778670,0.778460,0.778600
1455636540,0.778600,0.778700,0.778530,0.778560
1455636600,0.778550,0.778730,0.778500,0.778620
1455636660,0.778610,0.778850,0.778410,0.778420
1455636720,0.778430,0.778770,0.778430,0.778740
1455636780,0.778760,0.778790,0.778540,0.778620
1455636840,0.778600,0.778600,0.778350,0.778470
1455636900,0.778460,0.778480,0.778290,0.778450
1455636960,0.778440,0.778530,0.778330,0.778440
1455637020,0.778430,0.778820,0.778430,0.778780
1455637080,0.778790,0.778900,0.778730,0.778900
1455637140,0.778910,0.779100,0.778790,0.779070
1455637200,0.779080,0.779300,0.779040,0.779120
1455637260,0.779100,0.779100,0.778870,0.778900
1455637320,0.778910,0.778920,0.778390,0.778390
1455637380,0.778380,0.778530,0.778310,0.778330
1455637440,0.778350,0.778470,0.778160,0.778380
1455637500,0.778370,0.778580,0.778320,0.778500
1455637560,0.778490,0.778620,0.778470,0.778600
1455637620,0.778620,0.778690,0.778400,0.778600
1455637680,0.778600,0.778830,0.778550,0.778830
1455637740,0.778840,0.778920,0.778710,0.778820
1455637800,0.778820,0.778970,0.778780,0.778890
1455637860,0.778880,0.779000,0.778670,0.778680
1455637920,0.778670,0.779010,0.778670,0.779010
1455637980,0.779010,0.779080,0.778950,0.779030
1455638040,0.779040,0.779250,0.779010,0.779050
1455638100,0.779060,0.779230,0.779060,0.779160
1455638160,0.779150,0.779260,0.779050,0.779050
1455638220,0.779050,0.779240,0.778830,0.778950
1455638280,0.778930,0.779020,0.778690,0.778690
1455638340,0.778710,0.778920,0.778620,0.778850
1455638400,0.778850,0.778880,0.778510,0.778680
1455638460,0.778730,0.778960,0.778590,0.778860
1455638520,0.778930,0.779130,0.778880,0.779050
1455638580,0.779060,0.779070,0.778810,0.778860
1455638640,0.778870,0.779080,0.778850,0.778970
1455638700,0.778980,0.779600,0.778980,0.779490
1455638760,0.779500,0.779570,0.779370,0.779490
1455638820,0.779500,0.780030,0.779500,0.779830
1455638880,0.779840,0.779970,0.779720,0.779770
1455638940,0.779760,0.779900,0.779700,0.779740
1455639000,0.779770,0.779970,0.779630,0.779630
1455639060,0.779640,0.779840,0.779570,0.779800
1455639120,0.779790,0.779990,0.779710,0.779710
1455639180,0.779710,0.779790,0.779520,0.779720
1455639240,0.779720,0.779900,0.779720,0.779840
1455639300,0.779840,0.779870,0.779690,0.779740
1455639360,0.779750,0.780020,0.779740,0.779920
1455639420,0.779910,0.779970,0.779700,0.779760
1455639480,0.779750,0.779810,0.779520,0.779670
1455639540,0.779650,0.779650,0.779460,0.779510
1455639600,0.779500,0.779650,0.779500,0.779570
1455639660,0.779550,0.779550,0.779370,0.779470
1455639720,0.779450,0.779520,0.779360,0.779520
1455639780,0.779530,0.779560,0.779430,0.779550
1455639840,0.779540,0.779580,0.779400,0.779480
1455639900,0.779470,0.779520,0.779310,0.779440
1455639960,0.779450,0.779460,0.779320,0.779370
1455640020,0.779400,0.779410,0.779210,0.779320
1455640080,0.779330,0.779570,0.779310,0.779560
1455640140,0.779550,0.779620,0.779450,0.779560
1455640200,0.779550,0.779610,0.779360,0.779430
1455640260,0.779430,0.779540,0.779250,0.779280
1455640320,0.779340,0.779560,0.779340,0.779490
1455640380,0.779480,0.779580,0.779440,0.779540
1455640440,0.779550,0.779570,0.779400,0.779510
1455640500,0.779510,0.779650,0.779500,0.779540
1455640560,0.779530,0.779610,0.779420,0.779510
1455640620,0.779520,0.779520,0.779360,0.779360
1455640680,0.779320,0.779510,0.779320,0.779440
1455640740,0.779440,0.779700,0.779440,0.779600
1455640800,0.779590,0.780090,0.779590,0.780090
1455640860,0.780080,0.780080,0.779810,0.779870
1455640920,0.779840,0.779970,0.779790,0.779960
1455640980,0.779950,0.779950,0.779700,0.779800
1455641040,0.779760,0.779800,0.779660,0.779740
1455641100,0.779750,0.779830,0.779670,0.779690
1455641160,0.779710,0.779880,0.779680,0.779880
1455641220,0.779870,0.779870,0.779610,0.779660
1455641280,0.779660,0.779660,0.779310,0.779350
1455641340,0.779360,0.779610,0.779360,0.779580
1455641400,0.779590,0.779820,0.779560,0.779800
1455641460,0.779790,0.779900,0.779710,0.779780
1455641520,0.779780,0.779790,0.779520,0.779610
1455641580,0.779620,0.779780,0.779620,0.779710
1455641640,0.779700,0.779760,0.779570,0.779760
1455641700,0.779770,0.779820,0.779690,0.779700
1455641760,0.779690,0.779770,0.779610,0.779710
1455641820,0.779700,0.779740,0.779550,0.779630
1455641880,0.779630,0.779670,0.779510,0.779670
1455641940,0.779670,0.779740,0.779450,0.779490
1455642000,0.779500,0.779690,0.779480,0.779650
1455642060,0.779640,0.779650,0.779480,0.779500
1455642120,0.779490,0.779530,0.779350,0.779390
1455642180,0.779380,0.779470,0.779250,0.779250
1455642240,0.779240,0.779310,0.779000,0.779200
1455642300,0.779200,0.779310,0.779120,0.779250
1455642360,0.779260,0.779420,0.779210,0.779360
1455642420,0.779350,0.779430,0.779350,0.779370
1455642480,0.779360,0.779420,0.779270,0.779360
1455642540,0.779380,0.779520,0.779370,0.779370
1455642600,0.779380,0.779550,0.779360,0.779540
1455642660,0.779530,0.779530,0.779310,0.779310
1455642720,0.779290,0.779290,0.779110,0.779150
1455642780,0.779160,0.779290,0.779140,0.779290
1455642840,0.779330,0.779370,0.779210,0.779250
1455642900,0.779260,0.779410,0.779250,0.779410
1455642960,0.779420,0.779500,0.779360,0.779480
1455643020,0.779480,0.779550,0.779430,0.779520
1455643080,0.779520,0.779740,0.779510,0.779630
1455643140,0.779640,0.779720,0.779610,0.779720
1455643200,0.779700,0.779730,0.779660,0.779660
1455643260,0.779670,0.779670,0.779550,0.779610
1455643320,0.779610,0.779610,0.779450,0.779470
1455643380,0.779470,0.779700,0.779470,0.779540
1455643440,0.779530,0.779530,0.779430,0.779480
1455643500,0.779470,0.779480,0.779330,0.779400
1455643560,0.779390,0.779550,0.779390,0.779490
1455643620,0.779490,0.779550,0.779380,0.779400
1455643680,0.779390,0.779410,0.779140,0.779220
1455643740,0.779220,0.779320,0.779180,0.779290
1455643800,0.779310,0.779410,0.779300,0.779400
1455643860,0.779390,0.779390,0.779280,0.779290
1455643920,0.779290,0.779410,0.779280,0.779320
1455643980,0.779330,0.779420,0.779200,0.779220
1455644040,0.779230,0.779410,0.779220,0.779390
1455644100,0.779400,0.779400,0.778970,0.778980
1455644160,0.778970,0.778970,0.778820,0.778840
1455644220,0.778850,0.778920,0.778790,0.778900
1455644280,0.778880,0.778950,0.778810,0.778920
1455644340,0.778910,0.778930,0.778810,0.778930
1455644400,0.778920,0.779130,0.778910,0.779000
1455644460,0.778980,0.779060,0.778980,0.779050
1455644520,0.779050,0.779060,0.778990,0.779010
1455644580,0.779010,0.779070,0.778900,0.778910
1455644640,0.778910,0.778950,0.778800,0.778800
1455644700,0.778790,0.778880,0.778790,0.778860
1455644760,0.778870,0.778900,0.778680,0.778710
1455644820,0.778720,0.778870,0.778680,0.778760
1455644880,0.778750,0.778780,0.778620,0.778680
1455644940,0.778700,0.778750,0.778700,0.778720
1455645000,0.778710,0.778770,0.778650,0.778680
1455645060,0.778690,0.778760,0.778650,0.778680
1455645120,0.778680,0.778900,0.778640,0.778880
1455645180,0.778880,0.778880,0.778780,0.778780
1455645240,0.778770,0.778770,0.778640,0.778640
1455645300,0.778630,0.778790,0.778600,0.778690
1455645360,0.778680,0.778770,0.778650,0.778690
1455645420,0.778700,0.778750,0.778510,0.778540
1455645480,0.778540,0.778590,0.778460,0.778460
1455645540,0.778460,0.778680,0.778460,0.778620
1455645600,0.778640,0.778890,0.778640,0.778850
1455645660,0.778840,0.779160,0.778840,0.779160
1455645720,0.779150,0.779160,0.778990,0.779000
1455645780,0.779020,0.779040,0.778970,0.778980
1455645840,0.778990,0.779060,0.778950,0.778980
1455645900,0.778990,0.779060,0.778880,0.778880
1455645960,0.778870,0.778950,0.778860,0.778880
1455646020,0.778900,0.779000,0.778900,0.778950
1455646080,0.778970,0.779030,0.778910,0.778980
1455646140,0.778980,0.779030,0.778820,0.779020
1455646200,0.779010,0.779170,0.778910,0.779160
1455646260,0.779150,0.779190,0.779050,0.779130
1455646320,0.779120,0.779150,0.779050,0.779130
1455646380,0.779130,0.779130,0.779060,0.779110
1455646440,0.779100,0.779130,0.778970,0.779010
1455646500,0.779000,0.779030,0.778900,0.778970
1455646560,0.778970,0.779070,0.778940,0.778970
1455646620,0.778960,0.778970,0.778780,0.778890
1455646680,0.778900,0.778920,0.778710,0.778730
1455646740,0.778740,0.778860,0.778650,0.778730
1455646800,0.778710,0.778870,0.778580,0.778670
1455646860,0.778680,0.778880,0.778570,0.778880
1455646920,0.778880,0.779000,0.778880,0.778950
1455646980,0.778920,0.779020,0.778860,0.778860
1455647040,0.778860,0.778860,0.778760,0.778780
1455647100,0.778780,0.778800,0.778620,0.778620
1455647160,0.778600,0.778730,0.778560,0.778660
1455647220,0.778650,0.778890,0.778640,0.778890
1455647280,0.778900,0.779000,0.778730,0.778800
1455647340,0.778800,0.778800,0.778660,0.778730
1455647400,0.778720,0.778910,0.778690,0.778900
1455647460,0.778900,0.778900,0.778760,0.778770
1455647520,0.778780,0.778830,0.778760,0.778780
1455647580,0.778780,0.778780,0.778690,0.778740
1455647640,0.778750,0.778830,0.778650,0.778760
1455647700,0.778800,0.778930,0.778800,0.778850
1455647760,0.778860,0.779020,0.778800,0.778960
1455647820,0.778950,0.779050,0.778950,0.779010
1455647880,0.779020,0.779080,0.778890,0.778890
1455647940,0.778890,0.778960,0.778890,0.778910
1455648000,0.778930,0.779040,0.778930,0.779040
1455648060,0.779050,0.779050,0.779000,0.779050
1455648120,0.779050,0.779100,0.779030,0.779070
1455648180,0.779060,0.779120,0.779030,0.779040
1455648240,0.779020,0.779140,0.778920,0.778980
1455648300,0.778970,0.779050,0.778930,0.779050
1455648360,0.779040,0.779230,0.778980,0.779220
1455648420,0.779260,0.779360,0.779260,0.779330
1455648480,0.779320,0.779390,0.779250,0.779340
1455648540,0.779360,0.779380,0.779290,0.779310
1455648600,0.779300,0.779360,0.779280,0.779330
1455648660,0.779320,0.779350,0.779310,0.779340
1455648720,0.779340,0.779490,0.779320,0.779480
1455648780,0.779480,0.779520,0.779430,0.779510
1455648840,0.779500,0.779510,0.779430,0.779490
1455648900,0.779490,0.779500,0.779420,0.779420
1455648960,0.779410,0.779490,0.779380,0.779490
1455649020,0.779470,0.779540,0.779450,0.779500
1455649080,0.779490,0.779580,0.779460,0.779580
1455649140,0.779570,0.779660,0.779560,0.779650
1455649200,0.779660,0.779680,0.779550,0.779610
1455649260,0.779620,0.779670,0.779590,0.779610
1455649320,0.779610,0.779610,0.779400,0.779410
1455649380,0.779410,0.779540,0.779410,0.779530
1455649440,0.779520,0.779560,0.779480,0.779540
1455649500,0.779550,0.779690,0.779520,0.779690
1455649560,0.779680,0.779770,0.779670,0.779750
1455649620,0.779740,0.779880,0.779570,0.779720
1455649680,0.779710,0.779780,0.779680,0.779720
1455649740,0.779710,0.779720,0.779600,0.779670
1455649800,0.779670,0.779670,0.779510,0.779550
1455649860,0.779560,0.779620,0.779470,0.779510
1455649920,0.779500,0.779620,0.779420,0.779550
1455649980,0.779550,0.779700,0.779550,0.779650
1455650040,0.779640,0.779670,0.779560,0.779630
1455650100,0.779640,0.779660,0.779530,0.779590
1455650160,0.779590,0.779630,0.779510,0.779520
1455650220,0.779520,0.779590,0.779500,0.779580
1455650280,0.779570,0.779590,0.779480,0.779560
1455650340,0.779550,0.779600,0.779520,0.779580
1455650400,0.779580,0.779610,0.779490,0.779490
1455650460,0.779490,0.779630,0.779440,0.779630
1455650520,0.779650,0.779720,0.779650,0.779680
1455650580,0.779680,0.779690,0.779630,0.779690
1455650640,0.779680,0.779750,0.779610,0.779640
1455650700,0.779640,0.779680,0.779580,0.779590
1455650760,0.779600,0.779690,0.779590,0.779660
1455650820,0.779670,0.779690,0.779580,0.779670
1455650880,0.779640,0.779690,0.779480,0.779630
1455650940,0.779630,0.779660,0.779490,0.779520
1455651000,0.779520,0.779520,0.779410,0.779430
1455651060,0.779420,0.779420,0.779370,0.779370
1455651120,0.779380,0.779400,0.779360,0.779400
1455651180,0.779410,0.779490,0.779400,0.779490
1455651240,0.779480,0.779480,0.779450,0.779450
1455651300,0.779460,0.779460,0.779320,0.779350
1455651360,0.779360,0.779450,0.779350,0.779440
1455651420,0.779440,0.779530,0.779420,0.779520
1455651480,0.779530,0.779610,0.779530,0.779610
1455651540,0.779620,0.779620,0.779550,0.779620
1455651600,0.779630,0.779630,0.779550,0.779580
1455651660,0.779590,0.779720,0.779590,0.779720
1455651720,0.779720,0.779720,0.779620,0.779660
1455651780,0.779650,0.779800,0.779620,0.779700
1455651840,0.779690,0.779690,0.779660,0.779690
1455651900,0.779690,0.779700,0.779680,0.779680
1455651960,0.779690,0.779760,0.779670,0.779670
1455652020,0.779670,0.779760,0.779670,0.779750
1455652080,0.779750,0.779760,0.779720,0.779750
1455652140,0.779750,0.779760,0.779720,0.779740
1455652200,0.779730,0.779760,0.779710,0.779710
1455652260,0.779710,0.779740,0.779660,0.779670
1455652320,0.779680,0.779680,0.779550,0.779600
1455652380,0.779610,0.779670,0.779580,0.779660
1455652440,0.779650,0.779670,0.779630,0.779670
1455652500,0.779650,0.779650,0.779550,0.779560
1455652560,0.779550,0.779730,0.779550,0.779730
1455652620,0.779750,0.779930,0.779750,0.779900
1455652680,0.779900,0.779990,0.779850,0.779950
1455652740,0.779940,0.780090,0.779920,0.780040
1455652800,0.780060,0.780130,0.779930,0.779990
1455652860,0.780000,0.780080,0.779980,0.780000
1455652920,0.779990,0.780130,0.779990,0.780070
1455652980,0.780060,0.780060,0.779960,0.779970
1455653040,0.779960,0.779970,0.779920,0.779920
1455653100,0.779920,0.779920,0.779840,0.779850
1455653160,0.779840,0.779850,0.779700,0.779780
1455653220,0.779780,0.779800,0.779650,0.779660
1455653280,0.779710,0.779710,0.779560,0.779560
1455653340,0.779570,0.779740,0.779560,0.779710
1455653400,0.779710,0.779790,0.779670,0.779750
1455653460,0.779750,0.779840,0.779720,0.779830
1455653520,0.779830,0.779850,0.779760,0.779770
1455653580,0.779760,0.779760,0.779700,0.779700
1455653640,0.779690,0.779700,0.779650,0.779680
1455653700,0.779700,0.779710,0.779660,0.779660
1455653760,0.779650,0.779690,0.779650,0.779660
1455653820,0.779660,0.779660,0.779570,0.779570
1455653880,0.779580,0.779680,0.779570,0.779680
1455653940,0.779690,0.779700,0.779650,0.779660
1455654000,0.779660,0.779680,0.779600,0.779680
1455654060,0.779670,0.779730,0.779670,0.779720
1455654120,0.779720,0.779790,0.779690,0.779780
1455654180,0.779770,0.779850,0.779770,0.779800
1455654240,0.779800,0.779830,0.779760,0.779820
1455654300,0.779810,0.779930,0.779810,0.779910
1455654360,0.779910,0.779910,0.779850,0.779850
1455654420,0.779860,0.779860,0.779800,0.779830
1455654480,0.779820,0.779860,0.779810,0.779850
1455654540,0.779840,0.779850,0.779650,0.779650
1455654600,0.779670,0.779730,0.779640,0.779730
1455654660,0.779730,0.779780,0.779710,0.779730
1455654720,0.779730,0.779780,0.779700,0.779730
1455654780,0.779740,0.779750,0.779710,0.779710
1455654840,0.779700,0.779800,0.779700,0.779790
1455654900,0.779800,0.779890,0.779790,0.779860
1455654960,0.779850,0.779860,0.779800,0.779820
1455655020,0.779830,0.779860,0.779760,0.779770
1455655080,0.779760,0.779830,0.779740,0.779830
1455655140,0.779830,0.779840,0.779820,0.779840
1455655200,0.779850,0.779860,0.779810,0.779820
1455655260,0.779830,0.779850,0.779730,0.779820
1455655320,0.779810,0.779810,0.779660,0.779660
1455655380,0.779670,0.779770,0.779630,0.779730
1455655440,0.779740,0.779830,0.779740,0.779770
1455655500,0.779760,0.779820,0.779690,0.779770
1455655560,0.779760,0.779790,0.779690,0.779770
1455655620,0.779780,0.779840,0.779750,0.779820
1455655680,0.779820,0.779880,0.779740,0.779740
1455655740,0.779730,0.779740,0.779650,0.779670
1455655800,0.779660,0.779700,0.779550,0.779580
1455655860,0.779570,0.779580,0.779440,0.779480
1455655920,0.779490,0.779530,0.779380,0.779380
1455655980,0.779380,0.779470,0.779370,0.779470
1455656040,0.779470,0.779720,0.779470,0.779700
1455656100,0.779730,0.779770,0.779660,0.779740
1455656160,0.779730,0.779740,0.779690,0.779730
1455656220,0.779740,0.779780,0.779650,0.779720
1455656280,0.779710,0.779720,0.779650,0.779660
1455656340,0.779720,0.779720,0.779460,0.779480
1455656400,0.779460,0.779550,0.779400,0.779470
1455656460,0.779490,0.779530,0.779460,0.779530
1455656520,0.779530,0.779590,0.779480,0.779530
1455656580,0.779530,0.779610,0.779500,0.779610
1455656640,0.779610,0.779630,0.779560,0.779560
1455656700,0.779570,0.779670,0.779470,0.779480
1455656760,0.779500,0.779510,0.779420,0.779430
1455656820,0.779430,0.779430,0.779320,0.779320
1455656880,0.779330,0.779330,0.779220,0.779260
1455656940,0.779250,0.779300,0.779230,0.779270
1455657000,0.779280,0.779290,0.779270,0.779280
1455657060,0.779290,0.779320,0.779270,0.779270
1455657120,0.779290,0.779290,0.779170,0.779190
1455657180,0.779200,0.779260,0.779170,0.779220
1455657240,0.779230,0.779250,0.779200,0.779220
1455657300,0.779230,0.779290,0.779190,0.779260
1455657360,0.779240,0.779240,0.779240,0.779240
1455657420,0.779250,0.779250,0.779230,0.779230
1455657480,0.779240,0.779280,0.779240,0.779280
1455657540,0.779260,0.779270,0.779260,0.779260
1455657600,0.779270,0.779270,0.779260,0.779270
1455657660,0.779280,0.779280,0.779250,0.779250
1455657720,0.779260,0.779280,0.779240,0.779240
1455657780,0.779230,0.779230,0.779160,0.779170
1455657840,0.779190,0.779200,0.779140,0.779140
1455657900,0.779130,0.779170,0.779130,0.779170
1455657960,0.779160,0.779200,0.779160,0.779200
1455658020,0.779190,0.779310,0.779180,0.779290
1455658080,0.779280,0.779300,0.779280,0.779290
1455658140,0.779280,0.779280,0.779210,0.779220
1455658200,0.779210,0.779370,0.779210,0.779370
1455658260,0.779350,0.779460,0.779350,0.779450
1455658320,0.779450,0.779450,0.779310,0.779320
1455658380,0.779350,0.779370,0.779280,0.779370
1455658440,0.779400,0.779450,0.779370,0.779450
1455658500,0.779450,0.779450,0.779400,0.779400
1455658560,0.779390,0.779390,0.779370,0.779390
1455658620,0.779410,0.779460,0.779350,0.779370
1455658680,0.779360,0.779390,0.779350,0.779370
1455658740,0.779360,0.779370,0.779350,0.779360
1455658800,0.779370,0.779470,0.779360,0.779460
1455658860,0.779470,0.779580,0.779470,0.779580
1455658920,0.779580,0.779600,0.779570,0.779580
1455658980,0.779580,0.779590,0.779550,0.779560
1455659040,0.779550,0.779580,0.779530,0.779570
1455659100,0.779560,0.779590,0.779540,0.779560
1455659160,0.779550,0.779570,0.779460,0.779480
1455659220,0.779490,0.779500,0.779460,0.779480
1455659280,0.779470,0.779480,0.779460,0.779460
1455659340,0.779470,0.779470,0.779460,0.779470
1455659400,0.779470,0.779550,0.779450,0.779550
1455659460,0.779550,0.779580,0.779550,0.779570
1455659520,0.779580,0.779590,0.779480,0.779480
1455659580,0.779490,0.779500,0.779450,0.779480
1455659640,0.779480,0.779480,0.779350,0.779350
1455659700,0.779350,0.779350,0.779070,0.779100
1455659760,0.779090,0.779110,0.778960,0.778960
1455659820,0.778970,0.779030,0.778950,0.778980
1455659880,0.778980,0.779070,0.778870,0.778980
1455659940,0.778980,0.778990,0.778650,0.778720
1455660000,0.778680,0.778930,0.778680,0.778760
1455660060,0.778820,0.778910,0.778810,0.778910
1455660120,0.778920,0.778930,0.778810,0.778810
1455660180,0.778900,0.778960,0.778900,0.778960
1455660240,0.778960,0.778960,0.778960,0.778960
1455660300,0.778960,0.778960,0.778700,0.778720
1455660360,0.778830,0.778830,0.778640,0.778730
1455660420,0.778720,0.778720,0.778620,0.778620
1455660480,0.778730,0.778730,0.778720,0.778720
1455660540,0.778820,0.778840,0.778800,0.778810
1455660600,0.778770,0.778770,0.778730,0.778730
1455660660,0.778740,0.778840,0.778740,0.778820
1455660720,0.778790,0.778790,0.778760,0.778760
1455660780,0.778750,0.779010,0.778730,0.779010
1455660840,0.779010,0.779010,0.778740,0.778780
1455660900,0.778790,0.778790,0.778790,0.778790
1455660960,0.778790,0.778790,0.778780,0.778780
1455661020,0.778790,0.778800,0.778760,0.778760
1455661080,0.778740,0.778810,0.778700,0.778700
1455661140,0.778670,0.778710,0.778670,0.778670
1455661200,0.778680,0.778690,0.778670,0.778670
1455661260,0.778680,0.778940,0.778680,0.778840
1455661320,0.778830,0.778850,0.778760,0.778800
1455661380,0.778800,0.778830,0.778800,0.778800
1455661440,0.778830,0.778830,0.778780,0.778800
1455661500,0.778890,0.779340,0.778830,0.779240
1455661560,0.779240,0.779240,0.778950,0.779050
1455661620,0.779030,0.779100,0.779030,0.779070
1455661680,0.779030,0.779070,0.778900,0.778980
1455661740,0.778980,0.778990,0.778900,0.778920
1455661800,0.778970,0.779050,0.778910,0.778960
1455661860,0.778980,0.778980,0.778900,0.778930
1455661920,0.778970,0.779000,0.778910,0.778930
1455661980,0.778940,0.778980,0.778940,0.778940
1455662040,0.778930,0.779100,0.778930,0.779100
1455662100,0.779120,0.779330,0.779090,0.779190
1455662160,0.779190,0.779310,0.779180,0.779310
1455662220,0.779310,0.779350,0.779000,0.779000
1455662280,0.778980,0.779130,0.778890,0.778930
1455662340,0.778930,0.779140,0.778930,0.779120
1455662400,0.779110,0.779130,0.778910,0.779080
1455662460,0.779080,0.779220,0.779050,0.779220
1455662520,0.779110,0.779180,0.778800,0.779050
1455662580,0.779000,0.779000,0.778700,0.778880
1455662640,0.778890,0.779160,0.778780,0.779150
1455662700,0.779140,0.779170,0.778890,0.779030
1455662760,0.779030,0.779080,0.778940,0.778940
1455662820,0.778940,0.778970,0.778700,0.778790
1455662880,0.778820,0.778960,0.778770,0.778770
1455662940,0.778780,0.778830,0.778700,0.778700
1455663000,0.778710,0.778850,0.778670,0.778790
1455663060,0.778740,0.778830,0.778680,0.778680
1455663120,0.778680,0.778680,0.778600,0.778600
1455663180,0.778590,0.778800,0.778590,0.778700
1455663240,0.778680,0.778680,0.778230,0.778390
1455663300,0.778390,0.778750,0.778300,0.778530
1455663360,0.778530,0.778690,0.778530,0.778690
1455663420,0.778690,0.778750,0.778580,0.778740
1455663480,0.778720,0.778830,0.778680,0.778680
1455663540,0.778680,0.778720,0.778600,0.778630
1455663600,0.778630,0.778720,0.778630,0.778720
1455663660,0.778720,0.778960,0.778720,0.778840
1455663720,0.778860,0.778880,0.778830,0.778870
1455663780,0.778880,0.778890,0.778710,0.778870
1455663840,0.778870,0.778920,0.778760,0.778870
1455663900,0.778860,0.778950,0.778860,0.778910
1455663960,0.778920,0.779090,0.778870,0.778970
1455664020,0.778980,0.779020,0.778950,0.778950
1455664080,0.778950,0.779050,0.778950,0.779000
1455664140,0.778990,0.779000,0.778960,0.779000
1455664200,0.779000,0.779050,0.778960,0.778970
1455664260,0.778970,0.779060,0.778960,0.778960
1455664320,0.778960,0.778960,0.778910,0.778910
1455664380,0.778910,0.778960,0.778870,0.778900
1455664440,0.778890,0.779080,0.778880,0.779060
1455664500,0.779060,0.779060,0.778970,0.779060
1455664560,0.779060,0.779070,0.779060,0.779060
1455664620,0.779060,0.779060,0.778960,0.779000
1455664680,0.779020,0.779080,0.779010,0.779080
1455664740,0.779070,0.779080,0.778990,0.779000
1455664800,0.778990,0.778990,0.778980,0.778980
1455664860,0.779020,0.779020,0.778910,0.778960
1455664920,0.778920,0.778920,0.778770,0.778780
1455664980,0.778790,0.778870,0.778760,0.778810
1455665040,0.778820,0.778830,0.778760,0.778820
1455665100,0.778790,0.778790,0.778760,0.778760
1455665160,0.778760,0.778780,0.778760,0.778760
1455665220,0.778760,0.778770,0.778680,0.778680
1455665280,0.778690,0.778690,0.778670,0.778680
1455665340,0.778670,0.778760,0.778670,0.778760
1455665400,0.778760,0.778920,0.778760,0.778920
1455665460,0.778910,0.778970,0.778910,0.778960
1455665520,0.778960,0.778960,0.778960,0.778960
1455665580,0.778960,0.778970,0.778950,0.778960
1455665640,0.778960,0.778960,0.778910,0.778910
1455665700,0.778910,0.778910,0.778880,0.778890
1455665760,0.778890,0.778890,0.778860,0.778860
1455665820,0.778860,0.778890,0.778860,0.778890
1455665880,0.778880,0.778960,0.778880,0.778960
1455665940,0.778960,0.779060,0.778960,0.779030
1455666000,0.779030,0.779110,0.779030,0.779090
1455666060,0.779080,0.779090,0.779010,0.779010
1455666120,0.779010,0.779040,0.779010,0.779040
1455666180,0.779030,0.779130,0.779020,0.779100
1455666240,0.779090,0.779120,0.779060,0.779120
1455666300,0.779120,0.779170,0.779120,0.779160
1455666360,0.779160,0.779200,0.779160,0.779200
1455666420,0.779190,0.779260,0.779190,0.779220
1455666480,0.779210,0.779210,0.779210,0.779210
1455666540,0.779220,0.779220,0.779210,0.779210
1455666600,0.779200,0.779210,0.779170,0.779180
1455666660,0.779190,0.779230,0.779190,0.779220
1455666720,0.779230,0.779260,0.779210,0.779260
1455666780,0.779270,0.779270,0.779260,0.779260
1455666840,0.779260,0.779260,0.779260,0.779260
1455666900,0.779250,0.779250,0.779160,0.779170
1455666960,0.779160,0.779170,0.779160,0.779160
1455667020,0.779150,0.779150,0.779090,0.779100
1455667080,0.779110,0.779110,0.779050,0.779050
1455667140,0.779050,0.779050,0.779050,0.779050
1455667200,0.779040,0.779040,0.778650,0.778750
1455667260,0.778740,0.778800,0.778590,0.778800
1455667320,0.778800,0.778850,0.778600,0.778640
1455667380,0.778630,0.778630,0.778490,0.778490
1455667440,0.778500,0.778550,0.778380,0.778440
1455667500,0.778450,0.778570,0.778450,0.778510
1455667560,0.778520,0.778590,0.778450,0.778590
1455667620,0.778610,0.778630,0.778580,0.778580
1455667680,0.778580,0.778780,0.778560,0.778660
1455667740,0.778670,0.778680,0.778510,0.778530
1455667800,0.778530,0.778610,0.778530,0.778600
1455667860,0.778620,0.778630,0.778440,0.778440
1455667920,0.778450,0.778460,0.778370,0.778380
1455667980,0.778380,0.778390,0.778370,0.778390
1455668040,0.778390,0.778400,0.778380,0.778400
1455668100,0.778380,0.778500,0.778380,0.778460
1455668160,0.778470,0.778490,0.778460,0.778480
1455668220,0.778510,0.778570,0.778510,0.778570
1455668280,0.778570,0.778590,0.778510,0.778510
1455668340,0.778510,0.778540,0.778410,0.778410
1455668400,0.778380,0.778580,0.778380,0.778470
1455668460,0.778490,0.778560,0.778380,0.778390
1455668520,0.778390,0.778460,0.778260,0.778280
1455668580,0.778280,0.778440,0.778280,0.778410
1455668640,0.778400,0.778440,0.778340,0.778420
1455668700,0.778430,0.778510,0.778430,0.778510
1455668760,0.778510,0.778650,0.778450,0.778600
1455668820,0.778560,0.778630,0.778540,0.778590
1455668880,0.778580,0.778660,0.778570,0.778660
1455668940,0.778660,0.778660,0.778520,0.778540
1455669000,0.778540,0.778540,0.778460,0.778530
1455669060,0.778520,0.778680,0.778430,0.778580
1455669120,0.778570,0.778660,0.778560,0.778570
1455669180,0.778560,0.778560,0.778210,0.778250
1455669240,0.778250,0.778250,0.777950,0.777990
1455669300,0.777990,0.778140,0.777980,0.778120
1455669360,0.778140,0.778210,0.778080,0.778210
1455669420,0.778200,0.778340,0.778160,0.778310
1455669480,0.778310,0.778370,0.778250,0.778330
1455669540,0.778310,0.778400,0.778290,0.778400
1455669600,0.778400,0.778400,0.778270,0.778290
1455669660,0.778290,0.778290,0.778070,0.778100
1455669720,0.778070,0.778270,0.777900,0.778200
1455669780,0.778200,0.778260,0.778160,0.778260
1455669840,0.778250,0.778260,0.778130,0.778230
1455669900,0.778220,0.778410,0.778130,0.778410
1455669960,0.778400,0.778400,0.778050,0.778060
1455670020,0.778060,0.778060,0.777950,0.778030
1455670080,0.778030,0.778210,0.777950,0.778150
1455670140,0.778140,0.778140,0.777930,0.778020
1455670200,0.778030,0.778280,0.778020,0.778230
1455670260,0.778220,0.778550,0.778220,0.778550
1455670320,0.778580,0.778750,0.778580,0.778720
1455670380,0.778720,0.778800,0.778720,0.778750
1455670440,0.778740,0.778750,0.778600,0.778620
1455670500,0.778650,0.778690,0.778470,0.778670
1455670560,0.778660,0.778730,0.778630,0.778670
1455670620,0.778680,0.778710,0.778610,0.778670
1455670680,0.778680,0.778720,0.778590,0.778700
1455670740,0.778710,0.778710,0.778580,0.778640
1455670800,0.778630,0.778680,0.778600,0.778620
1455670860,0.778630,0.778730,0.778620,0.778730
1455670920,0.778730,0.778880,0.778730,0.778790
1455670980,0.778800,0.778830,0.778790,0.778820
1455671040,0.778810,0.778820,0.778740,0.778770
1455671100,0.778760,0.778760,0.778640,0.778650
1455671160,0.778640,0.778670,0.778540,0.778620
1455671220,0.778610,0.778640,0.778550,0.778610
1455671280,0.778610,0.778610,0.778510,0.778520
1455671340,0.778510,0.778520,0.778390,0.778470
1455671400,0.778470,0.778500,0.778460,0.778480
1455671460,0.778490,0.778530,0.778460,0.778530
1455671520,0.778550,0.778550,0.778470,0.778500
1455671580,0.778500,0.778600,0.778450,0.778560
1455671640,0.778570,0.778830,0.778570,0.778770
1455671700,0.778770,0.779370,0.778720,0.779300
1455671760,0.779320,0.779340,0.778870,0.778900
1455671820,0.778910,0.778940,0.778720,0.778750
1455671880,0.778740,0.778890,0.778720,0.778830
1455671940,0.778820,0.778870,0.778750,0.778780
1455672000,0.778790,0.779030,0.778780,0.778980
1455672060,0.778990,0.779160,0.778980,0.779110
1455672120,0.779110,0.779270,0.779020,0.779270
1455672180,0.779280,0.779370,0.779190,0.779260
1455672240,0.779260,0.779400,0.779260,0.779380
1455672300,0.779400,0.779460,0.779260,0.779260
1455672360,0.779250,0.779560,0.779180,0.779540
1455672420,0.779540,0.779650,0.779460,0.779480
1455672480,0.779470,0.779470,0.779180,0.779260
1455672540,0.779280,0.779350,0.779200,0.779200
1455672600,0.779200,0.779280,0.779070,0.779140
1455672660,0.779150,0.779190,0.779010,0.779190
1455672720,0.779190,0.779190,0.779020,0.779170
1455672780,0.779180,0.779180,0.779070,0.779110
1455672840,0.779110,0.779140,0.778990,0.778990
1455672900,0.779000,0.779000,0.778890,0.778910
1455672960,0.778910,0.779200,0.778890,0.779180
1455673020,0.779180,0.779230,0.779090,0.779230
1455673080,0.779260,0.779460,0.779230,0.779360
1455673140,0.779380,0.779420,0.779320,0.779370
1455673200,0.779360,0.779390,0.779290,0.779360
1455673260,0.779350,0.779360,0.779300,0.779320
1455673320,0.779330,0.779380,0.779160,0.779160
1455673380,0.779150,0.779150,0.779060,0.779080
1455673440,0.779080,0.779170,0.779050,0.779110
1455673500,0.779120,0.779150,0.779010,0.779040
1455673560,0.779030,0.779070,0.778900,0.778960
1455673620,0.778960,0.779030,0.778870,0.778990
1455673680,0.778990,0.779110,0.778990,0.779060
1455673740,0.779050,0.779180,0.779030,0.779030
1455673800,0.779030,0.779070,0.778920,0.778920
1455673860,0.778920,0.779010,0.778920,0.778960
1455673920,0.778950,0.779040,0.778930,0.779020
1455673980,0.779030,0.779030,0.778930,0.778950
1455674040,0.778950,0.778990,0.778920,0.778970
1455674100,0.778950,0.779020,0.778950,0.778980
1455674160,0.778980,0.779050,0.778840,0.778860
1455674220,0.778870,0.778870,0.778750,0.778770
1455674280,0.778760,0.778800,0.778590,0.778660
1455674340,0.778670,0.778670,0.778560,0.778620
1455674400,0.778640,0.778750,0.778510,0.778580
1455674460,0.778580,0.778630,0.778560,0.778570
1455674520,0.778590,0.778640,0.778540,0.778570
1455674580,0.778570,0.778630,0.778530,0.778610
1455674640,0.778630,0.778680,0.778610,0.778680
1455674700,0.778680,0.778850,0.778680,0.778840
1455674760,0.778850,0.778860,0.778760,0.778850
1455674820,0.778860,0.778940,0.778840,0.778850
1455674880,0.778850,0.778940,0.778800,0.778920
1455674940,0.778910,0.779000,0.778890,0.778930
1455675000,0.778910,0.779000,0.778780,0.778970
1455675060,0.778950,0.778950,0.778670,0.778780
1455675120,0.778770,0.778860,0.778770,0.778790
1455675180,0.778780,0.778780,0.778620,0.778660
1455675240,0.778660,0.778740,0.778620,0.778710
1455675300,0.778700,0.778760,0.778660,0.778710
1455675360,0.778730,0.778920,0.778730,0.778840
1455675420,0.778830,0.778960,0.778830,0.778840
1455675480,0.778840,0.778910,0.778820,0.778900
1455675540,0.778910,0.778990,0.778860,0.778890
1455675600,0.778880,0.779000,0.778880,0.778880
1455675660,0.778870,0.778990,0.778860,0.778970
1455675720,0.778960,0.778970,0.778860,0.778940
1455675780,0.778950,0.778950,0.778870,0.778870
1455675840,0.778880,0.778970,0.778880,0.778920
1455675900,0.778910,0.778990,0.778860,0.778860
1455675960,0.778870,0.778970,0.778870,0.778940
1455676020,0.778950,0.779050,0.778890,0.778930
1455676080,0.778920,0.779090,0.778910,0.779090
1455676140,0.779100,0.779110,0.779080,0.779110
1455676200,0.779120,0.779230,0.779080,0.779200
1455676260,0.779210,0.779260,0.779170,0.779240
1455676320,0.779250,0.779410,0.779250,0.779410
1455676380,0.779420,0.779440,0.779290,0.779300
1455676440,0.779290,0.779350,0.779270,0.779330
1455676500,0.779320,0.779350,0.779290,0.779330
1455676560,0.779350,0.779480,0.779350,0.779460
1455676620,0.779460,0.779470,0.779400,0.779440
1455676680,0.779450,0.779490,0.779410,0.779470
1455676740,0.779480,0.779480,0.779310,0.779310
1455676800,0.779320,0.779410,0.779310,0.779370
1455676860,0.779360,0.779400,0.779350,0.779380
1455676920,0.779370,0.779380,0.779340,0.779360
1455676980,0.779350,0.779360,0.779190,0.779200
1455677040,0.779230,0.779260,0.779160,0.779260
1455677100,0.779250,0.779250,0.779160,0.779180
1455677160,0.779180,0.779180,0.778950,0.778970
1455677220,0.778980,0.779020,0.778800,0.778800
1455677280,0.778760,0.778890,0.778750,0.778870
1455677340,0.778890,0.778930,0.778880,0.778880
1455677400,0.778880,0.778960,0.778880,0.778960
1455677460,0.778960,0.778970,0.778930,0.778970
1455677520,0.778970,0.779050,0.778930,0.778950
1455677580,0.778950,0.779040,0.778950,0.779040
1455677640,0.779040,0.779040,0.779010,0.779030
1455677700,0.779030,0.779030,0.779010,0.779020
1455677760,0.779050,0.779160,0.779050,0.779120
1455677820,0.779120,0.779130,0.779100,0.779110
1455677880,0.779110,0.779160,0.779020,0.779040
1455677940,0.779050,0.779150,0.779050,0.779070
1455678000,0.779060,0.779060,0.778970,0.778970
1455678060,0.778970,0.779050,0.778970,0.779030
1455678120,0.779040,0.779090,0.778990,0.779020
1455678180,0.779020,0.779120,0.778960,0.779090
1455678240,0.779090,0.779240,0.779080,0.779180
1455678300,0.779170,0.779290,0.779170,0.779290
1455678360,0.779300,0.779310,0.779220,0.779280
1455678420,0.779270,0.779360,0.779270,0.779310
1455678480,0.779290,0.779420,0.779270,0.779340
1455678540,0.779330,0.779360,0.779280,0.779280
1455678600,0.779270,0.779360,0.779260,0.779360
1455678660,0.779350,0.779350,0.779170,0.779170
1455678720,0.779180,0.779180,0.779100,0.779150
1455678780,0.779150,0.779230,0.779150,0.779210
1455678840,0.779220,0.779260,0.779110,0.779260
1455678900,0.779270,0.779340,0.779270,0.779290
1455678960,0.779290,0.779390,0.779290,0.779380
1455679020,0.779390,0.779400,0.779310,0.779340
1455679080,0.779350,0.779350,0.779330,0.779330
1455679140,0.779330,0.779440,0.779320,0.779430
1455679200,0.779430,0.779480,0.779420,0.779440
1455679260,0.779450,0.779560,0.779450,0.779490
1455679320,0.779500,0.779600,0.779500,0.779600
1455679380,0.779600,0.779620,0.779510,0.779510
1455679440,0.779500,0.779700,0.779420,0.779690
1455679500,0.779700,0.779710,0.779540,0.779550
1455679560,0.779560,0.779590,0.779490,0.779510
1455679620,0.779500,0.779680,0.779480,0.779620
1455679680,0.779610,0.779690,0.779610,0.779630
1455679740,0.779640,0.779660,0.779530,0.779540
1455679800,0.779540,0.779550,0.779450,0.779530
1455679860,0.779530,0.779650,0.779520,0.779650
1455679920,0.779650,0.779760,0.779610,0.779760
1455679980,0.779760,0.779810,0.779680,0.779740
1455680040,0.779740,0.779780,0.779690,0.779760
1455680100,0.779760,0.779840,0.779700,0.779720
1455680160,0.779730,0.779760,0.779640,0.779640
1455680220,0.779640,0.779690,0.779640,0.779660
1455680280,0.779660,0.779660,0.779540,0.779590
1455680340,0.779600,0.779600,0.779500,0.779530
1455680400,0.779510,0.779560,0.779430,0.779470
1455680460,0.779460,0.779590,0.779450,0.779550
1455680520,0.779540,0.779570,0.779510,0.779510
1455680580,0.779520,0.779670,0.779510,0.779580
1455680640,0.779580,0.779690,0.779580,0.779680
1455680700,0.779690,0.779700,0.779590,0.779660
1455680760,0.779670,0.779720,0.779610,0.779690
1455680820,0.779690,0.779710,0.779690,0.779700
1455680880,0.779700,0.779760,0.779690,0.779760
1455680940,0.779770,0.779950,0.779770,0.779920
1455681000,0.779930,0.780020,0.779830,0.779830
1455681060,0.779820,0.779900,0.779780,0.779810
1455681120,0.779820,0.779830,0.779730,0.779750
1455681180,0.779740,0.779900,0.779700,0.779870
1455681240,0.779860,0.779880,0.779660,0.779670
1455681300,0.779660,0.779760,0.779660,0.779760
1455681360,0.779750,0.779930,0.779730,0.779930
1455681420,0.779930,0.779970,0.779900,0.779970
1455681480,0.779960,0.780090,0.779940,0.780090
1455681540,0.780100,0.780250,0.780070,0.780160
1455681600,0.780150,0.780240,0.780140,0.780220
1455681660,0.780210,0.780220,0.780020,0.780040
1455681720,0.780010,0.780040,0.779940,0.780040
1455681780,0.780030,0.780030,0.779870,0.779890
1455681840,0.779890,0.780040,0.779810,0.780000
1455681900,0.780010,0.780330,0.780010,0.780330
1455681960,0.780310,0.780330,0.780280,0.780330
1455682020,0.780330,0.780380,0.780230,0.780270
1455682080,0.780270,0.780310,0.780150,0.780150
1455682140,0.780170,0.780220,0.780170,0.780180
1455682200,0.780170,0.780320,0.780170,0.780290
1455682260,0.780290,0.780390,0.780240,0.780240
1455682320,0.780250,0.780290,0.780230,0.780270
1455682380,0.780280,0.780340,0.780270,0.780300
1455682440,0.780300,0.780350,0.780300,0.780340
1455682500,0.780350,0.780580,0.780350,0.780580
1455682560,0.780580,0.780630,0.780520,0.780620
1455682620,0.780620,0.780680,0.780540,0.780660
1455682680,0.780650,0.780680,0.780490,0.780590
1455682740,0.780590,0.780640,0.780500,0.780510
1455682800,0.780520,0.780560,0.780510,0.780560
1455682860,0.780560,0.780860,0.780560,0.780770
1455682920,0.780750,0.780830,0.780700,0.780810
1455682980,0.780810,0.780890,0.780810,0.780860
1455683040,0.780850,0.781000,0.780830,0.780940
1455683100,0.780950,0.781070,0.780950,0.781030
1455683160,0.781030,0.781070,0.780970,0.780970
1455683220,0.780980,0.780990,0.780960,0.780960
1455683280,0.780960,0.781190,0.780960,0.781190
1455683340,0.781190,0.781190,0.781130,0.781160
1455683400,0.781160,0.781160,0.781090,0.781100
1455683460,0.781120,0.781150,0.781100,0.781100
1455683520,0.781100,0.781140,0.781100,0.781100
1455683580,0.781090,0.781090,0.780880,0.780910
1455683640,0.780920,0.781020,0.780900,0.780900
1455683700,0.780910,0.780990,0.780910,0.780960
1455683760,0.780960,0.780990,0.780910,0.780920
1455683820,0.780930,0.780980,0.780910,0.780960
1455683880,0.780950,0.781140,0.780950,0.781120
1455683940,0.781130,0.781240,0.781050,0.781190
1455684000,0.781200,0.781390,0.781150,0.781300
1455684060,0.781310,0.781370,0.781250,0.781310
1455684120,0.781280,0.781320,0.781200,0.781270
1455684180,0.781260,0.781300,0.781210,0.781280
1455684240,0.781290,0.781330,0.781200,0.781320
1455684300,0.781310,0.781320,0.781240,0.781270
1455684360,0.781280,0.781280,0.781160,0.781220
1455684420,0.781230,0.781450,0.781110,0.781140
1455684480,0.781130,0.781190,0.781000,0.781140
1455684540,0.781150,0.781170,0.781110,0.781160
1455684600,0.781140,0.781150,0.780960,0.781100
1455684660,0.781110,0.781140,0.781020,0.781050
1455684720,0.781030,0.781060,0.781010,0.781040
1455684780,0.781040,0.781040,0.780840,0.781000
1455684840,0.781000,0.781230,0.780910,0.781230
1455684900,0.781230,0.781360,0.781220,0.781280
1455684960,0.781280,0.781330,0.781250,0.781250
1455685020,0.781250,0.781450,0.781250,0.781410
1455685080,0.781410,0.781430,0.781410,0.781420
1455685140,0.781410,0.781450,0.781410,0.781430
