time,open,high,low,close
1537761600,147.243000,147.243000,147.218000,147.218000
1537761660,147.218000,147.231000,147.218000,147.228000
1537761720,147.229000,147.231000,147.229000,147.231000
1537761780,147.231000,147.237000,147.231000,147.234000
1537761840,147.234000,147.234000,147.234000,147.234000
1537761900,147.234000,147.234000,147.234000,147.234000
1537761960,147.231000,147.231000,147.229000,147.229000
1537762020,147.229000,147.229000,147.226000,147.226000
1537762080,147.226000,147.234000,147.226000,147.228000
1537762140,147.228000,147.228000,147.221000,147.221000
1537762200,147.223000,147.238000,147.223000,147.231000
1537762260,147.231000,147.232000,147.220000,147.223000
1537762320,147.224000,147.224000,147.217000,147.224000
1537762380,147.224000,147.229000,147.223000,147.223000
1537762440,147.223000,147.231000,147.223000,147.230000
1537762500,147.233000,147.233000,147.230000,147.230000
1537762560,147.228000,147.228000,147.224000,147.227000
1537762620,147.226000,147.226000,147.224000,147.224000
1537762680,147.224000,147.224000,147.223000,147.223000
1537762740,147.223000,147.223000,147.218000,147.222000
1537762800,147.222000,147.222000,147.215000,147.215000
1537762860,147.216000,147.218000,147.214000,147.218000
1537762920,147.216000,147.221000,147.213000,147.217000
1537762980,147.215000,147.215000,147.210000,147.211000
1537763040,147.213000,147.215000,147.213000,147.215000
1537763100,147.215000,147.221000,147.215000,147.221000
1537763160,147.219000,147.227000,147.219000,147.222000
1537763220,147.220000,147.230000,147.220000,147.222000
1537763280,147.225000,147.227000,147.223000,147.227000
1537763340,147.230000,147.254000,147.230000,147.244000
1537763400,147.243000,147.243000,147.241000,147.242000
1537763460,147.243000,147.246000,147.234000,147.234000
1537763520,147.234000,147.234000,147.233000,147.233000
1537763580,147.236000,147.237000,147.212000,147.216000
1537763640,147.217000,147.235000,147.216000,147.234000
1537763700,147.235000,147.253000,147.234000,147.252000
1537763760,147.253000,147.259000,147.252000,147.252000
1537763880,147.254000,147.257000,147.254000,147.257000
1537764000,147.257000,147.257000,147.246000,147.246000
1537764060,147.248000,147.255000,147.248000,147.250000
1537764120,147.252000,147.252000,147.249000,147.249000
1537764180,147.251000,147.251000,147.247000,147.247000
1537764240,147.244000,147.244000,147.244000,147.244000
1537764300,147.246000,147.246000,147.246000,147.246000
1537764360,147.243000,147.243000,147.238000,147.238000
1537764420,147.240000,147.240000,147.240000,147.240000
1537764480,147.238000,147.238000,147.233000,147.233000
1537764540,147.235000,147.235000,147.235000,147.235000
1537764660,147.242000,147.245000,147.234000,147.244000
1537764720,147.246000,147.246000,147.244000,147.245000
1537764780,147.246000,147.247000,147.241000,147.247000
1537764840,147.246000,147.248000,147.246000,147.248000
1537764900,147.246000,147.247000,147.240000,147.240000
1537764960,147.238000,147.250000,147.230000,147.247000
1537765020,147.250000,147.257000,147.242000,147.247000
1537765080,147.246000,147.251000,147.245000,147.245000
1537765140,147.247000,147.255000,147.247000,147.254000
1537765200,147.254000,147.262000,147.253000,147.262000
1537765260,147.264000,147.272000,147.251000,147.251000
1537765320,147.252000,147.252000,147.224000,147.232000
1537765380,147.234000,147.251000,147.231000,147.244000
1537765440,147.244000,147.272000,147.244000,147.272000
1537765500,147.273000,147.282000,147.237000,147.237000
1537765560,147.237000,147.256000,147.237000,147.245000
1537765620,147.246000,147.247000,147.232000,147.235000
1537765680,147.235000,147.238000,147.232000,147.232000
1537765740,147.233000,147.237000,147.230000,147.230000
1537765800,147.229000,147.236000,147.223000,147.228000
1537765860,147.226000,147.226000,147.198000,147.215000
1537765920,147.215000,147.218000,147.202000,147.202000
1537765980,147.202000,147.210000,147.202000,147.203000
1537766040,147.202000,147.208000,147.197000,147.203000
1537766100,147.201000,147.236000,147.201000,147.235000
1537766160,147.234000,147.234000,147.216000,147.216000
1537766220,147.218000,147.220000,147.215000,147.220000
1537766280,147.220000,147.220000,147.216000,147.217000
1537766340,147.214000,147.216000,147.211000,147.215000
1537766400,147.214000,147.216000,147.201000,147.211000
1537766460,147.207000,147.217000,147.198000,147.215000
1537766520,147.222000,147.232000,147.220000,147.220000
1537766580,147.225000,147.225000,147.219000,147.220000
1537766640,147.221000,147.221000,147.193000,147.203000
1537766700,147.205000,147.205000,147.192000,147.198000
1537766760,147.199000,147.206000,147.195000,147.206000
1537766820,147.210000,147.220000,147.210000,147.213000
1537766880,147.215000,147.221000,147.205000,147.207000
1537766940,147.210000,147.213000,147.203000,147.212000
1537767000,147.212000,147.220000,147.212000,147.220000
1537767060,147.220000,147.220000,147.217000,147.217000
1537767120,147.217000,147.217000,147.192000,147.198000
1537767180,147.199000,147.216000,147.199000,147.216000
1537767240,147.219000,147.219000,147.216000,147.216000
1537767300,147.216000,147.236000,147.216000,147.228000
1537767360,147.229000,147.231000,147.228000,147.231000
1537767420,147.228000,147.229000,147.228000,147.229000
1537767480,147.228000,147.229000,147.221000,147.224000
1537767540,147.222000,147.223000,147.217000,147.221000
1537767600,147.219000,147.219000,147.199000,147.203000
1537767660,147.213000,147.213000,147.183000,147.200000
1537767720,147.203000,147.203000,147.203000,147.203000
1537767780,147.203000,147.210000,147.177000,147.180000
1537767840,147.181000,147.196000,147.181000,147.191000
1537767900,147.194000,147.203000,147.194000,147.197000
1537767960,147.199000,147.199000,147.196000,147.197000
1537768020,147.197000,147.197000,147.189000,147.190000
1537768080,147.189000,147.189000,147.182000,147.183000
1537768140,147.182000,147.190000,147.182000,147.190000
1537768200,147.190000,147.194000,147.184000,147.191000
1537768260,147.190000,147.192000,147.183000,147.192000
1537768320,147.192000,147.194000,147.175000,147.175000
1537768380,147.177000,147.184000,147.163000,147.167000
1537768440,147.168000,147.186000,147.161000,147.178000
1537768500,147.178000,147.186000,147.172000,147.178000
1537768560,147.177000,147.187000,147.170000,147.181000
1537768620,147.183000,147.183000,147.171000,147.171000
1537768680,147.172000,147.185000,147.164000,147.166000
1537768740,147.167000,147.193000,147.166000,147.193000
1537768800,147.191000,147.205000,147.178000,147.197000
1537768860,147.197000,147.197000,147.185000,147.187000
1537768920,147.186000,147.217000,147.186000,147.202000
1537768980,147.202000,147.217000,147.201000,147.212000
1537769040,147.213000,147.225000,147.209000,147.224000
1537769100,147.226000,147.234000,147.213000,147.213000
1537769160,147.211000,147.226000,147.206000,147.224000
1537769220,147.226000,147.237000,147.224000,147.227000
1537769280,147.219000,147.219000,147.196000,147.200000
1537769340,147.200000,147.219000,147.200000,147.212000
1537769400,147.214000,147.217000,147.192000,147.193000
1537769460,147.194000,147.211000,147.190000,147.211000
1537769520,147.214000,147.246000,147.209000,147.224000
1537769580,147.224000,147.246000,147.221000,147.227000
1537769640,147.228000,147.230000,147.218000,147.221000
1537769700,147.221000,147.232000,147.209000,147.209000
1537769760,147.209000,147.233000,147.201000,147.231000
1537769820,147.231000,147.241000,147.225000,147.226000
1537769880,147.227000,147.227000,147.192000,147.212000
1537769940,147.210000,147.210000,147.183000,147.189000
1537770000,147.193000,147.198000,147.153000,147.178000
1537770060,147.180000,147.184000,147.155000,147.155000
1537770120,147.157000,147.178000,147.093000,147.114000
1537770180,147.110000,147.114000,147.082000,147.096000
1537770240,147.095000,147.109000,147.068000,147.082000
1537770300,147.084000,147.109000,147.079000,147.085000
1537770360,147.083000,147.114000,147.083000,147.098000
1537770420,147.096000,147.101000,147.062000,147.096000
1537770480,147.096000,147.103000,147.066000,147.092000
1537770540,147.094000,147.098000,147.070000,147.081000
1537770600,147.086000,147.107000,147.077000,147.077000
1537770660,147.076000,147.076000,147.030000,147.035000
1537770720,147.034000,147.044000,147.021000,147.033000
1537770780,147.035000,147.037000,146.974000,146.974000
1537770840,146.973000,146.977000,146.945000,146.959000
1537770900,146.960000,146.980000,146.945000,146.964000
1537770960,146.969000,147.002000,146.951000,147.002000
1537771020,147.001000,147.042000,146.999000,147.012000
1537771080,147.009000,147.022000,146.998000,147.022000
1537771140,147.020000,147.022000,146.990000,146.992000
1537771200,146.994000,147.007000,146.985000,147.007000
1537771260,147.008000,147.028000,147.008000,147.010000
1537771320,147.010000,147.012000,146.997000,146.998000
1537771380,146.999000,147.012000,146.994000,147.010000
1537771440,147.012000,147.014000,146.989000,147.011000
1537771500,147.010000,147.031000,147.009000,147.024000
1537771560,147.026000,147.072000,147.026000,147.065000
1537771620,147.064000,147.082000,147.051000,147.082000
1537771680,147.084000,147.089000,147.063000,147.088000
1537771740,147.088000,147.104000,147.088000,147.102000
1537771800,147.099000,147.105000,147.096000,147.105000
1537771860,147.106000,147.106000,147.090000,147.097000
1537771920,147.096000,147.103000,147.086000,147.103000
1537771980,147.103000,147.109000,147.094000,147.095000
1537772040,147.097000,147.103000,147.088000,147.094000
1537772100,147.097000,147.107000,147.081000,147.103000
1537772160,147.105000,147.155000,147.105000,147.142000
1537772220,147.140000,147.164000,147.137000,147.161000
1537772280,147.165000,147.197000,147.165000,147.178000
1537772340,147.178000,147.227000,147.178000,147.213000
1537772400,147.210000,147.266000,147.204000,147.254000
1537772460,147.252000,147.294000,147.238000,147.278000
1537772520,147.275000,147.333000,147.252000,147.333000
1537772580,147.332000,147.338000,147.314000,147.314000
1537772640,147.316000,147.350000,147.316000,147.350000
1537772700,147.352000,147.394000,147.352000,147.360000
1537772760,147.362000,147.378000,147.362000,147.369000
1537772820,147.371000,147.380000,147.336000,147.356000
1537772880,147.355000,147.365000,147.344000,147.365000
1537772940,147.363000,147.363000,147.321000,147.327000
1537773000,147.326000,147.330000,147.306000,147.311000
1537773060,147.312000,147.354000,147.312000,147.354000
1537773120,147.353000,147.361000,147.321000,147.334000
1537773180,147.333000,147.376000,147.328000,147.369000
1537773240,147.369000,147.389000,147.364000,147.389000
1537773300,147.387000,147.405000,147.364000,147.405000
1537773360,147.411000,147.471000,147.410000,147.466000
1537773420,147.468000,147.620000,147.468000,147.578000
1537773480,147.575000,147.613000,147.553000,147.586000
1537773540,147.583000,147.586000,147.542000,147.558000
1537773600,147.557000,147.558000,147.524000,147.528000
1537773660,147.527000,147.545000,147.525000,147.536000
1537773720,147.536000,147.549000,147.525000,147.527000
1537773780,147.527000,147.599000,147.527000,147.583000
1537773840,147.584000,147.605000,147.565000,147.567000
1537773900,147.567000,147.633000,147.567000,147.630000
1537773960,147.630000,147.641000,147.611000,147.619000
1537774020,147.623000,147.639000,147.594000,147.594000
1537774080,147.594000,147.608000,147.585000,147.591000
1537774140,147.590000,147.590000,147.561000,147.568000
1537774200,147.570000,147.584000,147.562000,147.582000
1537774260,147.579000,147.586000,147.573000,147.580000
1537774320,147.577000,147.598000,147.573000,147.573000
1537774380,147.565000,147.600000,147.563000,147.588000
1537774440,147.591000,147.594000,147.585000,147.591000
1537774500,147.592000,147.599000,147.583000,147.584000
1537774560,147.585000,147.597000,147.579000,147.591000
1537774620,147.590000,147.590000,147.566000,147.578000
1537774680,147.580000,147.585000,147.553000,147.585000
1537774740,147.579000,147.593000,147.565000,147.586000
1537774800,147.585000,147.585000,147.565000,147.577000
1537774860,147.579000,147.591000,147.566000,147.568000
1537774920,147.570000,147.577000,147.565000,147.573000
1537774980,147.575000,147.579000,147.570000,147.572000
1537775040,147.572000,147.623000,147.572000,147.614000
1537775100,147.615000,147.615000,147.580000,147.597000
1537775160,147.598000,147.599000,147.585000,147.593000
1537775220,147.593000,147.620000,147.588000,147.615000
1537775280,147.615000,147.622000,147.584000,147.589000
1537775340,147.590000,147.595000,147.556000,147.578000
1537775400,147.577000,147.577000,147.550000,147.554000
1537775460,147.554000,147.554000,147.523000,147.527000
1537775520,147.528000,147.553000,147.522000,147.522000
1537775580,147.518000,147.520000,147.485000,147.493000
1537775640,147.497000,147.505000,147.486000,147.488000
1537775700,147.487000,147.489000,147.454000,147.454000
1537775760,147.454000,147.457000,147.430000,147.451000
1537775820,147.447000,147.447000,147.382000,147.405000
1537775880,147.404000,147.417000,147.404000,147.407000
1537775940,147.407000,147.496000,147.407000,147.473000
1537776000,147.472000,147.583000,147.472000,147.572000
1537776060,147.572000,147.613000,147.557000,147.612000
1537776120,147.617000,147.665000,147.613000,147.654000
1537776180,147.654000,147.657000,147.586000,147.589000
1537776240,147.592000,147.595000,147.536000,147.553000
1537776300,147.554000,147.589000,147.552000,147.571000
1537776360,147.570000,147.575000,147.536000,147.569000
1537776420,147.571000,147.606000,147.565000,147.601000
1537776480,147.596000,147.610000,147.585000,147.609000
1537776540,147.607000,147.630000,147.582000,147.629000
1537776600,147.627000,147.652000,147.619000,147.634000
1537776660,147.631000,147.633000,147.598000,147.605000
1537776720,147.607000,147.618000,147.589000,147.603000
1537776780,147.604000,147.611000,147.592000,147.592000
1537776840,147.592000,147.605000,147.570000,147.596000
1537776900,147.597000,147.602000,147.578000,147.602000
1537776960,147.602000,147.709000,147.602000,147.697000
1537777020,147.697000,147.734000,147.686000,147.729000
1537777080,147.726000,147.726000,147.704000,147.718000
1537777140,147.716000,147.737000,147.693000,147.695000
1537777200,147.696000,147.732000,147.696000,147.714000
1537777260,147.709000,147.734000,147.689000,147.726000
1537777320,147.726000,147.795000,147.726000,147.773000
1537777380,147.772000,147.772000,147.724000,147.730000
1537777440,147.729000,147.746000,147.725000,147.735000
1537777500,147.734000,147.762000,147.699000,147.711000
1537777560,147.710000,147.726000,147.651000,147.691000
1537777620,147.690000,147.715000,147.677000,147.714000
1537777680,147.712000,147.731000,147.708000,147.731000
1537777740,147.739000,147.744000,147.690000,147.723000
1537777800,147.724000,147.725000,147.694000,147.705000
1537777860,147.707000,147.708000,147.653000,147.653000
1537777920,147.652000,147.678000,147.647000,147.667000
1537777980,147.667000,147.676000,147.636000,147.655000
1537778040,147.654000,147.667000,147.648000,147.661000
1537778100,147.659000,147.662000,147.638000,147.656000
1537778160,147.657000,147.692000,147.649000,147.679000
1537778220,147.679000,147.683000,147.663000,147.674000
1537778280,147.675000,147.675000,147.655000,147.664000
1537778340,147.664000,147.666000,147.643000,147.643000
1537778400,147.642000,147.647000,147.631000,147.642000
1537778460,147.641000,147.641000,147.611000,147.617000
1537778520,147.616000,147.629000,147.604000,147.625000
1537778580,147.624000,147.672000,147.624000,147.657000
1537778640,147.657000,147.718000,147.655000,147.696000
1537778700,147.695000,147.749000,147.686000,147.735000
1537778760,147.735000,147.746000,147.725000,147.746000
1537778820,147.747000,147.754000,147.734000,147.743000
1537778880,147.744000,147.746000,147.713000,147.718000
1537778940,147.719000,147.753000,147.713000,147.733000
1537779000,147.736000,147.738000,147.691000,147.700000
1537779060,147.700000,147.708000,147.679000,147.704000
1537779120,147.704000,147.725000,147.700000,147.714000
1537779180,147.715000,147.715000,147.689000,147.697000
1537779240,147.697000,147.746000,147.690000,147.742000
1537779300,147.739000,147.762000,147.722000,147.762000
1537779360,147.759000,147.782000,147.754000,147.782000
1537779420,147.781000,147.791000,147.767000,147.779000
1537779480,147.780000,147.783000,147.765000,147.783000
1537779540,147.786000,147.812000,147.777000,147.806000
1537779600,147.804000,147.806000,147.748000,147.750000
1537779660,147.750000,147.780000,147.750000,147.769000
1537779720,147.767000,147.767000,147.734000,147.740000
1537779780,147.740000,147.742000,147.722000,147.737000
1537779840,147.738000,147.762000,147.730000,147.750000
1537779900,147.751000,147.751000,147.702000,147.711000
1537779960,147.712000,147.712000,147.673000,147.678000
1537780020,147.680000,147.683000,147.664000,147.665000
1537780080,147.666000,147.696000,147.664000,147.696000
1537780140,147.698000,147.704000,147.678000,147.678000
1537780200,147.678000,147.700000,147.672000,147.677000
1537780260,147.678000,147.709000,147.678000,147.707000
1537780320,147.706000,147.706000,147.668000,147.705000
1537780380,147.706000,147.730000,147.702000,147.730000
1537780440,147.735000,147.738000,147.717000,147.736000
1537780500,147.737000,147.741000,147.734000,147.735000
1537780560,147.734000,147.734000,147.712000,147.723000
1537780620,147.725000,147.741000,147.713000,147.714000
1537780680,147.721000,147.725000,147.711000,147.718000
1537780740,147.716000,147.741000,147.716000,147.733000
1537780800,147.733000,147.734000,147.722000,147.727000
1537780860,147.726000,147.733000,147.726000,147.729000
1537780920,147.725000,147.767000,147.721000,147.765000
1537780980,147.763000,147.764000,147.742000,147.750000
1537781040,147.751000,147.786000,147.731000,147.782000
1537781100,147.783000,147.783000,147.763000,147.767000
1537781160,147.769000,147.780000,147.747000,147.773000
1537781220,147.772000,147.798000,147.762000,147.768000
1537781280,147.768000,147.796000,147.767000,147.773000
1537781340,147.768000,147.808000,147.766000,147.808000
1537781400,147.807000,147.809000,147.795000,147.809000
1537781460,147.810000,147.818000,147.804000,147.817000
1537781520,147.817000,147.865000,147.817000,147.845000
1537781580,147.842000,147.886000,147.838000,147.867000
1537781640,147.865000,147.870000,147.852000,147.863000
1537781700,147.861000,147.869000,147.857000,147.862000
1537781760,147.865000,147.890000,147.855000,147.863000
1537781820,147.860000,147.893000,147.860000,147.878000
1537781880,147.880000,147.883000,147.863000,147.865000
1537781940,147.865000,147.887000,147.864000,147.875000
1537782000,147.876000,147.884000,147.869000,147.880000
1537782060,147.880000,147.897000,147.874000,147.876000
1537782120,147.874000,147.874000,147.851000,147.851000
1537782180,147.851000,147.851000,147.831000,147.840000
1537782240,147.840000,147.840000,147.789000,147.807000
1537782300,147.810000,147.826000,147.806000,147.826000
1537782360,147.824000,147.845000,147.821000,147.840000
1537782420,147.840000,147.852000,147.828000,147.834000
1537782480,147.834000,147.845000,147.827000,147.828000
1537782540,147.828000,147.879000,147.828000,147.875000
1537782600,147.875000,147.876000,147.848000,147.856000
1537782660,147.854000,147.857000,147.849000,147.849000
1537782720,147.848000,147.861000,147.841000,147.861000
1537782780,147.874000,147.874000,147.849000,147.855000
1537782840,147.855000,147.882000,147.855000,147.878000
1537782900,147.877000,147.879000,147.866000,147.866000
1537782960,147.866000,147.890000,147.854000,147.881000
1537783020,147.880000,147.880000,147.858000,147.858000
1537783080,147.858000,147.864000,147.834000,147.834000
1537783140,147.836000,147.843000,147.812000,147.814000
1537783200,147.815000,147.823000,147.797000,147.809000
1537783260,147.811000,147.860000,147.811000,147.856000
1537783320,147.855000,147.857000,147.842000,147.854000
1537783380,147.856000,147.891000,147.855000,147.891000
1537783440,147.890000,147.920000,147.880000,147.920000
1537783500,147.919000,147.922000,147.904000,147.905000
1537783560,147.907000,147.915000,147.899000,147.915000
1537783620,147.916000,147.954000,147.915000,147.950000
1537783680,147.952000,147.961000,147.907000,147.923000
1537783740,147.927000,147.933000,147.922000,147.927000
1537783800,147.927000,147.929000,147.912000,147.919000
1537783860,147.921000,147.921000,147.905000,147.905000
1537783920,147.905000,147.908000,147.891000,147.904000
1537783980,147.907000,147.907000,147.871000,147.881000
1537784040,147.881000,147.896000,147.870000,147.894000
1537784100,147.895000,147.900000,147.883000,147.897000
1537784160,147.899000,147.924000,147.899000,147.914000
1537784220,147.912000,147.966000,147.907000,147.966000
1537784280,147.969000,147.973000,147.941000,147.942000
1537784340,147.941000,147.952000,147.939000,147.943000
1537784400,147.941000,147.941000,147.898000,147.898000
1537784460,147.895000,147.901000,147.883000,147.897000
1537784520,147.897000,147.918000,147.894000,147.907000
1537784580,147.905000,147.908000,147.889000,147.889000
1537784640,147.890000,147.898000,147.882000,147.889000
1537784700,147.889000,147.889000,147.843000,147.843000
1537784760,147.843000,147.848000,147.837000,147.841000
1537784820,147.844000,147.845000,147.831000,147.840000
1537784880,147.837000,147.850000,147.837000,147.844000
1537784940,147.846000,147.867000,147.846000,147.850000
1537785000,147.850000,147.852000,147.839000,147.841000
1537785060,147.838000,147.864000,147.838000,147.857000
1537785120,147.853000,147.859000,147.842000,147.842000
1537785180,147.843000,147.872000,147.833000,147.867000
1537785240,147.868000,147.869000,147.863000,147.865000
1537785300,147.865000,147.877000,147.862000,147.875000
1537785360,147.873000,147.899000,147.869000,147.895000
1537785420,147.893000,147.895000,147.891000,147.891000
1537785480,147.890000,147.890000,147.850000,147.855000
1537785540,147.854000,147.859000,147.834000,147.836000
1537785600,147.835000,147.844000,147.812000,147.812000
1537785660,147.813000,147.824000,147.807000,147.807000
1537785720,147.806000,147.808000,147.769000,147.796000
1537785780,147.797000,147.804000,147.771000,147.781000
1537785840,147.780000,147.794000,147.751000,147.787000
1537785900,147.788000,147.795000,147.775000,147.789000
1537785960,147.791000,147.800000,147.786000,147.787000
1537786020,147.786000,147.805000,147.781000,147.788000
1537786080,147.787000,147.798000,147.779000,147.785000
1537786140,147.785000,147.793000,147.772000,147.790000
1537786200,147.791000,147.811000,147.790000,147.810000
1537786260,147.812000,147.812000,147.802000,147.809000
1537786320,147.810000,147.814000,147.801000,147.810000
1537786380,147.811000,147.823000,147.802000,147.804000
1537786440,147.805000,147.819000,147.799000,147.800000
1537786500,147.801000,147.826000,147.801000,147.805000
1537786560,147.807000,147.833000,147.805000,147.829000
1537786620,147.830000,147.840000,147.810000,147.828000
1537786680,147.828000,147.843000,147.812000,147.812000
1537786740,147.813000,147.880000,147.802000,147.853000
1537786800,147.855000,147.902000,147.855000,147.899000
1537786860,147.899000,147.946000,147.898000,147.939000
1537786920,147.936000,147.936000,147.896000,147.934000
1537786980,147.934000,147.979000,147.932000,147.948000
1537787040,147.948000,147.952000,147.941000,147.947000
1537787100,147.946000,147.998000,147.946000,147.994000
1537787160,147.991000,147.999000,147.969000,147.992000
1537787220,147.993000,148.003000,147.989000,147.999000
1537787280,148.000000,148.000000,147.944000,147.948000
1537787340,147.949000,147.999000,147.949000,147.992000
1537787400,147.991000,147.994000,147.973000,147.982000
1537787460,147.980000,148.000000,147.977000,147.997000
1537787520,147.999000,148.007000,147.984000,147.984000
1537787580,147.986000,147.990000,147.978000,147.981000
1537787640,147.983000,147.987000,147.968000,147.973000
1537787700,147.977000,148.023000,147.977000,147.984000
1537787760,147.985000,147.992000,147.967000,147.973000
1537787820,147.975000,147.994000,147.975000,147.982000
1537787880,147.983000,147.983000,147.967000,147.968000
1537787940,147.967000,147.999000,147.967000,147.989000
1537788000,147.988000,147.997000,147.980000,147.981000
1537788060,147.982000,147.984000,147.963000,147.979000
1537788120,147.981000,148.013000,147.981000,148.002000
1537788180,148.001000,148.013000,147.982000,147.985000
1537788240,147.984000,147.984000,147.900000,147.910000
1537788300,147.912000,147.937000,147.910000,147.935000
1537788360,147.936000,147.969000,147.936000,147.958000
1537788420,147.957000,147.958000,147.945000,147.945000
1537788480,147.946000,147.955000,147.934000,147.939000
1537788540,147.940000,147.969000,147.937000,147.969000
1537788600,147.968000,148.002000,147.964000,147.980000
1537788660,147.979000,147.982000,147.948000,147.981000
1537788720,147.981000,147.981000,147.954000,147.957000
1537788780,147.957000,147.969000,147.947000,147.959000
1537788840,147.959000,147.967000,147.953000,147.967000
1537788900,147.967000,147.998000,147.967000,147.998000
1537788960,147.997000,148.000000,147.995000,147.997000
1537789020,147.994000,147.994000,147.948000,147.950000
1537789080,147.951000,147.974000,147.948000,147.967000
1537789140,147.968000,147.977000,147.968000,147.972000
1537789200,147.970000,147.970000,147.951000,147.964000
1537789260,147.964000,148.022000,147.963000,147.998000
1537789320,147.998000,148.002000,147.981000,147.994000
1537789380,147.996000,148.000000,147.994000,148.000000
1537789440,148.001000,148.048000,148.001000,148.034000
1537789500,148.030000,148.030000,148.001000,148.001000
1537789560,148.002000,148.006000,147.973000,147.989000
1537789620,147.992000,148.003000,147.984000,147.984000
1537789680,147.983000,147.999000,147.983000,147.989000
1537789740,147.990000,147.998000,147.983000,147.989000
1537789800,147.992000,147.993000,147.976000,147.979000
1537789860,147.980000,147.996000,147.980000,147.992000
1537789920,147.993000,148.009000,147.992000,148.001000
1537789980,148.004000,148.007000,147.991000,148.001000
1537790040,148.003000,148.010000,147.997000,148.010000
1537790100,148.010000,148.010000,147.999000,148.007000
1537790160,148.007000,148.035000,148.007000,148.034000
1537790220,148.035000,148.085000,148.035000,148.075000
1537790280,148.076000,148.079000,148.066000,148.066000
1537790340,148.066000,148.074000,148.055000,148.065000
1537790400,148.062000,148.071000,148.054000,148.071000
1537790460,148.068000,148.082000,148.055000,148.081000
1537790520,148.080000,148.123000,148.080000,148.121000
1537790580,148.118000,148.118000,148.093000,148.100000
1537790640,148.101000,148.178000,148.100000,148.126000
1537790700,148.126000,148.150000,148.126000,148.148000
1537790760,148.148000,148.177000,148.144000,148.144000
1537790820,148.144000,148.187000,148.143000,148.187000
1537790880,148.186000,148.196000,148.176000,148.176000
1537790940,148.176000,148.180000,148.164000,148.178000
1537791000,148.176000,148.197000,148.156000,148.157000
1537791060,148.157000,148.188000,148.156000,148.171000
1537791120,148.171000,148.171000,148.148000,148.158000
1537791180,148.157000,148.162000,148.146000,148.146000
1537791240,148.146000,148.179000,148.146000,148.176000
1537791300,148.178000,148.181000,148.162000,148.168000
1537791360,148.167000,148.169000,148.153000,148.153000
1537791420,148.154000,148.174000,148.153000,148.173000
1537791480,148.179000,148.213000,148.179000,148.191000
1537791540,148.192000,148.198000,148.170000,148.174000
1537791600,148.175000,148.178000,148.164000,148.166000
1537791660,148.169000,148.169000,148.133000,148.148000
1537791720,148.146000,148.183000,148.126000,148.137000
1537791780,148.135000,148.138000,148.117000,148.119000
1537791840,148.118000,148.155000,148.115000,148.150000
1537791900,148.152000,148.171000,148.152000,148.166000
1537791960,148.166000,148.190000,148.164000,148.174000
1537792020,148.174000,148.174000,148.159000,148.160000
1537792080,148.160000,148.179000,148.160000,148.179000
1537792140,148.179000,148.196000,148.174000,148.179000
1537792200,148.182000,148.190000,148.182000,148.190000
1537792260,148.190000,148.207000,148.187000,148.188000
1537792320,148.190000,148.191000,148.151000,148.152000
1537792380,148.152000,148.154000,148.072000,148.077000
1537792440,148.076000,148.084000,148.058000,148.067000
1537792500,148.067000,148.096000,148.066000,148.093000
1537792560,148.093000,148.102000,148.083000,148.085000
1537792620,148.085000,148.130000,148.085000,148.092000
1537792680,148.097000,148.137000,148.091000,148.137000
1537792740,148.137000,148.141000,148.116000,148.126000
1537792800,148.128000,148.135000,148.120000,148.122000
1537792860,148.123000,148.149000,148.120000,148.149000
1537792920,148.148000,148.172000,148.142000,148.157000
1537792980,148.155000,148.157000,148.096000,148.108000
1537793040,148.107000,148.107000,148.051000,148.051000
1537793100,148.052000,148.063000,148.030000,148.031000
1537793160,148.032000,148.039000,148.010000,148.017000
1537793220,148.014000,148.053000,148.002000,148.022000
1537793280,148.019000,148.033000,147.999000,148.010000
1537793340,148.009000,148.014000,148.003000,148.003000
1537793400,148.006000,148.006000,147.989000,147.990000
1537793460,147.989000,148.012000,147.987000,148.009000
1537793520,148.012000,148.021000,148.004000,148.010000
1537793580,148.009000,148.022000,148.000000,148.022000
1537793640,148.022000,148.031000,148.012000,148.026000
1537793700,148.027000,148.034000,148.026000,148.033000
1537793760,148.031000,148.031000,148.001000,148.003000
1537793820,148.003000,148.036000,148.003000,148.036000
1537793880,148.033000,148.042000,148.021000,148.030000
1537793940,148.030000,148.044000,147.988000,147.990000
1537794000,147.991000,148.020000,147.986000,147.994000
1537794060,147.994000,148.017000,147.991000,148.011000
1537794120,148.010000,148.055000,148.000000,148.051000
1537794180,148.053000,148.183000,148.051000,148.179000
1537794240,148.183000,148.250000,148.183000,148.191000
1537794300,148.194000,148.212000,148.083000,148.088000
1537794360,148.096000,148.158000,148.096000,148.129000
1537794420,148.130000,148.189000,148.112000,148.189000
1537794480,148.190000,148.221000,148.166000,148.182000
1537794540,148.190000,148.240000,148.182000,148.240000
1537794600,148.232000,148.256000,148.225000,148.232000
1537794660,148.231000,148.236000,148.203000,148.230000
1537794720,148.229000,148.251000,148.216000,148.241000
1537794780,148.252000,148.284000,148.231000,148.232000
1537794840,148.233000,148.254000,148.211000,148.246000
1537794900,148.248000,148.301000,148.237000,148.260000
1537794960,148.262000,148.262000,148.231000,148.231000
1537795020,148.231000,148.258000,148.223000,148.248000
1537795080,148.247000,148.259000,148.233000,148.259000
1537795140,148.260000,148.260000,148.226000,148.236000
1537795200,148.234000,148.261000,148.233000,148.259000
1537795260,148.259000,148.267000,148.222000,148.240000
1537795320,148.239000,148.266000,148.227000,148.253000
1537795380,148.254000,148.279000,148.202000,148.206000
1537795440,148.205000,148.235000,148.196000,148.212000
1537795500,148.213000,148.225000,148.175000,148.176000
1537795560,148.176000,148.193000,148.157000,148.173000
1537795620,148.177000,148.192000,148.159000,148.191000
1537795680,148.191000,148.241000,148.191000,148.241000
1537795740,148.238000,148.245000,148.200000,148.210000
1537795800,148.210000,148.231000,148.193000,148.199000
1537795860,148.199000,148.204000,148.163000,148.163000
1537795920,148.163000,148.163000,147.999000,148.007000
1537795980,148.007000,148.027000,147.997000,148.010000
1537796040,148.011000,148.020000,148.001000,148.011000
1537796100,148.010000,148.039000,147.998000,148.025000
1537796160,148.028000,148.049000,148.015000,148.042000
1537796220,148.042000,148.052000,148.037000,148.037000
1537796280,148.039000,148.043000,148.018000,148.038000
1537796340,148.039000,148.064000,148.039000,148.062000
1537796400,148.062000,148.096000,148.062000,148.072000
1537796460,148.073000,148.098000,148.071000,148.088000
1537796520,148.090000,148.118000,148.089000,148.098000
1537796580,148.096000,148.098000,148.074000,148.074000
1537796640,148.073000,148.095000,148.051000,148.056000
1537796700,148.058000,148.073000,148.058000,148.064000
1537796760,148.065000,148.071000,148.062000,148.069000
1537796820,148.067000,148.067000,148.040000,148.040000
1537796880,148.038000,148.047000,147.997000,147.999000
1537796940,148.001000,148.013000,147.971000,147.980000
1537797000,147.978000,148.000000,147.978000,148.000000
1537797060,148.006000,148.029000,148.006000,148.022000
1537797120,148.019000,148.048000,148.019000,148.048000
1537797180,148.048000,148.052000,148.032000,148.032000
1537797240,148.031000,148.031000,147.967000,147.972000
1537797300,147.971000,147.990000,147.955000,147.958000
1537797360,147.961000,147.968000,147.940000,147.968000
1537797420,147.967000,147.998000,147.962000,147.987000
1537797480,147.987000,147.990000,147.978000,147.981000
1537797540,147.984000,148.013000,147.976000,148.009000
1537797600,148.009000,148.016000,147.993000,147.993000
1537797660,147.995000,148.024000,147.995000,148.008000
1537797720,148.004000,148.023000,147.999000,148.001000
1537797780,148.003000,148.022000,147.984000,147.995000
1537797840,147.995000,147.998000,147.962000,147.978000
1537797900,147.979000,147.983000,147.964000,147.972000
1537797960,147.975000,147.981000,147.937000,147.972000
1537798020,147.972000,147.978000,147.935000,147.943000
1537798080,147.946000,147.961000,147.930000,147.935000
1537798140,147.935000,147.935000,147.903000,147.912000
1537798200,147.915000,147.938000,147.886000,147.890000
1537798260,147.891000,147.927000,147.814000,147.838000
1537798320,147.838000,147.868000,147.820000,147.862000
1537798380,147.862000,147.876000,147.855000,147.856000
1537798440,147.859000,147.898000,147.859000,147.895000
1537798500,147.898000,147.898000,147.877000,147.892000
1537798560,147.890000,147.909000,147.876000,147.879000
1537798620,147.882000,147.895000,147.866000,147.890000
1537798680,147.889000,147.889000,147.819000,147.828000
1537798740,147.830000,147.845000,147.819000,147.819000
1537798800,147.819000,147.852000,147.816000,147.846000
1537798860,147.847000,147.850000,147.834000,147.834000
1537798920,147.832000,147.851000,147.817000,147.840000
1537798980,147.841000,147.841000,147.806000,147.814000
1537799040,147.812000,147.813000,147.795000,147.799000
1537799100,147.799000,147.808000,147.788000,147.808000
1537799160,147.810000,147.846000,147.810000,147.834000
1537799220,147.834000,147.834000,147.794000,147.800000
1537799280,147.800000,147.823000,147.786000,147.810000
1537799340,147.811000,147.835000,147.795000,147.835000
1537799400,147.833000,147.871000,147.831000,147.860000
1537799460,147.860000,147.871000,147.859000,147.867000
1537799520,147.864000,147.887000,147.854000,147.855000
1537799580,147.854000,147.856000,147.814000,147.837000
1537799640,147.838000,147.863000,147.829000,147.848000
1537799700,147.850000,147.874000,147.849000,147.874000
1537799760,147.876000,147.897000,147.854000,147.858000
1537799820,147.858000,147.863000,147.827000,147.829000
1537799880,147.831000,147.831000,147.618000,147.742000
1537799940,147.734000,147.779000,147.679000,147.680000
1537800000,147.682000,147.728000,147.652000,147.726000
1537800060,147.724000,147.778000,147.718000,147.759000
1537800120,147.758000,147.759000,147.711000,147.727000
1537800180,147.727000,147.733000,147.711000,147.718000
1537800240,147.719000,147.742000,147.717000,147.717000
1537800300,147.719000,147.735000,147.697000,147.717000
1537800360,147.717000,147.784000,147.704000,147.784000
1537800420,147.785000,147.791000,147.740000,147.768000
1537800480,147.769000,147.769000,147.715000,147.716000
1537800540,147.716000,147.721000,147.673000,147.686000
1537800600,147.686000,147.735000,147.682000,147.711000
1537800660,147.710000,147.733000,147.695000,147.730000
1537800720,147.728000,147.737000,147.709000,147.729000
1537800780,147.732000,147.781000,147.732000,147.773000
1537800840,147.774000,147.774000,147.706000,147.714000
1537800900,147.713000,147.770000,147.707000,147.733000
1537800960,147.729000,147.782000,147.725000,147.766000
1537801020,147.766000,147.837000,147.762000,147.837000
1537801080,147.843000,147.879000,147.824000,147.870000
1537801140,147.870000,147.889000,147.851000,147.854000
1537801200,147.854000,147.887000,147.853000,147.872000
1537801260,147.873000,147.906000,147.865000,147.879000
1537801320,147.877000,147.954000,147.877000,147.904000
1537801380,147.903000,147.903000,147.849000,147.859000
1537801440,147.858000,147.906000,147.853000,147.880000
1537801500,147.877000,147.881000,147.849000,147.851000
1537801560,147.849000,147.849000,147.822000,147.834000
1537801620,147.833000,147.856000,147.832000,147.849000
1537801680,147.848000,147.858000,147.828000,147.828000
1537801740,147.826000,147.834000,147.811000,147.831000
1537801800,147.828000,147.828000,147.800000,147.814000
1537801860,147.819000,147.830000,147.810000,147.812000
1537801920,147.814000,147.834000,147.806000,147.834000
1537801980,147.832000,147.851000,147.824000,147.837000
1537802040,147.838000,147.875000,147.838000,147.863000
1537802100,147.867000,147.903000,147.867000,147.888000
1537802160,147.891000,147.901000,147.871000,147.873000
1537802220,147.875000,147.878000,147.851000,147.851000
1537802280,147.851000,147.862000,147.847000,147.857000
1537802340,147.857000,147.881000,147.847000,147.879000
1537802400,147.879000,147.885000,147.856000,147.866000
1537802460,147.866000,147.909000,147.859000,147.908000
1537802520,147.908000,147.908000,147.889000,147.896000
1537802580,147.897000,147.899000,147.888000,147.894000
1537802640,147.897000,147.919000,147.889000,147.911000
1537802700,147.911000,147.950000,147.901000,147.949000
1537802760,147.946000,147.954000,147.927000,147.941000
1537802820,147.941000,147.967000,147.941000,147.962000
1537802880,147.963000,147.968000,147.922000,147.934000
1537802940,147.936000,147.949000,147.928000,147.935000
1537803000,147.930000,147.930000,147.912000,147.919000
1537803060,147.919000,147.921000,147.887000,147.896000
1537803120,147.896000,147.905000,147.883000,147.905000
1537803180,147.906000,147.911000,147.893000,147.899000
1537803240,147.898000,147.909000,147.897000,147.900000
1537803300,147.902000,147.908000,147.895000,147.908000
1537803360,147.908000,147.908000,147.882000,147.882000
1537803420,147.883000,147.888000,147.741000,147.799000
1537803480,147.799000,147.822000,147.787000,147.808000
1537803540,147.806000,147.806000,147.764000,147.783000
1537803600,147.785000,147.800000,147.778000,147.793000
1537803660,147.793000,147.842000,147.793000,147.839000
1537803720,147.839000,147.844000,147.802000,147.807000
1537803780,147.813000,147.827000,147.774000,147.774000
1537803840,147.774000,147.821000,147.774000,147.821000
1537803900,147.817000,147.837000,147.814000,147.822000
1537803960,147.825000,147.852000,147.823000,147.837000
1537804020,147.836000,147.866000,147.834000,147.852000
1537804080,147.854000,147.867000,147.847000,147.860000
1537804140,147.863000,147.863000,147.836000,147.838000
1537804200,147.841000,147.847000,147.786000,147.799000
1537804260,147.800000,147.818000,147.800000,147.817000
1537804320,147.817000,147.828000,147.782000,147.796000
1537804380,147.799000,147.815000,147.797000,147.797000
1537804440,147.799000,147.823000,147.784000,147.821000
1537804500,147.821000,147.860000,147.821000,147.859000
1537804560,147.860000,147.870000,147.847000,147.856000
1537804620,147.853000,147.859000,147.853000,147.853000
1537804680,147.853000,147.859000,147.843000,147.847000
1537804740,147.842000,147.857000,147.836000,147.854000
1537804800,147.852000,147.859000,147.837000,147.858000
1537804860,147.857000,147.869000,147.843000,147.869000
1537804920,147.868000,147.893000,147.864000,147.890000
1537804980,147.892000,147.913000,147.880000,147.880000
1537805040,147.883000,147.887000,147.875000,147.880000
1537805100,147.884000,147.886000,147.852000,147.852000
1537805160,147.854000,147.857000,147.841000,147.841000
1537805220,147.842000,147.842000,147.808000,147.818000
1537805280,147.814000,147.819000,147.800000,147.806000
1537805340,147.806000,147.810000,147.790000,147.806000
1537805400,147.810000,147.825000,147.806000,147.817000
1537805460,147.817000,147.826000,147.808000,147.821000
1537805520,147.818000,147.837000,147.818000,147.829000
1537805580,147.829000,147.831000,147.812000,147.812000
1537805640,147.812000,147.818000,147.801000,147.804000
1537805700,147.804000,147.806000,147.783000,147.783000
1537805760,147.784000,147.784000,147.767000,147.767000
1537805820,147.766000,147.778000,147.759000,147.778000
1537805880,147.781000,147.782000,147.776000,147.779000
1537805940,147.779000,147.779000,147.762000,147.778000
1537806000,147.781000,147.785000,147.780000,147.780000
1537806060,147.778000,147.778000,147.775000,147.777000
1537806120,147.781000,147.783000,147.776000,147.776000
1537806180,147.778000,147.792000,147.768000,147.768000
1537806240,147.769000,147.777000,147.769000,147.770000
1537806300,147.773000,147.776000,147.757000,147.757000
1537806360,147.754000,147.758000,147.736000,147.740000
1537806420,147.741000,147.745000,147.737000,147.743000
1537806480,147.748000,147.751000,147.743000,147.748000
1537806540,147.749000,147.752000,147.739000,147.744000
1537806600,147.743000,147.755000,147.742000,147.755000
1537806660,147.756000,147.758000,147.752000,147.752000
1537806720,147.752000,147.769000,147.752000,147.764000
1537806780,147.764000,147.764000,147.748000,147.750000
1537806840,147.752000,147.756000,147.750000,147.756000
1537806900,147.756000,147.764000,147.753000,147.764000
1537806960,147.763000,147.772000,147.762000,147.772000
1537807020,147.775000,147.780000,147.773000,147.775000
1537807080,147.772000,147.782000,147.767000,147.768000
1537807140,147.774000,147.774000,147.764000,147.772000
1537807200,147.772000,147.780000,147.770000,147.779000
1537807260,147.777000,147.781000,147.774000,147.776000
1537807320,147.774000,147.816000,147.774000,147.803000
1537807380,147.807000,147.824000,147.799000,147.824000
1537807440,147.824000,147.835000,147.815000,147.835000
1537807500,147.835000,147.843000,147.829000,147.830000
1537807560,147.833000,147.848000,147.833000,147.846000
1537807620,147.843000,147.879000,147.841000,147.867000
1537807680,147.862000,147.871000,147.847000,147.848000
1537807740,147.849000,147.864000,147.844000,147.863000
1537807800,147.864000,147.872000,147.862000,147.866000
1537807860,147.866000,147.869000,147.846000,147.856000
1537807920,147.856000,147.883000,147.856000,147.882000
1537807980,147.882000,147.883000,147.859000,147.861000
1537808040,147.862000,147.864000,147.843000,147.848000
1537808100,147.848000,147.850000,147.838000,147.847000
1537808160,147.847000,147.862000,147.841000,147.847000
1537808220,147.847000,147.848000,147.843000,147.848000
1537808280,147.848000,147.848000,147.825000,147.830000
1537808340,147.830000,147.851000,147.830000,147.839000
1537808400,147.839000,147.839000,147.807000,147.809000
1537808460,147.809000,147.823000,147.789000,147.789000
1537808520,147.788000,147.788000,147.772000,147.774000
1537808580,147.773000,147.775000,147.755000,147.756000
1537808640,147.757000,147.774000,147.738000,147.770000
1537808700,147.770000,147.796000,147.765000,147.796000
1537808760,147.798000,147.805000,147.795000,147.804000
1537808820,147.804000,147.807000,147.776000,147.789000
1537808880,147.790000,147.799000,147.768000,147.770000
1537808940,147.771000,147.784000,147.751000,147.765000
1537809000,147.766000,147.767000,147.751000,147.752000
1537809060,147.753000,147.785000,147.751000,147.767000
1537809120,147.765000,147.772000,147.762000,147.772000
1537809180,147.773000,147.790000,147.773000,147.786000
1537809240,147.787000,147.787000,147.755000,147.759000
1537809300,147.761000,147.765000,147.747000,147.751000
1537809360,147.753000,147.753000,147.741000,147.750000
1537809420,147.751000,147.770000,147.750000,147.763000
1537809480,147.766000,147.771000,147.763000,147.763000
1537809540,147.763000,147.769000,147.762000,147.769000
1537809600,147.769000,147.795000,147.769000,147.795000
1537809660,147.798000,147.799000,147.768000,147.784000
1537809720,147.782000,147.800000,147.782000,147.799000
1537809780,147.799000,147.815000,147.793000,147.815000
1537809840,147.815000,147.815000,147.800000,147.800000
1537809900,147.800000,147.806000,147.796000,147.806000
1537809960,147.806000,147.812000,147.798000,147.800000
1537810020,147.803000,147.803000,147.785000,147.785000
1537810080,147.785000,147.785000,147.760000,147.761000
1537810140,147.762000,147.777000,147.762000,147.774000
1537810200,147.774000,147.803000,147.774000,147.797000
1537810260,147.798000,147.825000,147.796000,147.808000
1537810320,147.808000,147.808000,147.801000,147.805000
1537810380,147.811000,147.811000,147.803000,147.806000
1537810440,147.806000,147.825000,147.806000,147.819000
1537810500,147.820000,147.831000,147.816000,147.819000
1537810560,147.819000,147.819000,147.803000,147.812000
1537810620,147.811000,147.815000,147.807000,147.815000
1537810680,147.815000,147.825000,147.813000,147.818000
1537810740,147.818000,147.821000,147.809000,147.821000
1537810800,147.821000,147.840000,147.811000,147.834000
1537810860,147.833000,147.845000,147.833000,147.845000
1537810920,147.847000,147.850000,147.840000,147.840000
1537810980,147.840000,147.861000,147.840000,147.859000
1537811040,147.858000,147.903000,147.852000,147.903000
1537811100,147.902000,147.919000,147.893000,147.893000
1537811160,147.894000,147.902000,147.889000,147.892000
1537811220,147.892000,147.907000,147.892000,147.893000
1537811280,147.895000,147.898000,147.881000,147.892000
1537811340,147.889000,147.897000,147.879000,147.879000
1537811400,147.882000,147.897000,147.878000,147.894000
1537811460,147.894000,147.911000,147.892000,147.902000
1537811520,147.902000,147.902000,147.890000,147.890000
1537811580,147.890000,147.916000,147.889000,147.902000
1537811640,147.903000,147.903000,147.875000,147.879000
1537811700,147.878000,147.901000,147.870000,147.897000
1537811760,147.900000,147.913000,147.898000,147.898000
1537811820,147.896000,147.907000,147.890000,147.895000
1537811880,147.900000,147.913000,147.897000,147.905000
1537811940,147.907000,147.916000,147.900000,147.903000
1537812000,147.903000,147.930000,147.903000,147.930000
1537812060,147.927000,147.937000,147.922000,147.932000
1537812120,147.938000,147.938000,147.906000,147.906000
1537812180,147.906000,147.913000,147.895000,147.911000
1537812240,147.911000,147.918000,147.907000,147.907000
1537812300,147.910000,147.925000,147.908000,147.921000
1537812360,147.923000,147.928000,147.917000,147.919000
1537812420,147.917000,147.920000,147.913000,147.914000
1537812480,147.911000,147.917000,147.905000,147.917000
1537812540,147.919000,147.919000,147.915000,147.915000
1537812600,147.915000,147.918000,147.910000,147.910000
1537812660,147.911000,147.911000,147.903000,147.907000
1537812720,147.907000,147.908000,147.900000,147.903000
1537812780,147.903000,147.911000,147.900000,147.907000
1537812840,147.908000,147.917000,147.908000,147.912000
1537812900,147.909000,147.914000,147.901000,147.914000
1537812960,147.915000,147.917000,147.900000,147.906000
1537813020,147.904000,147.906000,147.890000,147.897000
1537813080,147.897000,147.913000,147.897000,147.913000
1537813140,147.913000,147.926000,147.913000,147.926000
1537813200,147.926000,147.958000,147.926000,147.958000
1537813260,147.958000,147.964000,147.949000,147.960000
1537813320,147.961000,147.965000,147.956000,147.956000
1537813380,147.958000,147.967000,147.956000,147.956000
1537813440,147.956000,147.966000,147.950000,147.966000
1537813500,147.963000,147.969000,147.958000,147.969000
1537813560,147.969000,147.979000,147.969000,147.979000
1537813620,147.979000,147.981000,147.969000,147.970000
1537813680,147.970000,147.972000,147.970000,147.972000
1537813740,147.972000,147.972000,147.942000,147.942000
1537813800,147.943000,147.957000,147.942000,147.946000
1537813860,147.946000,147.946000,147.937000,147.942000
1537813920,147.942000,147.950000,147.937000,147.937000
1537813980,147.937000,147.941000,147.914000,147.915000
1537814040,147.913000,147.917000,147.906000,147.908000
1537814100,147.905000,147.923000,147.905000,147.918000
1537814160,147.918000,147.935000,147.915000,147.932000
1537814220,147.932000,147.944000,147.929000,147.944000
1537814280,147.944000,147.944000,147.939000,147.939000
1537814340,147.939000,147.940000,147.934000,147.937000
1537814400,147.937000,147.937000,147.906000,147.909000
1537814460,147.909000,147.922000,147.909000,147.921000
1537814520,147.922000,147.922000,147.919000,147.921000
1537814580,147.919000,147.919000,147.889000,147.889000
1537814640,147.889000,147.897000,147.886000,147.897000
1537814700,147.897000,147.897000,147.888000,147.888000
1537814760,147.888000,147.899000,147.888000,147.899000
1537814820,147.899000,147.902000,147.894000,147.896000
1537814880,147.896000,147.896000,147.870000,147.870000
1537814940,147.873000,147.881000,147.873000,147.881000
1537815000,147.881000,147.881000,147.873000,147.879000
1537815060,147.879000,147.879000,147.879000,147.879000
1537815120,147.877000,147.881000,147.874000,147.881000
1537815180,147.881000,147.881000,147.871000,147.880000
1537815240,147.880000,147.880000,147.869000,147.870000
1537815300,147.870000,147.870000,147.867000,147.867000
1537815360,147.863000,147.865000,147.846000,147.852000
1537815420,147.856000,147.866000,147.856000,147.864000
1537815480,147.861000,147.865000,147.858000,147.863000
1537815540,147.868000,147.871000,147.846000,147.852000
1537815600,147.854000,147.858000,147.847000,147.850000
1537815660,147.854000,147.860000,147.851000,147.858000
1537815720,147.860000,147.860000,147.857000,147.858000
1537815780,147.859000,147.859000,147.856000,147.856000
1537815840,147.856000,147.860000,147.852000,147.860000
1537815900,147.862000,147.869000,147.855000,147.868000
1537815960,147.860000,147.868000,147.858000,147.868000
1537816020,147.867000,147.876000,147.865000,147.872000
1537816080,147.871000,147.874000,147.871000,147.873000
1537816140,147.873000,147.873000,147.873000,147.873000
1537816200,147.875000,147.881000,147.875000,147.878000
1537816260,147.879000,147.881000,147.875000,147.879000
1537816320,147.879000,147.879000,147.846000,147.852000
1537816380,147.854000,147.856000,147.846000,147.853000
1537816440,147.856000,147.867000,147.856000,147.865000
1537816500,147.867000,147.873000,147.858000,147.858000
1537816560,147.861000,147.876000,147.861000,147.876000
1537816620,147.873000,147.877000,147.873000,147.875000
1537816680,147.875000,147.876000,147.861000,147.861000
1537816740,147.864000,147.877000,147.864000,147.870000
1537816800,147.873000,147.883000,147.857000,147.857000
1537816860,147.857000,147.873000,147.857000,147.868000
1537816920,147.869000,147.885000,147.869000,147.884000
1537816980,147.885000,147.885000,147.876000,147.876000
1537817040,147.876000,147.876000,147.876000,147.876000
1537817100,147.876000,147.876000,147.868000,147.868000
1537817160,147.868000,147.884000,147.868000,147.874000
1537817220,147.874000,147.890000,147.874000,147.882000
1537817280,147.884000,147.885000,147.876000,147.876000
1537817340,147.873000,147.885000,147.870000,147.885000
1537817400,147.885000,147.887000,147.874000,147.876000
1537817460,147.879000,147.879000,147.871000,147.874000
1537817520,147.876000,147.876000,147.863000,147.874000
1537817580,147.874000,147.884000,147.874000,147.881000
1537817640,147.881000,147.881000,147.875000,147.880000
1537817700,147.880000,147.892000,147.880000,147.885000
1537817760,147.885000,147.894000,147.883000,147.894000
1537817820,147.894000,147.895000,147.890000,147.890000
1537817880,147.892000,147.893000,147.882000,147.888000
1537817940,147.888000,147.895000,147.885000,147.895000
1537818000,147.895000,147.895000,147.885000,147.885000
1537818060,147.887000,147.895000,147.880000,147.895000
1537818120,147.892000,147.897000,147.885000,147.890000
1537818180,147.892000,147.892000,147.869000,147.872000
1537818240,147.873000,147.890000,147.873000,147.887000
1537818300,147.883000,147.889000,147.879000,147.889000
1537818360,147.891000,147.893000,147.870000,147.870000
1537818420,147.870000,147.884000,147.870000,147.884000
1537818480,147.884000,147.892000,147.882000,147.890000
1537818540,147.890000,147.890000,147.885000,147.885000
1537818600,147.883000,147.885000,147.871000,147.873000
1537818660,147.871000,147.871000,147.844000,147.852000
1537818720,147.852000,147.876000,147.852000,147.872000
1537818780,147.872000,147.872000,147.858000,147.858000
1537818840,147.858000,147.866000,147.837000,147.850000
1537818900,147.850000,147.857000,147.828000,147.857000
1537818960,147.857000,147.863000,147.841000,147.852000
1537819020,147.849000,147.851000,147.827000,147.850000
1537819080,147.851000,147.852000,147.827000,147.834000
1537819140,147.834000,147.856000,147.831000,147.851000
1537819200,147.848000,147.906000,147.848000,147.905000
1537819260,147.904000,147.906000,147.883000,147.887000
1537819320,147.887000,147.888000,147.885000,147.887000
1537819380,147.887000,147.896000,147.885000,147.896000
1537819440,147.892000,147.895000,147.888000,147.890000
1537819500,147.890000,147.898000,147.890000,147.898000
1537819560,147.898000,147.900000,147.896000,147.896000
1537819620,147.896000,147.900000,147.896000,147.900000
1537819680,147.901000,147.926000,147.901000,147.917000
1537819740,147.917000,147.917000,147.897000,147.908000
1537819800,147.908000,147.909000,147.904000,147.907000
1537819860,147.909000,147.909000,147.908000,147.908000
1537819920,147.912000,147.916000,147.912000,147.916000
1537819980,147.917000,147.926000,147.917000,147.925000
1537820040,147.926000,147.936000,147.925000,147.936000
1537820100,147.936000,147.936000,147.917000,147.917000
1537820160,147.917000,147.919000,147.917000,147.919000
1537820220,147.919000,147.923000,147.919000,147.923000
1537820280,147.921000,147.931000,147.921000,147.928000
1537820340,147.928000,147.934000,147.928000,147.934000
1537820400,147.933000,147.933000,147.931000,147.931000
1537820460,147.931000,147.931000,147.930000,147.931000
1537820520,147.931000,147.935000,147.931000,147.931000
1537820580,147.931000,147.936000,147.931000,147.931000
1537820640,147.931000,147.932000,147.927000,147.932000
1537820700,147.931000,147.931000,147.930000,147.931000
1537820760,147.929000,147.929000,147.924000,147.924000
1537820820,147.924000,147.924000,147.924000,147.924000
1537820880,147.924000,147.926000,147.908000,147.916000
1537820940,147.916000,147.921000,147.889000,147.894000
1537821000,147.893000,147.916000,147.893000,147.913000
1537821060,147.914000,147.915000,147.912000,147.914000
1537821120,147.914000,147.918000,147.914000,147.916000
1537821180,147.915000,147.915000,147.914000,147.915000
1537821240,147.915000,147.917000,147.907000,147.909000
1537821300,147.911000,147.915000,147.910000,147.912000
1537821360,147.912000,147.915000,147.907000,147.912000
1537821420,147.912000,147.917000,147.906000,147.915000
1537821480,147.913000,147.925000,147.913000,147.925000
1537821540,147.924000,147.931000,147.924000,147.927000
1537821600,147.928000,147.973000,147.928000,147.949000
1537821660,147.949000,147.954000,147.949000,147.951000
1537821720,147.953000,147.957000,147.950000,147.952000
1537821780,147.953000,147.953000,147.944000,147.945000
1537821840,147.946000,147.949000,147.927000,147.929000
1537821900,147.927000,147.957000,147.927000,147.944000
1537821960,147.943000,147.945000,147.929000,147.930000
1537822020,147.929000,147.934000,147.923000,147.929000
1537822080,147.930000,147.937000,147.920000,147.933000
1537822140,147.932000,147.932000,147.922000,147.932000
1537822200,147.932000,147.937000,147.928000,147.933000
1537822260,147.933000,147.944000,147.931000,147.935000
1537822320,147.932000,147.940000,147.932000,147.939000
1537822380,147.939000,147.951000,147.939000,147.951000
1537822440,147.952000,147.974000,147.949000,147.974000
1537822500,147.973000,147.979000,147.969000,147.973000
1537822560,147.974000,147.976000,147.956000,147.957000
1537822620,147.958000,147.978000,147.957000,147.959000
1537822680,147.958000,147.965000,147.958000,147.964000
1537822740,147.960000,147.970000,147.890000,147.911000
1537822800,147.930000,147.952000,147.900000,147.900000
1537822860,147.899000,147.926000,147.893000,147.926000
1537822920,147.894000,147.926000,147.892000,147.926000
1537822980,147.897000,147.926000,147.897000,147.898000
1537823040,147.926000,147.926000,147.891000,147.921000
1537823100,147.921000,147.922000,147.883000,147.895000
1537823160,147.897000,147.930000,147.809000,147.816000
1537823220,147.814000,147.834000,147.796000,147.831000
1537823280,147.820000,147.890000,147.820000,147.886000
1537823340,147.895000,147.924000,147.848000,147.912000
1537823400,147.916000,147.937000,147.867000,147.867000
1537823460,147.860000,147.942000,147.854000,147.914000
1537823520,147.921000,147.942000,147.887000,147.939000
1537823580,147.933000,147.940000,147.892000,147.916000
1537823640,147.930000,147.940000,147.903000,147.916000
1537823700,147.933000,147.939000,147.910000,147.922000
1537823760,147.930000,147.936000,147.909000,147.922000
1537823820,147.919000,147.934000,147.915000,147.919000
1537823880,147.921000,147.947000,147.919000,147.947000
1537823940,147.949000,147.954000,147.949000,147.954000
1537824000,147.954000,147.962000,147.911000,147.914000
1537824060,147.914000,147.914000,147.879000,147.881000
1537824120,147.881000,147.884000,147.862000,147.883000
1537824180,147.891000,147.895000,147.885000,147.891000
1537824240,147.884000,147.894000,147.865000,147.893000
1537824300,147.892000,147.897000,147.892000,147.895000
1537824360,147.892000,147.892000,147.852000,147.863000
1537824420,147.864000,147.881000,147.863000,147.880000
1537824480,147.885000,147.885000,147.885000,147.885000
1537824540,147.890000,147.891000,147.888000,147.891000
1537824600,147.889000,147.935000,147.882000,147.931000
1537824660,147.932000,147.941000,147.883000,147.883000
1537824720,147.891000,147.921000,147.871000,147.898000
1537824780,147.894000,147.894000,147.858000,147.884000
1537824840,147.883000,147.938000,147.871000,147.904000
1537824900,147.909000,147.909000,147.887000,147.898000
1537824960,147.896000,147.915000,147.896000,147.912000
1537825020,147.909000,147.918000,147.906000,147.914000
1537825080,147.916000,147.933000,147.910000,147.926000
1537825140,147.911000,147.937000,147.910000,147.934000
1537825200,147.931000,147.936000,147.900000,147.930000
1537825260,147.933000,147.940000,147.926000,147.938000
1537825320,147.935000,147.935000,147.908000,147.925000
1537825380,147.921000,147.937000,147.921000,147.934000
1537825440,147.936000,147.936000,147.921000,147.923000
1537825500,147.926000,147.941000,147.922000,147.938000
1537825560,147.934000,147.939000,147.930000,147.937000
1537825620,147.933000,147.938000,147.922000,147.932000
1537825680,147.929000,147.946000,147.926000,147.942000
1537825740,147.936000,147.942000,147.934000,147.941000
1537825800,147.938000,147.942000,147.921000,147.923000
1537825860,147.928000,147.942000,147.928000,147.936000
1537825920,147.941000,147.943000,147.925000,147.935000
1537825980,147.932000,147.941000,147.916000,147.941000
1537826040,147.944000,147.945000,147.935000,147.945000
1537826100,147.942000,147.944000,147.933000,147.938000
1537826160,147.940000,147.941000,147.936000,147.938000
1537826220,147.941000,147.943000,147.934000,147.940000
1537826280,147.942000,147.944000,147.936000,147.943000
1537826340,147.940000,147.948000,147.936000,147.936000
1537826400,147.934000,147.953000,147.899000,147.936000
1537826460,147.935000,147.935000,147.922000,147.931000
1537826520,147.929000,147.929000,147.922000,147.928000
1537826580,147.931000,147.935000,147.929000,147.932000
1537826640,147.934000,147.937000,147.921000,147.923000
1537826700,147.923000,147.935000,147.917000,147.926000
1537826760,147.926000,147.929000,147.915000,147.929000
1537826820,147.930000,147.934000,147.918000,147.919000
1537826880,147.922000,147.926000,147.917000,147.917000
1537826940,147.916000,147.924000,147.914000,147.914000
1537827000,147.915000,147.923000,147.911000,147.921000
1537827060,147.922000,147.925000,147.912000,147.920000
1537827120,147.921000,147.927000,147.913000,147.927000
1537827180,147.928000,147.949000,147.924000,147.949000
1537827240,147.950000,147.959000,147.949000,147.949000
1537827300,147.951000,147.957000,147.931000,147.938000
1537827360,147.939000,147.940000,147.931000,147.933000
1537827420,147.933000,147.933000,147.922000,147.926000
1537827480,147.925000,147.927000,147.925000,147.927000
1537827540,147.926000,147.931000,147.922000,147.923000
1537827600,147.922000,147.924000,147.913000,147.916000
1537827660,147.917000,147.926000,147.914000,147.915000
1537827720,147.914000,147.923000,147.913000,147.921000
1537827780,147.918000,147.928000,147.918000,147.919000
1537827840,147.919000,147.938000,147.919000,147.938000
1537827900,147.938000,147.938000,147.920000,147.921000
1537827960,147.924000,147.924000,147.924000,147.924000
1537828020,147.924000,147.929000,147.923000,147.923000
1537828080,147.925000,147.932000,147.922000,147.925000
1537828140,147.925000,147.925000,147.925000,147.925000
1537828200,147.928000,147.928000,147.928000,147.928000
1537828260,147.924000,147.925000,147.922000,147.925000
1537828320,147.927000,147.932000,147.927000,147.932000
1537828380,147.934000,147.937000,147.930000,147.937000
1537828440,147.936000,147.938000,147.926000,147.926000
1537828500,147.926000,147.929000,147.923000,147.928000
1537828560,147.925000,147.930000,147.925000,147.928000
1537828620,147.928000,147.928000,147.928000,147.928000
1537828680,147.928000,147.928000,147.928000,147.928000
1537828740,147.927000,147.930000,147.927000,147.930000
1537828800,147.915000,147.918000,147.903000,147.903000
1537828860,147.902000,147.903000,147.900000,147.903000
1537828920,147.903000,147.910000,147.903000,147.909000
1537828980,147.912000,147.924000,147.911000,147.922000
1537829040,147.919000,147.920000,147.909000,147.915000
1537829100,147.915000,147.917000,147.915000,147.916000
1537829160,147.918000,147.921000,147.918000,147.921000
1537829220,147.921000,147.922000,147.919000,147.922000
1537829280,147.922000,147.926000,147.920000,147.926000
1537829340,147.927000,147.931000,147.927000,147.931000
1537829400,147.933000,147.933000,147.930000,147.932000
1537829460,147.932000,147.935000,147.929000,147.935000
1537829520,147.935000,147.936000,147.932000,147.932000
1537829580,147.932000,147.932000,147.926000,147.932000
1537829640,147.932000,147.937000,147.932000,147.937000
1537829700,147.937000,147.940000,147.934000,147.938000
1537829760,147.935000,147.935000,147.923000,147.924000
1537829820,147.924000,147.927000,147.921000,147.923000
1537829880,147.920000,147.928000,147.920000,147.928000
1537829940,147.931000,147.937000,147.928000,147.931000
1537830000,147.931000,147.933000,147.928000,147.933000
1537830060,147.936000,147.945000,147.936000,147.938000
1537830120,147.938000,147.938000,147.931000,147.931000
1537830180,147.929000,147.929000,147.929000,147.929000
1537830240,147.931000,147.939000,147.910000,147.910000
1537830300,147.911000,147.915000,147.911000,147.914000
1537830360,147.916000,147.916000,147.910000,147.910000
1537830420,147.907000,147.907000,147.905000,147.905000
1537830480,147.905000,147.915000,147.905000,147.914000
1537830540,147.916000,147.917000,147.914000,147.917000
1537830600,147.914000,147.922000,147.911000,147.917000
1537830660,147.917000,147.918000,147.914000,147.915000
1537830720,147.916000,147.918000,147.915000,147.915000
1537830780,147.913000,147.920000,147.913000,147.919000
1537830840,147.918000,147.937000,147.913000,147.926000
1537830900,147.924000,147.935000,147.922000,147.935000
1537830960,147.934000,147.935000,147.930000,147.932000
1537831020,147.932000,147.932000,147.920000,147.920000
1537831080,147.921000,147.921000,147.919000,147.920000
1537831140,147.921000,147.925000,147.921000,147.925000
1537831200,147.924000,147.926000,147.923000,147.924000
1537831260,147.926000,147.927000,147.925000,147.925000
1537831320,147.926000,147.926000,147.917000,147.917000
1537831380,147.918000,147.922000,147.918000,147.922000
1537831440,147.921000,147.921000,147.919000,147.920000
1537831500,147.919000,147.920000,147.918000,147.920000
1537831560,147.919000,147.921000,147.919000,147.919000
1537831620,147.920000,147.920000,147.916000,147.917000
1537831680,147.916000,147.916000,147.909000,147.910000
1537831740,147.909000,147.909000,147.904000,147.905000
1537831800,147.905000,147.911000,147.905000,147.910000
1537831860,147.910000,147.932000,147.910000,147.930000
1537831920,147.929000,147.932000,147.925000,147.925000
1537831980,147.925000,147.926000,147.920000,147.921000
1537832040,147.920000,147.921000,147.917000,147.921000
1537832100,147.922000,147.922000,147.913000,147.921000
1537832160,147.921000,147.937000,147.921000,147.937000
1537832220,147.939000,147.955000,147.937000,147.946000
1537832280,147.947000,147.949000,147.940000,147.949000
1537832340,147.950000,147.958000,147.944000,147.949000
1537832400,147.951000,147.955000,147.943000,147.949000
1537832460,147.951000,147.995000,147.951000,147.976000
1537832520,147.977000,147.977000,147.964000,147.967000
1537832580,147.968000,147.972000,147.966000,147.966000
1537832640,147.963000,147.963000,147.960000,147.961000
1537832700,147.961000,147.976000,147.946000,147.949000
1537832760,147.951000,147.951000,147.936000,147.936000
1537832820,147.935000,147.935000,147.934000,147.935000
1537832880,147.935000,147.938000,147.929000,147.938000
1537832940,147.936000,147.936000,147.933000,147.933000
1537833000,147.934000,147.934000,147.913000,147.913000
1537833060,147.913000,147.917000,147.902000,147.916000
1537833120,147.914000,147.931000,147.912000,147.912000
1537833180,147.909000,147.921000,147.909000,147.917000
1537833240,147.917000,147.937000,147.912000,147.932000
1537833300,147.931000,147.940000,147.921000,147.929000
1537833360,147.928000,147.928000,147.911000,147.921000
1537833420,147.918000,147.921000,147.909000,147.910000
1537833480,147.911000,147.933000,147.910000,147.930000
1537833540,147.931000,147.931000,147.912000,147.922000
1537833600,147.916000,147.944000,147.916000,147.942000
1537833660,147.942000,147.942000,147.931000,147.939000
1537833720,147.942000,147.957000,147.934000,147.956000
1537833780,147.953000,147.955000,147.933000,147.933000
1537833840,147.934000,147.934000,147.923000,147.924000
1537833900,147.925000,147.935000,147.925000,147.927000
1537833960,147.924000,147.929000,147.918000,147.918000
1537834020,147.922000,147.936000,147.922000,147.936000
1537834080,147.933000,147.937000,147.928000,147.931000
1537834140,147.930000,147.930000,147.918000,147.918000
1537834200,147.919000,147.920000,147.908000,147.917000
1537834260,147.918000,147.922000,147.917000,147.917000
1537834320,147.915000,147.915000,147.884000,147.901000
1537834380,147.901000,147.902000,147.883000,147.887000
1537834440,147.889000,147.895000,147.880000,147.885000
1537834500,147.884000,147.890000,147.876000,147.876000
1537834560,147.878000,147.911000,147.878000,147.897000
1537834620,147.896000,147.907000,147.894000,147.905000
1537834680,147.904000,147.913000,147.900000,147.910000
1537834740,147.911000,147.919000,147.907000,147.912000
1537834800,147.911000,147.911000,147.891000,147.893000
1537834860,147.892000,147.902000,147.883000,147.892000
1537834920,147.894000,147.923000,147.891000,147.922000
1537834980,147.920000,147.924000,147.916000,147.917000
1537835040,147.916000,147.930000,147.905000,147.919000
1537835100,147.919000,147.943000,147.917000,147.943000
1537835160,147.940000,147.988000,147.937000,147.969000
1537835220,147.968000,147.981000,147.966000,147.981000
1537835280,147.983000,147.992000,147.972000,147.972000
1537835340,147.972000,147.997000,147.970000,147.992000
1537835400,147.986000,147.994000,147.969000,147.970000
1537835460,147.970000,147.980000,147.961000,147.975000
1537835520,147.977000,147.994000,147.970000,147.984000
1537835580,147.981000,147.998000,147.981000,147.990000
1537835640,147.988000,148.009000,147.988000,147.995000
1537835700,147.995000,148.017000,147.989000,148.016000
1537835760,148.016000,148.017000,147.987000,147.991000
1537835820,147.991000,148.006000,147.987000,148.002000
1537835880,148.002000,148.012000,148.002000,148.012000
1537835940,148.010000,148.010000,147.991000,148.002000
1537836000,148.002000,148.009000,147.999000,148.009000
1537836060,148.011000,148.034000,148.010000,148.010000
1537836120,148.008000,148.008000,148.002000,148.008000
1537836180,148.009000,148.015000,148.005000,148.010000
1537836240,148.012000,148.045000,148.012000,148.044000
1537836300,148.045000,148.045000,148.019000,148.027000
1537836360,148.024000,148.052000,148.022000,148.047000
1537836420,148.047000,148.081000,148.045000,148.081000
1537836480,148.080000,148.085000,148.075000,148.081000
1537836540,148.081000,148.082000,148.065000,148.066000
1537836600,148.065000,148.082000,148.063000,148.082000
1537836660,148.083000,148.103000,148.079000,148.093000
1537836720,148.094000,148.145000,148.093000,148.133000
1537836780,148.133000,148.150000,148.128000,148.133000
1537836840,148.132000,148.177000,148.130000,148.164000
1537836900,148.161000,148.161000,148.122000,148.134000
1537836960,148.134000,148.136000,148.092000,148.096000
1537837020,148.095000,148.095000,148.064000,148.065000
1537837080,148.065000,148.076000,148.059000,148.076000
1537837140,148.077000,148.077000,148.064000,148.065000
1537837200,148.064000,148.106000,148.062000,148.093000
1537837260,148.092000,148.099000,148.089000,148.096000
1537837320,148.093000,148.093000,148.084000,148.084000
1537837380,148.084000,148.084000,148.061000,148.071000
1537837440,148.073000,148.076000,148.063000,148.076000
1537837500,148.077000,148.078000,148.068000,148.078000
1537837560,148.078000,148.080000,148.075000,148.080000
1537837620,148.082000,148.082000,148.070000,148.070000
1537837680,148.072000,148.077000,148.066000,148.077000
1537837740,148.079000,148.079000,148.049000,148.062000
1537837800,148.062000,148.072000,148.062000,148.071000
1537837860,148.073000,148.080000,148.060000,148.060000
1537837920,148.060000,148.074000,148.059000,148.071000
1537837980,148.070000,148.088000,148.067000,148.079000
1537838040,148.079000,148.082000,148.078000,148.080000
1537838100,148.079000,148.088000,148.076000,148.076000
1537838160,148.076000,148.079000,148.069000,148.071000
1537838220,148.071000,148.071000,148.043000,148.044000
1537838280,148.044000,148.051000,148.036000,148.045000
1537838340,148.047000,148.053000,148.044000,148.048000
1537838400,148.049000,148.053000,148.041000,148.043000
1537838460,148.042000,148.042000,148.028000,148.029000
1537838520,148.030000,148.047000,148.028000,148.045000
1537838580,148.044000,148.047000,148.037000,148.047000
1537838640,148.048000,148.053000,148.046000,148.049000
1537838700,148.050000,148.056000,148.048000,148.050000
1537838760,148.051000,148.053000,148.041000,148.046000
1537838820,148.045000,148.045000,148.041000,148.043000
1537838880,148.043000,148.051000,148.041000,148.051000
1537838940,148.048000,148.072000,148.046000,148.071000
1537839000,148.072000,148.075000,148.061000,148.063000
1537839060,148.065000,148.066000,148.049000,148.049000
1537839120,148.048000,148.052000,148.041000,148.051000
1537839180,148.049000,148.051000,148.046000,148.051000
1537839240,148.053000,148.058000,148.047000,148.047000
1537839300,148.047000,148.066000,148.047000,148.066000
1537839360,148.067000,148.071000,148.064000,148.071000
1537839420,148.071000,148.071000,148.058000,148.058000
1537839480,148.058000,148.064000,148.058000,148.064000
1537839540,148.067000,148.068000,148.060000,148.068000
1537839600,148.068000,148.068000,148.061000,148.065000
1537839660,148.067000,148.078000,148.067000,148.078000
1537839720,148.077000,148.100000,148.066000,148.100000
1537839780,148.103000,148.111000,148.103000,148.107000
1537839840,148.105000,148.106000,148.091000,148.091000
1537839900,148.091000,148.091000,148.060000,148.060000
1537839960,148.059000,148.070000,148.041000,148.070000
1537840020,148.069000,148.080000,148.063000,148.079000
1537840080,148.076000,148.079000,148.071000,148.078000
1537840140,148.078000,148.080000,148.054000,148.055000
1537840200,148.054000,148.055000,148.032000,148.038000
1537840260,148.037000,148.040000,148.026000,148.026000
1537840320,148.026000,148.028000,147.974000,147.978000
1537840380,147.978000,147.985000,147.977000,147.978000
1537840440,147.978000,147.978000,147.943000,147.953000
1537840500,147.954000,147.957000,147.944000,147.954000
1537840560,147.954000,147.955000,147.884000,147.885000
1537840620,147.887000,147.934000,147.887000,147.927000
1537840680,147.924000,147.940000,147.919000,147.921000
1537840740,147.920000,147.933000,147.908000,147.914000
1537840800,147.914000,147.923000,147.902000,147.911000
1537840860,147.912000,147.919000,147.906000,147.906000
1537840920,147.903000,147.914000,147.897000,147.912000
1537840980,147.910000,147.934000,147.908000,147.929000
1537841040,147.930000,147.930000,147.903000,147.906000
1537841100,147.908000,147.930000,147.908000,147.916000
1537841160,147.916000,147.916000,147.895000,147.909000
1537841220,147.908000,147.918000,147.905000,147.917000
1537841280,147.917000,147.919000,147.914000,147.916000
1537841340,147.915000,147.916000,147.889000,147.902000
1537841400,147.901000,147.905000,147.883000,147.889000
1537841460,147.888000,147.890000,147.887000,147.890000
1537841520,147.889000,147.890000,147.858000,147.863000
1537841580,147.865000,147.896000,147.864000,147.890000
1537841640,147.891000,147.891000,147.878000,147.878000
1537841700,147.877000,147.882000,147.869000,147.882000
1537841760,147.884000,147.893000,147.884000,147.893000
1537841820,147.894000,147.894000,147.843000,147.869000
1537841880,147.869000,147.887000,147.869000,147.876000
1537841940,147.877000,147.899000,147.872000,147.897000
1537842000,147.896000,147.897000,147.871000,147.874000
1537842060,147.876000,147.881000,147.870000,147.877000
1537842120,147.879000,147.887000,147.879000,147.885000
1537842180,147.886000,147.896000,147.881000,147.896000
1537842240,147.896000,147.897000,147.883000,147.888000
1537842300,147.889000,147.889000,147.888000,147.888000
1537842360,147.890000,147.912000,147.887000,147.910000
1537842420,147.908000,147.909000,147.901000,147.909000
1537842480,147.911000,147.911000,147.906000,147.906000
1537842540,147.907000,147.917000,147.907000,147.910000
1537842600,147.910000,147.941000,147.905000,147.940000
1537842660,147.940000,147.943000,147.934000,147.943000
1537842720,147.941000,147.942000,147.939000,147.939000
1537842780,147.939000,147.943000,147.937000,147.941000
1537842840,147.941000,147.962000,147.941000,147.948000
1537842900,147.949000,147.957000,147.946000,147.953000
1537842960,147.951000,147.951000,147.934000,147.937000
1537843020,147.937000,147.937000,147.924000,147.924000
1537843080,147.925000,147.928000,147.920000,147.926000
1537843140,147.930000,147.930000,147.926000,147.926000
1537843200,147.928000,147.928000,147.928000,147.928000
1537843260,147.929000,147.936000,147.929000,147.936000
1537843320,147.936000,147.936000,147.919000,147.923000
1537843380,147.924000,147.930000,147.924000,147.929000
1537843440,147.930000,147.947000,147.930000,147.946000
1537843500,147.951000,147.956000,147.937000,147.937000
1537843560,147.937000,147.937000,147.935000,147.935000
1537843620,147.932000,147.932000,147.910000,147.919000
1537843680,147.919000,147.924000,147.919000,147.922000
1537843740,147.922000,147.922000,147.922000,147.922000
1537843800,147.920000,147.921000,147.920000,147.920000
1537843860,147.917000,147.917000,147.907000,147.907000
1537843920,147.908000,147.911000,147.898000,147.911000
1537843980,147.910000,147.910000,147.908000,147.908000
1537844040,147.907000,147.909000,147.906000,147.907000
1537844100,147.909000,147.916000,147.909000,147.909000
1537844160,147.909000,147.909000,147.896000,147.899000
1537844220,147.902000,147.904000,147.897000,147.897000
1537844280,147.899000,147.901000,147.872000,147.872000
1537844340,147.873000,147.888000,147.866000,147.887000
1537844400,147.886000,147.888000,147.884000,147.888000
1537844460,147.886000,147.886000,147.872000,147.878000
1537844520,147.875000,147.879000,147.873000,147.879000
1537844580,147.877000,147.885000,147.874000,147.885000
1537844640,147.886000,147.891000,147.885000,147.890000
1537844700,147.892000,147.895000,147.887000,147.895000
1537844760,147.894000,147.894000,147.883000,147.889000
1537844820,147.890000,147.891000,147.887000,147.887000
1537844880,147.887000,147.887000,147.880000,147.885000
1537844940,147.887000,147.887000,147.879000,147.880000
1537845000,147.879000,147.881000,147.879000,147.879000
1537845060,147.881000,147.881000,147.860000,147.870000
1537845120,147.871000,147.877000,147.870000,147.870000
1537845180,147.870000,147.871000,147.870000,147.870000
1537845240,147.871000,147.874000,147.870000,147.873000
1537845300,147.874000,147.875000,147.873000,147.873000
1537845360,147.874000,147.874000,147.874000,147.874000
1537845420,147.872000,147.874000,147.866000,147.870000
1537845480,147.871000,147.871000,147.860000,147.861000
1537845540,147.861000,147.861000,147.847000,147.849000
1537845600,147.850000,147.853000,147.845000,147.851000
1537845660,147.850000,147.850000,147.829000,147.830000
1537845720,147.830000,147.833000,147.824000,147.833000
1537845780,147.835000,147.837000,147.833000,147.837000
1537845840,147.836000,147.839000,147.826000,147.828000
1537845900,147.831000,147.837000,147.831000,147.837000
1537845960,147.839000,147.841000,147.838000,147.841000
1537846020,147.841000,147.850000,147.841000,147.842000
1537846080,147.843000,147.847000,147.841000,147.841000
1537846140,147.842000,147.842000,147.841000,147.841000
1537846200,147.838000,147.838000,147.818000,147.827000
1537846260,147.824000,147.830000,147.824000,147.830000
1537846320,147.830000,147.836000,147.828000,147.836000
1537846380,147.836000,147.838000,147.835000,147.838000
1537846440,147.838000,147.839000,147.837000,147.839000
1537846500,147.841000,147.841000,147.837000,147.838000
1537846560,147.838000,147.838000,147.822000,147.823000
1537846620,147.823000,147.825000,147.819000,147.823000
1537846680,147.824000,147.824000,147.822000,147.822000
1537846740,147.822000,147.822000,147.816000,147.816000
1537846800,147.818000,147.824000,147.817000,147.817000
1537846860,147.816000,147.833000,147.815000,147.833000
1537846920,147.833000,147.833000,147.816000,147.816000
1537846980,147.818000,147.837000,147.818000,147.835000
1537847040,147.837000,147.841000,147.837000,147.840000
1537847100,147.838000,147.838000,147.829000,147.837000
1537847160,147.837000,147.837000,147.835000,147.835000
1537847220,147.833000,147.833000,147.833000,147.833000
1537847280,147.834000,147.836000,147.834000,147.835000
1537847340,147.839000,147.852000,147.839000,147.846000
1537847400,147.846000,147.848000,147.839000,147.848000
1537847460,147.848000,147.848000,147.848000,147.848000
1537847520,147.850000,147.858000,147.847000,147.855000
1537847580,147.858000,147.871000,147.855000,147.860000
1537847640,147.857000,147.862000,147.851000,147.858000
1537847700,147.859000,147.861000,147.854000,147.859000
1537847760,147.859000,147.859000,147.859000,147.859000
1537847820,147.859000,147.859000,147.851000,147.853000
1537847880,147.856000,147.861000,147.856000,147.856000
1537847940,147.854000,147.868000,147.850000,147.867000
