time,open,high,low,close
1273032000,1.513700,1.513700,1.513600,1.513600
1273032060,1.513600,1.513700,1.513600,1.513700
1273032120,1.513800,1.513800,1.513700,1.513800
1273032180,1.513800,1.513800,1.513500,1.513600
1273032240,1.513500,1.513500,1.513000,1.513000
1273032300,1.513000,1.513000,1.512500,1.512600
1273032360,1.512800,1.512900,1.512700,1.512900
1273032420,1.512900,1.513000,1.512700,1.513000
1273032480,1.512900,1.513200,1.512800,1.513000
1273032540,1.513100,1.513300,1.512900,1.513200
1273032600,1.513100,1.513400,1.513100,1.513400
1273032660,1.513300,1.513400,1.513300,1.513400
1273032720,1.513400,1.513800,1.513400,1.513600
1273032780,1.513600,1.513600,1.513400,1.513400
1273032840,1.513400,1.513600,1.513400,1.513500
1273032900,1.513400,1.513500,1.513400,1.513500
1273032960,1.513400,1.513500,1.513100,1.513300
1273033020,1.513200,1.513400,1.513200,1.513400
1273033080,1.513300,1.513300,1.513100,1.513100
1273033140,1.513100,1.513300,1.513100,1.513100
1273033200,1.513100,1.513100,1.513000,1.513000
1273033260,1.513000,1.513000,1.513000,1.513000
1273033320,1.513000,1.513000,1.513000,1.513000
1273033380,1.512900,1.513000,1.512900,1.513000
1273033440,1.513000,1.513000,1.512900,1.513000
1273033500,1.512900,1.512900,1.512400,1.512500
1273033560,1.512500,1.512600,1.512200,1.512600
1273033620,1.512400,1.512400,1.511900,1.512100
1273033680,1.512000,1.512200,1.512000,1.512200
1273033740,1.512100,1.512500,1.512100,1.512300
1273033800,1.512400,1.512400,1.512100,1.512200
1273033860,1.512100,1.512300,1.512100,1.512300
1273033920,1.512300,1.512800,1.512300,1.512500
1273033980,1.512500,1.512600,1.512500,1.512600
1273034040,1.512600,1.512600,1.512400,1.512500
1273034100,1.512500,1.512500,1.512200,1.512200
1273034160,1.512300,1.512500,1.512300,1.512400
1273034220,1.512500,1.512800,1.512500,1.512600
1273034280,1.512600,1.512800,1.512600,1.512800
1273034340,1.512700,1.513000,1.512700,1.513000
1273034400,1.513000,1.513200,1.512900,1.512900
1273034460,1.512900,1.513000,1.512900,1.512900
1273034520,1.512900,1.512900,1.512900,1.512900
1273034580,1.512900,1.512900,1.512800,1.512800
1273034640,1.512800,1.512900,1.512700,1.512800
1273034700,1.512800,1.512800,1.512700,1.512700
1273034760,1.512700,1.512700,1.512500,1.512500
1273034820,1.512500,1.512600,1.512400,1.512600
1273034940,1.512700,1.512700,1.512700,1.512700
1273035000,1.512700,1.512800,1.512700,1.512800
1273035060,1.512800,1.512800,1.512800,1.512800
1273035120,1.512900,1.513000,1.512900,1.513000
1273035180,1.513100,1.513100,1.512900,1.513000
1273035240,1.512900,1.513100,1.512700,1.512900
1273035300,1.513000,1.513100,1.512900,1.513000
1273035360,1.513100,1.513200,1.513000,1.513000
1273035420,1.513000,1.513200,1.512900,1.513100
1273035480,1.513000,1.513100,1.513000,1.513000
1273035540,1.513100,1.513400,1.513100,1.513300
1273035600,1.513400,1.513400,1.513100,1.513200
1273035660,1.513100,1.513400,1.513100,1.513300
1273035720,1.513400,1.513500,1.513300,1.513400
1273035840,1.513500,1.513500,1.513400,1.513400
1273035900,1.513400,1.513600,1.513300,1.513500
1273035960,1.513500,1.513700,1.513500,1.513700
1273036020,1.513700,1.513700,1.513600,1.513600
1273036080,1.513700,1.513700,1.513500,1.513500
1273036140,1.513400,1.513700,1.513300,1.513600
1273036200,1.513500,1.513600,1.513500,1.513600
1273036260,1.513500,1.513600,1.513500,1.513600
1273036320,1.513700,1.513700,1.513600,1.513700
1273036380,1.513600,1.514100,1.513600,1.514000
1273036440,1.513900,1.514100,1.513900,1.514000
1273036500,1.514000,1.514100,1.514000,1.514100
1273036560,1.514200,1.514200,1.514100,1.514100
1273036620,1.514200,1.514400,1.514100,1.514200
1273036680,1.514100,1.514200,1.513500,1.513700
1273036740,1.513800,1.514100,1.513800,1.514100
1273036800,1.514000,1.514000,1.514000,1.514000
1273036860,1.514000,1.514000,1.513900,1.513900
1273036920,1.514000,1.514100,1.513900,1.514000
1273036980,1.514000,1.514000,1.513600,1.513600
1273037040,1.513500,1.513600,1.513400,1.513500
1273037100,1.513600,1.513600,1.513400,1.513500
1273037160,1.513500,1.513500,1.513400,1.513400
1273037220,1.513500,1.513500,1.513300,1.513400
1273037280,1.513500,1.513800,1.513500,1.513700
1273037340,1.513700,1.513700,1.513400,1.513400
1273037400,1.513500,1.513600,1.513400,1.513600
1273037460,1.513500,1.513500,1.513200,1.513200
1273037520,1.513200,1.513300,1.512700,1.512900
1273037580,1.512900,1.512900,1.512800,1.512900
1273037640,1.512900,1.513000,1.512800,1.513000
1273037700,1.512900,1.512900,1.512700,1.512800
1273037760,1.512800,1.512900,1.512700,1.512800
1273037820,1.512700,1.512700,1.512400,1.512400
1273037880,1.512500,1.512600,1.512400,1.512500
1273037940,1.512600,1.512600,1.512500,1.512500
1273038000,1.512500,1.512600,1.512500,1.512600
1273038060,1.512600,1.512700,1.512500,1.512500
1273038120,1.512500,1.512700,1.512200,1.512700
1273038240,1.512800,1.513000,1.512700,1.513000
1273038300,1.513000,1.513100,1.513000,1.513000
1273038360,1.513200,1.513500,1.513200,1.513300
1273038420,1.513200,1.513400,1.513200,1.513300
1273038480,1.513300,1.513600,1.513300,1.513600
1273038540,1.513500,1.513600,1.513500,1.513600
1273038600,1.513500,1.513700,1.513400,1.513400
1273038660,1.513500,1.513600,1.513200,1.513400
1273038720,1.513300,1.513300,1.513000,1.513200
1273038780,1.513300,1.513600,1.513300,1.513600
1273038840,1.513600,1.513700,1.513600,1.513600
1273038900,1.513700,1.514500,1.513600,1.514400
1273038960,1.514400,1.514500,1.514400,1.514400
1273039020,1.514400,1.514400,1.514300,1.514400
1273039080,1.514500,1.514500,1.514300,1.514400
1273039140,1.514300,1.514400,1.514100,1.514300
1273039200,1.514200,1.514200,1.513800,1.513800
1273039260,1.513700,1.513900,1.513600,1.513900
1273039320,1.514000,1.514600,1.513900,1.514500
1273039380,1.514500,1.514500,1.514400,1.514400
1273039440,1.514300,1.514500,1.514300,1.514400
1273039500,1.514500,1.514600,1.514400,1.514600
1273039560,1.514600,1.514700,1.514600,1.514600
1273039620,1.514700,1.514700,1.513900,1.514200
1273039680,1.514200,1.514300,1.513900,1.514100
1273039740,1.514100,1.514100,1.513400,1.513400
1273039800,1.513300,1.513400,1.513100,1.513300
1273039860,1.513200,1.513700,1.513200,1.513700
1273039920,1.513600,1.513600,1.513300,1.513300
1273039980,1.513400,1.513400,1.513300,1.513400
1273040040,1.513500,1.513600,1.513300,1.513400
1273040100,1.513400,1.513500,1.513400,1.513500
1273040160,1.513500,1.513700,1.513400,1.513600
1273040220,1.513700,1.514000,1.513600,1.513900
1273040280,1.514000,1.514700,1.514000,1.514700
1273040340,1.514800,1.514900,1.514200,1.514500
1273040400,1.514400,1.514500,1.513900,1.513900
1273040460,1.513800,1.513800,1.513400,1.513600
1273040520,1.513700,1.513900,1.513600,1.513800
1273040580,1.513900,1.514400,1.513700,1.514400
1273040640,1.514500,1.515700,1.514500,1.515400
1273040700,1.515500,1.515800,1.515300,1.515700
1273040760,1.515800,1.515900,1.515600,1.515700
1273040820,1.515700,1.515800,1.515700,1.515800
1273040880,1.515900,1.516100,1.515800,1.516100
1273040940,1.516200,1.516200,1.515900,1.516100
1273041000,1.516100,1.516300,1.515900,1.516100
1273041060,1.516100,1.516400,1.516000,1.516100
1273041120,1.516000,1.516100,1.515200,1.515200
1273041180,1.515100,1.515500,1.515100,1.515500
1273041240,1.515400,1.515800,1.515200,1.515400
1273041300,1.515500,1.515800,1.515500,1.515700
1273041360,1.515700,1.515800,1.515400,1.515400
1273041420,1.515400,1.515500,1.515300,1.515500
1273041480,1.515400,1.515700,1.515400,1.515500
1273041540,1.515500,1.515500,1.515300,1.515400
1273041600,1.515400,1.515500,1.515400,1.515400
1273041660,1.515400,1.516200,1.515400,1.515900
1273041720,1.515800,1.516000,1.515600,1.515700
1273041780,1.515600,1.515600,1.515300,1.515400
1273041840,1.515500,1.515500,1.515200,1.515200
1273041900,1.515100,1.515700,1.515100,1.515700
1273041960,1.515800,1.515800,1.515300,1.515300
1273042020,1.515300,1.515500,1.514700,1.515500
1273042080,1.515500,1.515800,1.515500,1.515700
1273042140,1.515700,1.515700,1.515500,1.515500
1273042200,1.515600,1.516100,1.515500,1.516000
1273042260,1.515900,1.516600,1.515800,1.516600
1273042320,1.516600,1.516800,1.516500,1.516700
1273042380,1.516800,1.517100,1.516500,1.517000
1273042440,1.516900,1.516900,1.516500,1.516600
1273042500,1.516500,1.516600,1.516400,1.516500
1273042560,1.516600,1.516600,1.516400,1.516500
1273042620,1.516400,1.517200,1.516400,1.516700
1273042680,1.516600,1.517000,1.516500,1.516800
1273042740,1.516900,1.517100,1.516900,1.517000
1273042800,1.517000,1.517000,1.516400,1.516500
1273042860,1.516400,1.516600,1.516300,1.516400
1273042920,1.516500,1.516600,1.516300,1.516400
1273042980,1.516400,1.516400,1.515900,1.516100
1273043040,1.516200,1.516500,1.516000,1.516500
1273043100,1.516500,1.517000,1.516400,1.516600
1273043160,1.516700,1.517100,1.516700,1.516900
1273043220,1.517000,1.517100,1.516700,1.516900
1273043280,1.516800,1.517100,1.516700,1.516800
1273043340,1.516800,1.516800,1.516300,1.516400
1273043400,1.516400,1.516400,1.515700,1.516100
1273043460,1.516100,1.516100,1.515800,1.516000
1273043520,1.516000,1.516200,1.515800,1.516000
1273043580,1.516000,1.516700,1.516000,1.516400
1273043640,1.516500,1.516500,1.515500,1.516200
1273043700,1.516200,1.516300,1.515800,1.515800
1273043760,1.515800,1.516000,1.515500,1.515700
1273043820,1.515600,1.516000,1.515500,1.515900
1273043880,1.515900,1.515900,1.515300,1.515600
1273043940,1.515600,1.515600,1.515400,1.515400
1273044000,1.515400,1.515400,1.515100,1.515200
1273044060,1.515100,1.515400,1.515100,1.515400
1273044120,1.515500,1.515700,1.515300,1.515500
1273044180,1.515400,1.515400,1.514600,1.514800
1273044240,1.514800,1.515300,1.514800,1.515200
1273044300,1.515300,1.515500,1.515300,1.515300
1273044360,1.515300,1.515500,1.515200,1.515400
1273044420,1.515500,1.515500,1.515300,1.515400
1273044480,1.515300,1.515500,1.515200,1.515400
1273044540,1.515500,1.515500,1.515200,1.515300
1273044600,1.515400,1.515500,1.515300,1.515300
1273044660,1.515200,1.515500,1.515200,1.515400
1273044720,1.515400,1.515800,1.515400,1.515500
1273044780,1.515500,1.515600,1.515200,1.515200
1273044840,1.515200,1.515400,1.514800,1.515200
1273044900,1.515300,1.515300,1.514900,1.515100
1273044960,1.515000,1.515400,1.515000,1.515200
1273045020,1.515200,1.515500,1.515100,1.515200
1273045080,1.515300,1.515400,1.515100,1.515200
1273045140,1.515100,1.515200,1.514500,1.514500
1273045200,1.514500,1.514600,1.514200,1.514500
1273045260,1.514400,1.514800,1.514400,1.514800
1273045320,1.514700,1.514900,1.514700,1.514800
1273045380,1.514700,1.514900,1.514500,1.514700
1273045440,1.514700,1.514700,1.514000,1.514100
1273045500,1.514000,1.514100,1.513300,1.513300
1273045560,1.513300,1.513400,1.512900,1.513000
1273045620,1.513000,1.513600,1.512800,1.513500
1273045680,1.513400,1.513600,1.513000,1.513600
1273045740,1.513700,1.514100,1.513500,1.514000
1273045800,1.514000,1.514300,1.513900,1.514300
1273045860,1.514200,1.514500,1.513800,1.514400
1273045920,1.514400,1.514500,1.513800,1.513800
1273045980,1.513900,1.514100,1.513700,1.513900
1273046040,1.514000,1.514000,1.513400,1.513400
1273046100,1.513400,1.513600,1.513200,1.513400
1273046160,1.513300,1.513800,1.513300,1.513700
1273046220,1.513600,1.513600,1.513100,1.513400
1273046280,1.513500,1.513900,1.513400,1.513600
1273046340,1.513600,1.513700,1.513000,1.513200
1273046400,1.513300,1.513300,1.512100,1.512200
1273046460,1.512000,1.512800,1.511900,1.512600
1273046520,1.512600,1.512900,1.512500,1.512500
1273046580,1.512400,1.513000,1.512100,1.512900
1273046640,1.512800,1.512900,1.512500,1.512500
1273046700,1.512600,1.512600,1.512000,1.512400
1273046760,1.512300,1.512400,1.512100,1.512200
1273046820,1.512100,1.512800,1.512000,1.512600
1273046880,1.512600,1.512600,1.512100,1.512200
1273046940,1.512300,1.512500,1.512200,1.512400
1273047000,1.512500,1.512500,1.512200,1.512300
1273047060,1.512200,1.512300,1.512200,1.512300
1273047120,1.512200,1.512300,1.512100,1.512100
1273047180,1.512100,1.512500,1.512100,1.512300
1273047240,1.512300,1.512600,1.512200,1.512500
1273047300,1.512700,1.513300,1.512500,1.513300
1273047360,1.513300,1.513700,1.513100,1.513500
1273047420,1.513600,1.513700,1.512700,1.513000
1273047480,1.513100,1.513300,1.512900,1.513100
1273047540,1.513200,1.513500,1.513100,1.513400
1273047600,1.513400,1.513700,1.513400,1.513700
1273047660,1.513600,1.514000,1.513600,1.513600
1273047720,1.513700,1.513700,1.513200,1.513500
1273047780,1.513400,1.513600,1.512600,1.512800
1273047840,1.512900,1.512900,1.512200,1.512300
1273047900,1.512400,1.512400,1.512100,1.512100
1273047960,1.512200,1.512600,1.512100,1.512100
1273048020,1.512200,1.512400,1.512000,1.512400
1273048080,1.512500,1.512500,1.512100,1.512400
1273048140,1.512500,1.512500,1.512100,1.512500
1273048200,1.512500,1.513300,1.512500,1.513200
1273048260,1.513100,1.514000,1.513100,1.513600
1273048320,1.513600,1.513800,1.513200,1.513500
1273048380,1.513500,1.513800,1.513400,1.513800
1273048440,1.513700,1.513800,1.513400,1.513500
1273048500,1.513500,1.513800,1.513500,1.513500
1273048560,1.513500,1.513700,1.513500,1.513600
1273048620,1.513700,1.513700,1.512800,1.512800
1273048680,1.512800,1.513300,1.512800,1.513200
1273048740,1.513300,1.513700,1.513200,1.513300
1273048800,1.513400,1.513400,1.513100,1.513200
1273048860,1.513200,1.513700,1.513100,1.513100
1273048920,1.513200,1.513700,1.513200,1.513200
1273048980,1.513300,1.513800,1.512900,1.513800
1273049040,1.513700,1.513900,1.513500,1.513900
1273049100,1.513900,1.514500,1.513700,1.514300
1273049160,1.514400,1.515000,1.514200,1.514700
1273049220,1.514700,1.516100,1.514600,1.515600
1273049280,1.515700,1.515800,1.515500,1.515600
1273049340,1.515700,1.516100,1.515500,1.515800
1273049400,1.515800,1.515900,1.515500,1.515700
1273049460,1.515700,1.515900,1.515200,1.515700
1273049520,1.515700,1.515700,1.515500,1.515700
1273049580,1.515600,1.515900,1.515500,1.515800
1273049640,1.515800,1.516000,1.515400,1.515600
1273049700,1.515700,1.515800,1.515200,1.515400
1273049760,1.515400,1.515600,1.515200,1.515200
1273049820,1.515200,1.515200,1.515000,1.515100
1273049880,1.515100,1.515500,1.515100,1.515400
1273049940,1.515400,1.515700,1.515400,1.515500
1273050000,1.515500,1.515500,1.515000,1.515100
1273050060,1.515200,1.515400,1.514800,1.515400
1273050120,1.515300,1.515600,1.515300,1.515600
1273050180,1.515500,1.516000,1.515400,1.515600
1273050240,1.515700,1.516000,1.515600,1.515900
1273050300,1.515800,1.516400,1.515600,1.516000
1273050360,1.516100,1.516300,1.515800,1.515900
1273050420,1.515900,1.516000,1.515700,1.515700
1273050480,1.515800,1.515900,1.515500,1.515600
1273050540,1.515500,1.515700,1.515500,1.515700
1273050600,1.515800,1.515800,1.515200,1.515300
1273050660,1.515400,1.515700,1.515400,1.515500
1273050720,1.515500,1.516000,1.515300,1.516000
1273050780,1.515900,1.516100,1.515800,1.515800
1273050840,1.515900,1.515900,1.515700,1.515800
1273050900,1.515800,1.515900,1.515700,1.515900
1273050960,1.515900,1.516000,1.515700,1.515900
1273051020,1.515900,1.516000,1.515900,1.516000
1273051080,1.515900,1.516300,1.515900,1.516100
1273051140,1.516200,1.516200,1.515900,1.516100
1273051200,1.516000,1.516200,1.515900,1.516000
1273051260,1.516100,1.516100,1.516000,1.516100
1273051320,1.516200,1.516300,1.515800,1.515900
1273051380,1.515900,1.516000,1.515600,1.515600
1273051440,1.515600,1.515600,1.515200,1.515300
1273051500,1.515400,1.515600,1.515300,1.515300
1273051560,1.515200,1.515400,1.514700,1.514900
1273051620,1.514900,1.515300,1.514800,1.515000
1273051680,1.515100,1.515200,1.514700,1.515100
1273051740,1.515100,1.515100,1.514700,1.514900
1273051800,1.515000,1.515300,1.514900,1.515300
1273051860,1.515300,1.515300,1.514800,1.515100
1273051920,1.515100,1.515300,1.515100,1.515300
1273051980,1.515200,1.515300,1.514700,1.514700
1273052040,1.514800,1.514900,1.514700,1.514900
1273052100,1.515000,1.515300,1.514800,1.515000
1273052160,1.515100,1.515200,1.515100,1.515200
1273052220,1.515200,1.515300,1.515000,1.515000
1273052280,1.515000,1.515000,1.514600,1.514700
1273052340,1.514600,1.514800,1.514600,1.514800
1273052400,1.514800,1.514900,1.514500,1.514600
1273052460,1.514600,1.515000,1.514500,1.514900
1273052520,1.514900,1.514900,1.514700,1.514800
1273052580,1.514800,1.515000,1.514600,1.515000
1273052640,1.515100,1.515100,1.514900,1.514900
1273052700,1.514900,1.515100,1.514500,1.515100
1273052760,1.515000,1.515100,1.514900,1.515100
1273052820,1.515200,1.515300,1.515100,1.515200
1273052880,1.515200,1.515600,1.515100,1.515200
1273052940,1.515100,1.515100,1.514900,1.514900
1273053000,1.515000,1.515300,1.514700,1.515000
1273053060,1.515000,1.515300,1.514900,1.515200
1273053120,1.515100,1.515700,1.515100,1.515300
1273053180,1.515400,1.515900,1.515400,1.515600
1273053240,1.515500,1.515600,1.515000,1.515100
1273053300,1.515100,1.515500,1.515100,1.515200
1273053360,1.515300,1.515400,1.515200,1.515400
1273053420,1.515400,1.515400,1.515200,1.515300
1273053480,1.515400,1.515600,1.515200,1.515600
1273053540,1.515500,1.515600,1.515200,1.515500
1273053600,1.515600,1.515600,1.515500,1.515500
1273053660,1.515600,1.515800,1.515500,1.515600
1273053720,1.515500,1.515800,1.515500,1.515800
1273053780,1.515700,1.515800,1.515600,1.515700
1273053840,1.515700,1.516300,1.515700,1.516100
1273053900,1.516100,1.516300,1.516100,1.516100
1273053960,1.516000,1.516100,1.515800,1.515900
1273054020,1.515900,1.516300,1.515900,1.516100
1273054080,1.516200,1.516300,1.515900,1.515900
1273054140,1.515800,1.516100,1.515800,1.516000
1273054200,1.516000,1.517100,1.515900,1.517000
1273054260,1.516900,1.516900,1.516400,1.516600
1273054320,1.516500,1.516600,1.516100,1.516400
1273054380,1.516500,1.516600,1.516100,1.516100
1273054440,1.516100,1.516900,1.515900,1.516700
1273054500,1.516600,1.516900,1.516600,1.516800
1273054560,1.516700,1.516900,1.516500,1.516600
1273054620,1.516600,1.516800,1.516200,1.516300
1273054680,1.516200,1.516300,1.516100,1.516200
1273054740,1.516100,1.516100,1.515700,1.515800
1273054800,1.515800,1.515800,1.515300,1.515600
1273054860,1.515500,1.515600,1.515300,1.515400
1273054920,1.515400,1.515700,1.515400,1.515600
1273054980,1.515500,1.515800,1.515500,1.515600
1273055040,1.515500,1.515600,1.515200,1.515300
1273055100,1.515300,1.515700,1.515200,1.515600
1273055160,1.515600,1.515600,1.515000,1.515200
1273055220,1.515200,1.515500,1.515200,1.515500
1273055280,1.515600,1.515800,1.515400,1.515600
1273055340,1.515700,1.515700,1.515300,1.515400
1273055400,1.515300,1.515400,1.515100,1.515300
1273055460,1.515200,1.515300,1.515000,1.515200
1273055520,1.515300,1.515300,1.515100,1.515200
1273055580,1.515300,1.515300,1.515200,1.515200
1273055640,1.515200,1.515200,1.515000,1.515000
1273055700,1.515100,1.515400,1.515100,1.515200
1273055760,1.515200,1.515400,1.515100,1.515300
1273055820,1.515200,1.515400,1.515100,1.515100
1273055880,1.515100,1.515100,1.514900,1.514900
1273055940,1.514800,1.515000,1.514700,1.514800
1273056000,1.514800,1.514900,1.514700,1.514800
1273056060,1.514700,1.515000,1.514600,1.514800
1273056120,1.514700,1.515100,1.514700,1.514800
1273056180,1.514900,1.515100,1.514800,1.515000
1273056240,1.514900,1.515100,1.514800,1.514900
1273056300,1.515000,1.515000,1.514600,1.514700
1273056360,1.514700,1.515100,1.514700,1.514700
1273056420,1.514800,1.515100,1.514800,1.514900
1273056480,1.515000,1.515100,1.514900,1.515100
1273056540,1.515200,1.515200,1.515000,1.515000
1273056600,1.515000,1.515400,1.515000,1.515300
1273056660,1.515200,1.515400,1.515000,1.515100
1273056720,1.515000,1.515300,1.515000,1.515200
1273056780,1.515100,1.515200,1.514900,1.515200
1273056840,1.515200,1.515200,1.515000,1.515000
1273056900,1.515100,1.515100,1.515000,1.515100
1273056960,1.515100,1.515300,1.515100,1.515200
1273057020,1.515200,1.515300,1.515100,1.515200
1273057080,1.515100,1.515400,1.515100,1.515400
1273057140,1.515400,1.515400,1.515100,1.515200
1273057200,1.515300,1.515400,1.515000,1.515000
1273057260,1.515100,1.515300,1.514800,1.515300
1273057320,1.515400,1.515400,1.515200,1.515400
1273057380,1.515300,1.515400,1.515200,1.515400
1273057440,1.515600,1.515700,1.515400,1.515500
1273057500,1.515600,1.515600,1.514800,1.514800
1273057560,1.514900,1.515300,1.514800,1.515300
1273057620,1.515300,1.515300,1.515100,1.515300
1273057680,1.515300,1.515400,1.514900,1.515000
1273057740,1.515100,1.515200,1.514700,1.515000
1273057800,1.514900,1.515100,1.514500,1.514500
1273057860,1.514600,1.514600,1.514400,1.514500
1273057920,1.514400,1.514600,1.514400,1.514500
1273057980,1.514600,1.514900,1.514500,1.514800
1273058040,1.514900,1.515100,1.514700,1.515100
1273058100,1.515000,1.515100,1.514700,1.514800
1273058160,1.514700,1.514800,1.514600,1.514700
1273058220,1.514700,1.514900,1.514500,1.514900
1273058280,1.514800,1.514800,1.514300,1.514500
1273058340,1.514400,1.514800,1.514400,1.514400
1273058400,1.514400,1.514700,1.514400,1.514700
1273058460,1.514800,1.514900,1.514600,1.514700
1273058520,1.514800,1.514800,1.514700,1.514700
1273058580,1.514700,1.514800,1.514700,1.514700
1273058640,1.514600,1.514700,1.514600,1.514600
1273058700,1.514700,1.514700,1.514600,1.514600
1273058760,1.514600,1.514700,1.514500,1.514600
1273058820,1.514600,1.514700,1.514500,1.514600
1273058880,1.514600,1.514800,1.514500,1.514600
1273058940,1.514700,1.514700,1.514600,1.514600
1273059000,1.514400,1.514400,1.513500,1.513700
1273059060,1.513700,1.513900,1.513500,1.513500
1273059120,1.513500,1.513500,1.513000,1.513100
1273059180,1.513000,1.513100,1.512500,1.512500
1273059240,1.512400,1.512800,1.512300,1.512800
1273059300,1.512700,1.513100,1.512700,1.513100
1273059360,1.513000,1.513300,1.512700,1.512800
1273059420,1.512900,1.513100,1.512700,1.512800
1273059480,1.512900,1.512900,1.512600,1.512800
1273059540,1.512800,1.512900,1.512700,1.512700
1273059600,1.512700,1.512800,1.512500,1.512600
1273059660,1.512500,1.512700,1.512400,1.512700
1273059720,1.512800,1.512900,1.512700,1.512700
1273059780,1.512700,1.512900,1.512600,1.512800
1273059840,1.512800,1.512800,1.512400,1.512400
1273059900,1.512500,1.512800,1.512300,1.512800
1273059960,1.512700,1.512800,1.512500,1.512500
1273060020,1.512600,1.512700,1.512500,1.512700
1273060080,1.512700,1.513100,1.512700,1.513100
1273060140,1.513000,1.513000,1.512900,1.513000
1273060200,1.513100,1.513300,1.512900,1.512900
1273060260,1.512800,1.513100,1.512700,1.513000
1273060320,1.512900,1.513200,1.512800,1.513100
1273060380,1.513200,1.513600,1.513200,1.513500
1273060440,1.513600,1.513600,1.513100,1.513100
1273060500,1.513000,1.513000,1.512800,1.512900
1273060560,1.512900,1.512900,1.512500,1.512700
1273060620,1.512600,1.512900,1.512300,1.512300
1273060680,1.512300,1.512900,1.512300,1.512700
1273060740,1.512700,1.512700,1.512300,1.512400
1273060800,1.512300,1.512400,1.512000,1.512200
1273060860,1.512100,1.512900,1.512000,1.512400
1273060920,1.512400,1.512500,1.512000,1.512200
1273060980,1.512200,1.512400,1.512100,1.512100
1273061040,1.512200,1.512700,1.512200,1.512300
1273061100,1.512300,1.512400,1.512000,1.512300
1273061160,1.512300,1.512400,1.511600,1.512200
1273061220,1.512200,1.512900,1.512200,1.512800
1273061280,1.512900,1.513200,1.512700,1.512800
1273061340,1.512800,1.513400,1.512800,1.513400
1273061400,1.513300,1.513400,1.513100,1.513300
1273061460,1.513200,1.513300,1.511800,1.512200
1273061520,1.512100,1.512500,1.512000,1.512100
1273061580,1.512200,1.512400,1.511600,1.511800
1273061640,1.511800,1.511900,1.511000,1.511200
1273061700,1.511200,1.512200,1.511000,1.511400
1273061760,1.511500,1.512200,1.511400,1.512000
1273061820,1.512000,1.512300,1.511500,1.512200
1273061880,1.512200,1.512400,1.511900,1.512100
1273061940,1.512100,1.512100,1.511100,1.511300
1273062000,1.511200,1.511900,1.511100,1.511600
1273062060,1.511600,1.511900,1.511200,1.511800
1273062120,1.511700,1.511900,1.511600,1.511900
1273062180,1.511900,1.512300,1.511800,1.512100
1273062240,1.512100,1.512200,1.512000,1.512100
1273062300,1.512100,1.512200,1.511000,1.511100
1273062360,1.511000,1.511300,1.510400,1.510500
1273062420,1.510400,1.510400,1.509700,1.509800
1273062480,1.509700,1.509900,1.509600,1.509700
1273062540,1.509700,1.509800,1.509400,1.509500
1273062600,1.509500,1.509600,1.509300,1.509400
1273062660,1.509400,1.509700,1.509000,1.509200
1273062720,1.509300,1.509400,1.508500,1.509300
1273062780,1.509200,1.510100,1.509200,1.510000
1273062840,1.510100,1.510400,1.509800,1.509800
1273062900,1.509800,1.509800,1.508700,1.508900
1273062960,1.509000,1.509300,1.508700,1.508700
1273063020,1.508700,1.509000,1.508500,1.508900
1273063080,1.508800,1.509300,1.508500,1.508900
1273063140,1.508900,1.509400,1.508500,1.509400
1273063200,1.509400,1.509600,1.509200,1.509600
1273063260,1.509700,1.509800,1.509500,1.509800
1273063320,1.509900,1.510000,1.509000,1.509400
1273063380,1.509300,1.509700,1.509100,1.509700
1273063440,1.509700,1.509700,1.508900,1.509400
1273063500,1.509500,1.509700,1.509200,1.509200
1273063560,1.509100,1.509900,1.508800,1.509300
1273063620,1.509400,1.510200,1.509300,1.510000
1273063680,1.510100,1.510300,1.509800,1.509800
1273063740,1.509800,1.510300,1.509500,1.510300
1273063800,1.510400,1.510700,1.510200,1.510500
1273063860,1.510400,1.510600,1.510100,1.510300
1273063920,1.510300,1.510400,1.510100,1.510400
1273063980,1.510500,1.510900,1.510500,1.510700
1273064040,1.510700,1.510700,1.510100,1.510400
1273064100,1.510300,1.510400,1.509300,1.509300
1273064160,1.509400,1.509400,1.508400,1.508600
1273064220,1.508700,1.509300,1.508700,1.508800
1273064280,1.508700,1.509300,1.508500,1.508500
1273064340,1.508600,1.508600,1.508100,1.508100
1273064400,1.508100,1.508600,1.507700,1.508500
1273064460,1.508600,1.508700,1.507100,1.507200
1273064520,1.507100,1.508200,1.507100,1.508100
1273064580,1.508100,1.508600,1.507900,1.508000
1273064640,1.508000,1.508100,1.507400,1.507900
1273064700,1.508000,1.508300,1.507800,1.508200
1273064760,1.508300,1.509300,1.508200,1.509300
1273064820,1.509200,1.509500,1.509100,1.509400
1273064880,1.509500,1.509500,1.509100,1.509400
1273064940,1.509500,1.509700,1.508700,1.508800
1273065000,1.508700,1.509000,1.506700,1.507100
1273065060,1.507000,1.507500,1.506800,1.506900
1273065120,1.507000,1.507200,1.506600,1.506900
1273065180,1.507000,1.507400,1.506700,1.506700
1273065240,1.506800,1.507500,1.506600,1.507400
1273065300,1.507300,1.507400,1.507100,1.507300
1273065360,1.507200,1.507800,1.507100,1.507800
1273065420,1.507700,1.508500,1.507700,1.508100
1273065480,1.508100,1.509100,1.508000,1.508900
1273065540,1.508800,1.508900,1.508000,1.508200
1273065600,1.508200,1.508700,1.507900,1.508300
1273065660,1.508400,1.509000,1.508300,1.509000
1273065720,1.509000,1.509100,1.508000,1.508300
1273065780,1.508300,1.508300,1.507900,1.507900
1273065840,1.508000,1.508500,1.507700,1.508300
1273065900,1.508200,1.508200,1.507600,1.507800
1273065960,1.507900,1.508100,1.507500,1.507600
1273066020,1.507500,1.507800,1.507300,1.507300
1273066080,1.507200,1.507800,1.507100,1.507700
1273066140,1.507600,1.507700,1.507300,1.507500
1273066200,1.507500,1.508200,1.507400,1.507800
1273066260,1.507900,1.508100,1.507400,1.508100
1273066320,1.508100,1.508300,1.507400,1.507600
1273066380,1.507600,1.507600,1.507100,1.507400
1273066440,1.507400,1.507900,1.507200,1.507800
1273066500,1.507700,1.507700,1.507100,1.507200
1273066560,1.507100,1.507700,1.507100,1.507300
1273066620,1.507300,1.507800,1.507300,1.507800
1273066680,1.507700,1.508100,1.507600,1.507600
1273066740,1.507700,1.508100,1.507600,1.508100
1273066800,1.508100,1.508600,1.508100,1.508500
1273066860,1.508500,1.509400,1.508300,1.509200
1273066920,1.509300,1.509300,1.508900,1.509300
1273066980,1.509200,1.509400,1.509100,1.509200
1273067040,1.509200,1.509300,1.508700,1.508900
1273067100,1.509100,1.509400,1.509000,1.509300
1273067160,1.509400,1.509900,1.509200,1.509500
1273067220,1.509400,1.509600,1.509200,1.509300
1273067280,1.509300,1.509700,1.508900,1.509100
1273067340,1.509100,1.509400,1.509000,1.509100
1273067400,1.509100,1.509700,1.509000,1.509100
1273067460,1.509000,1.509300,1.508800,1.509100
1273067520,1.509200,1.509300,1.508600,1.508900
1273067580,1.508800,1.509300,1.508500,1.509300
1273067640,1.509200,1.509700,1.508800,1.508900
1273067700,1.508900,1.509600,1.508600,1.508800
1273067760,1.508800,1.509200,1.508400,1.508700
1273067820,1.508700,1.509300,1.508600,1.508600
1273067880,1.508600,1.508600,1.508000,1.508200
1273067940,1.508100,1.508300,1.507800,1.508100
1273068000,1.508100,1.508200,1.507600,1.507600
1273068060,1.507500,1.507600,1.507200,1.507400
1273068120,1.507400,1.508500,1.507300,1.508300
1273068180,1.508400,1.509100,1.508300,1.508500
1273068240,1.508500,1.509000,1.508400,1.508500
1273068300,1.508600,1.508900,1.508400,1.508700
1273068360,1.508600,1.509300,1.508600,1.509200
1273068420,1.509200,1.509500,1.508900,1.509100
1273068480,1.509000,1.509700,1.508900,1.509600
1273068540,1.509600,1.509700,1.509100,1.509100
1273068600,1.509200,1.509200,1.508900,1.509000
1273068660,1.509000,1.509300,1.508700,1.508800
1273068720,1.508800,1.509300,1.508700,1.509100
1273068780,1.509100,1.509100,1.508500,1.508700
1273068840,1.508700,1.509400,1.508600,1.509300
1273068900,1.509300,1.509400,1.508600,1.509000
1273068960,1.509000,1.509300,1.508700,1.509000
1273069020,1.509000,1.509500,1.508900,1.509500
1273069080,1.509600,1.509800,1.509400,1.509700
1273069140,1.509700,1.510300,1.509700,1.510000
1273069200,1.510000,1.510200,1.509800,1.509800
1273069260,1.509800,1.510500,1.509800,1.510400
1273069320,1.510500,1.510700,1.510300,1.510600
1273069380,1.510500,1.511100,1.510400,1.511000
1273069440,1.511000,1.511100,1.510500,1.510700
1273069500,1.510700,1.511800,1.510700,1.511700
1273069560,1.511700,1.511900,1.510900,1.511000
1273069620,1.510900,1.511300,1.510500,1.510900
1273069680,1.510800,1.511100,1.510600,1.510700
1273069740,1.510600,1.510900,1.510600,1.510600
1273069800,1.510600,1.510700,1.510300,1.510500
1273069860,1.510600,1.510900,1.510400,1.510700
1273069920,1.510800,1.511000,1.510700,1.510800
1273069980,1.510700,1.510700,1.510400,1.510500
1273070040,1.510400,1.510700,1.510400,1.510500
1273070100,1.510400,1.510800,1.510300,1.510600
1273070160,1.510700,1.510900,1.510200,1.510800
1273070220,1.510800,1.510900,1.510100,1.510200
1273070280,1.510300,1.510700,1.510100,1.510600
1273070340,1.510800,1.510900,1.510400,1.510900
1273070400,1.510800,1.511100,1.510700,1.511000
1273070460,1.511000,1.511500,1.510900,1.511500
1273070520,1.511500,1.511500,1.510900,1.511200
1273070580,1.511200,1.511500,1.511000,1.511500
1273070640,1.511400,1.511500,1.511200,1.511400
1273070700,1.511400,1.511800,1.511300,1.511700
1273070760,1.511800,1.511900,1.511600,1.511800
1273070820,1.511800,1.512300,1.511800,1.512000
1273070880,1.512000,1.512100,1.511700,1.511700
1273070940,1.511800,1.511800,1.511200,1.511400
1273071000,1.511300,1.511900,1.511200,1.511500
1273071060,1.511600,1.511600,1.511400,1.511500
1273071120,1.511400,1.511500,1.511400,1.511400
1273071180,1.511400,1.511600,1.511300,1.511400
1273071240,1.511300,1.511500,1.511000,1.511300
1273071300,1.511300,1.511700,1.511200,1.511300
1273071360,1.511300,1.511500,1.511100,1.511300
1273071420,1.511200,1.511600,1.511100,1.511500
1273071480,1.511400,1.511600,1.511200,1.511500
1273071540,1.511400,1.511800,1.511200,1.511500
1273071600,1.511400,1.511500,1.511200,1.511200
1273071660,1.511200,1.511400,1.510600,1.510700
1273071720,1.510700,1.510900,1.510300,1.510400
1273071780,1.510400,1.510600,1.510200,1.510200
1273071840,1.510300,1.510500,1.510200,1.510500
1273071900,1.510500,1.510600,1.510400,1.510400
1273071960,1.510500,1.510500,1.509900,1.510300
1273072020,1.510300,1.510400,1.509900,1.510000
1273072080,1.509900,1.510600,1.509900,1.510300
1273072140,1.510400,1.510600,1.510000,1.510500
1273072200,1.510400,1.510700,1.510400,1.510500
1273072260,1.510500,1.511000,1.510500,1.511000
1273072320,1.510900,1.511000,1.510800,1.510800
1273072380,1.510800,1.511000,1.510400,1.510600
1273072440,1.510600,1.510900,1.510600,1.510900
1273072500,1.510800,1.511200,1.510700,1.510800
1273072560,1.510700,1.511000,1.510400,1.510700
1273072620,1.510600,1.511000,1.510500,1.510700
1273072680,1.510800,1.510800,1.510500,1.510600
1273072740,1.510500,1.510800,1.510500,1.510800
1273072800,1.510800,1.511200,1.510700,1.511100
1273072860,1.511100,1.511400,1.510900,1.511200
1273072920,1.511300,1.511500,1.511200,1.511400
1273072980,1.511500,1.511500,1.511300,1.511500
1273073040,1.511500,1.511600,1.511400,1.511500
1273073100,1.511500,1.511600,1.511500,1.511600
1273073160,1.511600,1.511600,1.511400,1.511500
1273073220,1.511500,1.511900,1.511500,1.511800
1273073280,1.511900,1.512100,1.511700,1.511700
1273073340,1.511700,1.511800,1.511500,1.511800
1273073400,1.511700,1.511800,1.511500,1.511600
1273073460,1.511600,1.511600,1.511200,1.511200
1273073520,1.511100,1.511200,1.510900,1.510900
1273073580,1.511000,1.511400,1.510900,1.511400
1273073640,1.511300,1.511400,1.510800,1.510900
1273073700,1.510900,1.511200,1.510800,1.511100
1273073760,1.511200,1.511400,1.511100,1.511400
1273073820,1.511400,1.511500,1.511300,1.511300
1273073880,1.511400,1.512200,1.511400,1.512000
1273073940,1.512100,1.512500,1.511900,1.512200
1273074000,1.512100,1.512500,1.512100,1.512400
1273074060,1.512300,1.513600,1.512300,1.513400
1273074120,1.513400,1.513800,1.513200,1.513400
1273074180,1.513500,1.514600,1.513500,1.513900
1273074240,1.514000,1.514200,1.513400,1.513700
1273074300,1.513800,1.513900,1.513200,1.513500
1273074360,1.513600,1.513700,1.513300,1.513600
1273074420,1.513700,1.514000,1.513500,1.513700
1273074480,1.513600,1.514000,1.513600,1.513900
1273074540,1.513800,1.514200,1.513700,1.513700
1273074600,1.513600,1.513900,1.513500,1.513700
1273074660,1.513700,1.513900,1.512900,1.513100
1273074720,1.513100,1.513100,1.512600,1.512600
1273074780,1.512600,1.513000,1.512500,1.513000
1273074840,1.513000,1.513400,1.513000,1.513200
1273074900,1.513100,1.513700,1.513100,1.513500
1273074960,1.513400,1.513800,1.513200,1.513600
1273075020,1.513600,1.513600,1.513300,1.513300
1273075080,1.513300,1.513600,1.513100,1.513300
1273075140,1.513300,1.513300,1.512500,1.513200
1273075200,1.513300,1.513600,1.513200,1.513400
1273075260,1.513500,1.513700,1.513200,1.513200
1273075320,1.513200,1.514200,1.513200,1.514200
1273075380,1.514200,1.514200,1.513500,1.513700
1273075440,1.513700,1.513900,1.513100,1.513300
1273075500,1.513400,1.513400,1.512600,1.512800
1273075560,1.512700,1.512700,1.512500,1.512500
1273075620,1.512500,1.512700,1.512100,1.512200
1273075680,1.512100,1.512400,1.511900,1.512000
1273075740,1.512100,1.512400,1.511900,1.512000
1273075800,1.512100,1.512200,1.511900,1.512100
1273075860,1.512200,1.512800,1.512000,1.512500
1273075920,1.512500,1.512800,1.512500,1.512700
1273075980,1.512600,1.512600,1.512400,1.512400
1273076040,1.512500,1.512800,1.512300,1.512300
1273076100,1.512400,1.512500,1.512200,1.512200
1273076160,1.512300,1.512500,1.512300,1.512300
1273076220,1.512400,1.512400,1.512200,1.512200
1273076280,1.512100,1.512700,1.512100,1.512500
1273076340,1.512400,1.512600,1.512400,1.512400
1273076400,1.512500,1.512600,1.512400,1.512400
1273076460,1.512400,1.512400,1.512100,1.512100
1273076520,1.512200,1.512200,1.511900,1.511900
1273076580,1.512000,1.512100,1.511800,1.512000
1273076640,1.511900,1.512000,1.511800,1.512000
1273076700,1.511900,1.512500,1.511900,1.512400
1273076760,1.512400,1.512400,1.512100,1.512100
1273076820,1.512200,1.512500,1.511900,1.512000
1273076880,1.512100,1.512200,1.511800,1.511800
1273076940,1.511800,1.512000,1.511500,1.511500
1273077000,1.511600,1.512000,1.511500,1.511800
1273077060,1.511800,1.512000,1.511700,1.511800
1273077120,1.511900,1.512100,1.511700,1.512100
1273077180,1.512200,1.512200,1.512000,1.512000
1273077240,1.512100,1.512200,1.511800,1.512100
1273077300,1.512100,1.512200,1.511900,1.512000
1273077360,1.512000,1.512000,1.511700,1.511700
1273077420,1.511800,1.511800,1.511600,1.511700
1273077480,1.511600,1.511800,1.511600,1.511700
1273077540,1.511700,1.511700,1.511500,1.511600
1273077600,1.511500,1.511500,1.511300,1.511300
1273077660,1.511200,1.511600,1.511200,1.511600
1273077720,1.511500,1.511900,1.511500,1.511800
1273077780,1.511700,1.511900,1.511600,1.511700
1273077840,1.511700,1.511800,1.511500,1.511800
1273077900,1.511700,1.512400,1.511700,1.512400
1273077960,1.512500,1.512500,1.512000,1.512200
1273078020,1.512200,1.512200,1.512000,1.512100
1273078080,1.512000,1.512300,1.512000,1.512300
1273078140,1.512300,1.512900,1.512300,1.512800
1273078200,1.512900,1.512900,1.512800,1.512900
1273078260,1.512900,1.513200,1.512900,1.513200
1273078320,1.513100,1.513200,1.513100,1.513100
1273078380,1.513100,1.513100,1.512900,1.513000
1273078440,1.513100,1.513200,1.513100,1.513200
1273078500,1.513100,1.513300,1.513100,1.513100
1273078560,1.513100,1.513300,1.513100,1.513100
1273078620,1.513200,1.513200,1.512900,1.513100
1273078680,1.513100,1.513100,1.512700,1.513100
1273078740,1.513100,1.513200,1.512700,1.512900
1273078800,1.512800,1.513200,1.512700,1.512800
1273078860,1.512700,1.512800,1.512500,1.512600
1273078920,1.512500,1.512700,1.512500,1.512700
1273078980,1.512700,1.512700,1.512400,1.512400
1273079040,1.512300,1.512700,1.512100,1.512500
1273079100,1.512500,1.512600,1.512400,1.512400
1273079160,1.512500,1.512600,1.512400,1.512500
1273079220,1.512600,1.512600,1.512500,1.512600
1273079280,1.512600,1.512600,1.512500,1.512500
1273079340,1.512500,1.512600,1.512300,1.512500
1273079400,1.512500,1.512600,1.512300,1.512300
1273079460,1.512400,1.512600,1.512100,1.512200
1273079520,1.512100,1.512200,1.511900,1.511900
1273079580,1.511900,1.512000,1.511800,1.511800
1273079640,1.511800,1.511900,1.511400,1.511400
1273079700,1.511300,1.511800,1.511200,1.511600
1273079760,1.511600,1.512300,1.511400,1.512300
1273079820,1.512400,1.512600,1.512400,1.512500
1273079880,1.512600,1.512600,1.512200,1.512300
1273079940,1.512200,1.512200,1.511800,1.511900
1273080000,1.511800,1.511900,1.511800,1.511800
1273080060,1.511700,1.511800,1.511400,1.511400
1273080120,1.511500,1.511500,1.511400,1.511500
1273080180,1.511500,1.512300,1.511500,1.512300
1273080240,1.512400,1.512500,1.512300,1.512400
1273080300,1.512400,1.512400,1.511800,1.511900
1273080360,1.511900,1.512000,1.511700,1.511800
1273080420,1.511800,1.512100,1.511800,1.512000
1273080480,1.511900,1.512100,1.511900,1.511900
1273080540,1.511900,1.511900,1.511700,1.511800
1273080600,1.511900,1.512300,1.511900,1.512300
1273080660,1.512200,1.512200,1.511900,1.511900
1273080720,1.511900,1.511900,1.511600,1.511700
1273080780,1.511700,1.511700,1.511400,1.511400
1273080840,1.511500,1.511600,1.511300,1.511400
1273080900,1.511300,1.511800,1.511300,1.511800
1273080960,1.511900,1.512000,1.511600,1.511700
1273081020,1.511600,1.511700,1.511500,1.511500
1273081080,1.511600,1.511700,1.511500,1.511700
1273081140,1.511700,1.511800,1.511600,1.511800
1273081200,1.511800,1.512200,1.511400,1.512100
1273081260,1.512100,1.512200,1.512100,1.512200
1273081320,1.512100,1.512200,1.511900,1.512000
1273081380,1.511900,1.512100,1.511700,1.511900
1273081440,1.511900,1.511900,1.511400,1.511600
1273081500,1.511700,1.511900,1.511600,1.511700
1273081560,1.511800,1.511900,1.511600,1.511800
1273081620,1.511900,1.512100,1.511600,1.511900
1273081680,1.511900,1.512000,1.511800,1.512000
1273081740,1.512100,1.512200,1.511900,1.511900
1273081800,1.511900,1.512000,1.511600,1.511700
1273081860,1.511600,1.512100,1.511600,1.512100
1273081920,1.512100,1.512100,1.512100,1.512100
1273081980,1.512000,1.512100,1.512000,1.512100
1273082040,1.512000,1.512100,1.511900,1.512100
1273082100,1.512000,1.512200,1.512000,1.512200
1273082160,1.512100,1.512200,1.512100,1.512200
1273082220,1.512100,1.512400,1.512100,1.512300
1273082280,1.512300,1.512400,1.512100,1.512100
1273082340,1.512000,1.512200,1.511800,1.511800
1273082400,1.511800,1.512000,1.511800,1.511800
1273082460,1.511700,1.511800,1.511400,1.511800
1273082520,1.511800,1.511900,1.511600,1.511600
1273082580,1.511700,1.511800,1.511500,1.511600
1273082640,1.511600,1.511700,1.511500,1.511500
1273082700,1.511400,1.511600,1.511400,1.511600
1273082760,1.511700,1.511900,1.511700,1.511900
1273082820,1.511800,1.511900,1.511700,1.511700
1273082880,1.511800,1.512000,1.511700,1.511800
1273082940,1.511800,1.511800,1.511500,1.511700
1273083000,1.511600,1.511800,1.511400,1.511500
1273083060,1.511600,1.511900,1.511600,1.511800
1273083120,1.511900,1.512000,1.511700,1.512000
1273083180,1.511900,1.512200,1.511900,1.511900
1273083240,1.511800,1.511900,1.511700,1.511800
1273083300,1.511700,1.511800,1.511400,1.511800
1273083360,1.511800,1.512000,1.511500,1.511600
1273083420,1.511500,1.511800,1.511500,1.511700
1273083480,1.511600,1.511800,1.511600,1.511800
1273083540,1.511700,1.511700,1.511400,1.511500
1273083600,1.511500,1.511700,1.511200,1.511700
1273083660,1.511800,1.512100,1.511700,1.511800
1273083720,1.511900,1.511900,1.511500,1.511500
1273083780,1.511500,1.511600,1.511400,1.511400
1273083840,1.511500,1.511700,1.511500,1.511600
1273083900,1.511600,1.511600,1.511500,1.511500
1273083960,1.511500,1.511500,1.511000,1.511200
1273084020,1.511300,1.511300,1.510500,1.510600
1273084080,1.510600,1.510800,1.510000,1.510100
1273084140,1.510100,1.510300,1.509600,1.510000
1273084200,1.510100,1.510200,1.509800,1.510100
1273084260,1.510000,1.510500,1.509900,1.510100
1273084320,1.510100,1.510300,1.510000,1.510100
1273084380,1.510100,1.510500,1.510100,1.510200
1273084440,1.510100,1.510300,1.510100,1.510200
1273084500,1.510200,1.510400,1.510100,1.510300
1273084560,1.510200,1.510300,1.509800,1.510100
1273084620,1.510200,1.510200,1.509700,1.509700
1273084680,1.509800,1.509900,1.509500,1.509700
1273084740,1.509600,1.509800,1.509400,1.509700
1273084800,1.509700,1.510000,1.509700,1.510000
1273084860,1.509900,1.510200,1.509700,1.510200
1273084920,1.510100,1.510200,1.509300,1.509500
1273084980,1.509600,1.509700,1.509500,1.509600
1273085040,1.509700,1.509900,1.509400,1.509700
1273085100,1.509700,1.509900,1.509600,1.509800
1273085160,1.509700,1.509900,1.509600,1.509900
1273085220,1.509900,1.509900,1.509600,1.509700
1273085280,1.509600,1.509800,1.509500,1.509700
1273085340,1.509800,1.509900,1.509500,1.509600
1273085400,1.509500,1.509700,1.509300,1.509600
1273085460,1.509700,1.509800,1.509500,1.509700
1273085520,1.509600,1.509900,1.509500,1.509900
1273085580,1.509800,1.509900,1.509500,1.509600
1273085640,1.509500,1.509800,1.509500,1.509700
1273085700,1.509800,1.510000,1.509600,1.510000
1273085760,1.510200,1.510400,1.510100,1.510400
1273085820,1.510300,1.510400,1.510100,1.510100
1273085880,1.510100,1.510200,1.509900,1.510000
1273085940,1.510000,1.510100,1.509900,1.510100
1273086000,1.510100,1.510400,1.510100,1.510300
1273086060,1.510400,1.510400,1.510100,1.510100
1273086120,1.510100,1.510200,1.509800,1.509800
1273086180,1.510000,1.510000,1.509800,1.510000
1273086240,1.510100,1.510400,1.510000,1.510200
1273086300,1.510200,1.510200,1.509300,1.509400
1273086360,1.509400,1.509500,1.509300,1.509400
1273086420,1.509400,1.509600,1.509300,1.509400
1273086480,1.509300,1.509600,1.509300,1.509400
1273086540,1.509500,1.509800,1.509500,1.509600
1273086600,1.509700,1.510300,1.509700,1.510100
1273086660,1.510100,1.510100,1.509800,1.509900
1273086720,1.509900,1.510000,1.509800,1.509800
1273086780,1.509800,1.509900,1.509700,1.509800
1273086840,1.509900,1.510500,1.509900,1.510200
1273086900,1.510300,1.510400,1.510000,1.510000
1273086960,1.509900,1.509900,1.509500,1.509900
1273087020,1.509800,1.510000,1.509700,1.509700
1273087080,1.509800,1.510000,1.509700,1.509700
1273087140,1.509700,1.510100,1.509700,1.509900
1273087200,1.509900,1.509900,1.509700,1.509800
1273087260,1.509700,1.509700,1.509300,1.509500
1273087320,1.509400,1.509900,1.509400,1.509600
1273087380,1.509600,1.509900,1.509400,1.509600
1273087440,1.509600,1.510100,1.509400,1.510000
1273087500,1.509900,1.510000,1.509700,1.509800
1273087560,1.509700,1.510100,1.509700,1.509900
1273087620,1.509900,1.509900,1.509500,1.509700
1273087680,1.509700,1.509900,1.509700,1.509700
1273087740,1.509700,1.509700,1.509500,1.509600
1273087800,1.509700,1.509800,1.509500,1.509500
1273087860,1.509600,1.509800,1.509600,1.509700
1273087920,1.509700,1.509700,1.509500,1.509600
1273087980,1.509600,1.509700,1.509400,1.509400
1273088040,1.509400,1.509800,1.509400,1.509600
1273088100,1.509500,1.509500,1.509300,1.509400
1273088160,1.509500,1.509600,1.509300,1.509500
1273088220,1.509500,1.509800,1.509500,1.509700
1273088280,1.509600,1.509800,1.509500,1.509800
1273088340,1.509700,1.509800,1.509600,1.509600
1273088400,1.509600,1.509800,1.509400,1.509600
1273088460,1.509500,1.509800,1.509500,1.509700
1273088520,1.509800,1.509800,1.509400,1.509600
1273088580,1.509500,1.509600,1.509500,1.509500
1273088640,1.509500,1.509800,1.509500,1.509700
1273088700,1.509700,1.509800,1.509600,1.509700
1273088760,1.509600,1.509700,1.509400,1.509500
1273088820,1.509400,1.509500,1.509300,1.509300
1273088880,1.509400,1.509400,1.509200,1.509300
1273088940,1.509200,1.509300,1.509100,1.509100
1273089000,1.509100,1.509100,1.509000,1.509100
1273089060,1.509100,1.509300,1.508900,1.509100
1273089120,1.509000,1.509300,1.509000,1.509100
1273089180,1.509100,1.509100,1.508900,1.509000
1273089240,1.509100,1.509100,1.509000,1.509100
1273089300,1.509400,1.509700,1.509300,1.509500
1273089360,1.509500,1.509500,1.509500,1.509500
1273089420,1.509600,1.509700,1.509500,1.509600
1273089480,1.509600,1.509600,1.509500,1.509600
1273089540,1.509500,1.509700,1.509500,1.509600
1273089600,1.509700,1.509800,1.509600,1.509800
1273089660,1.509700,1.509900,1.509700,1.509900
1273089720,1.509800,1.509900,1.509800,1.509800
1273089780,1.509900,1.510300,1.509800,1.510300
1273089840,1.510300,1.510300,1.510200,1.510200
1273089900,1.510100,1.510100,1.509900,1.509900
1273089960,1.510000,1.510000,1.509800,1.510000
1273090020,1.510000,1.510100,1.509900,1.510000
1273090080,1.510100,1.510500,1.510000,1.510500
1273090140,1.510500,1.510500,1.510400,1.510500
1273090200,1.510500,1.510500,1.510300,1.510300
1273090260,1.510400,1.510600,1.510400,1.510600
1273090320,1.510500,1.510600,1.510500,1.510600
1273090380,1.510600,1.510700,1.510600,1.510600
1273090440,1.510500,1.510600,1.510400,1.510600
1273090500,1.510500,1.510700,1.510500,1.510600
1273090560,1.510600,1.510700,1.510500,1.510600
1273090620,1.510600,1.510700,1.510500,1.510500
1273090680,1.510500,1.510600,1.510500,1.510600
1273090800,1.510600,1.510600,1.510100,1.510100
1273090860,1.510200,1.510300,1.510100,1.510200
1273090920,1.509900,1.510200,1.509800,1.510000
1273090980,1.509900,1.510100,1.509900,1.510100
1273091040,1.510100,1.510100,1.510100,1.510100
1273091100,1.510100,1.510100,1.510100,1.510100
1273091160,1.510000,1.510100,1.510000,1.510000
1273091220,1.510100,1.510200,1.510100,1.510200
1273091280,1.510300,1.510300,1.510000,1.510000
1273091340,1.510100,1.510300,1.510000,1.510300
1273091400,1.510500,1.510500,1.510300,1.510400
1273091460,1.510400,1.510500,1.510000,1.510200
1273091520,1.510300,1.510400,1.510200,1.510400
1273091580,1.510400,1.510500,1.510400,1.510500
1273091640,1.510500,1.510500,1.510400,1.510500
1273091700,1.510500,1.510700,1.510500,1.510600
1273091760,1.510700,1.510700,1.510500,1.510500
1273091820,1.510600,1.510600,1.510500,1.510600
1273091880,1.510700,1.510800,1.510600,1.510700
1273091940,1.510700,1.510700,1.510700,1.510700
1273092000,1.510700,1.510700,1.510600,1.510700
1273092060,1.510600,1.510700,1.510600,1.510700
1273092120,1.510700,1.510700,1.510700,1.510700
1273092180,1.510600,1.510600,1.510600,1.510600
1273092240,1.510700,1.510800,1.510700,1.510700
1273092300,1.510700,1.510700,1.510600,1.510700
1273092360,1.510600,1.510600,1.510400,1.510500
1273092420,1.510400,1.510600,1.510400,1.510500
1273092480,1.510300,1.510500,1.510300,1.510500
1273092540,1.510400,1.510500,1.510400,1.510400
1273092600,1.510500,1.510500,1.510400,1.510400
1273092660,1.510400,1.510400,1.510400,1.510400
1273092720,1.510400,1.510800,1.510300,1.510700
1273092780,1.510700,1.510700,1.510200,1.510300
1273092840,1.510400,1.510400,1.510200,1.510300
1273092900,1.510300,1.510400,1.510300,1.510400
1273092960,1.510500,1.510700,1.510400,1.510400
1273093020,1.510300,1.510400,1.510300,1.510300
1273093080,1.510400,1.510400,1.510000,1.510200
1273093140,1.510200,1.510200,1.509900,1.509900
1273093200,1.510000,1.510000,1.509100,1.509100
1273093260,1.509200,1.510100,1.509000,1.509200
1273093320,1.509200,1.510000,1.509100,1.509300
1273093380,1.509400,1.509600,1.509200,1.509600
1273093440,1.509500,1.509800,1.509400,1.509600
1273093500,1.509600,1.509800,1.509500,1.509700
1273093560,1.509600,1.509700,1.509600,1.509700
1273093620,1.509700,1.509900,1.509400,1.509500
1273093680,1.509400,1.509500,1.509400,1.509400
1273093740,1.509400,1.509700,1.509400,1.509600
1273093800,1.509600,1.510100,1.509400,1.509800
1273093860,1.509800,1.510100,1.509600,1.510000
1273093920,1.509900,1.510000,1.509700,1.509700
1273093980,1.509700,1.509800,1.509600,1.509600
1273094040,1.509600,1.509600,1.509400,1.509500
1273094100,1.509500,1.509800,1.509400,1.509500
1273094160,1.509600,1.509800,1.509400,1.509700
1273094220,1.509600,1.509900,1.509600,1.509800
1273094280,1.509800,1.509800,1.509700,1.509700
1273094340,1.509700,1.509700,1.509400,1.509500
1273094400,1.509400,1.509700,1.509300,1.509700
1273094460,1.509800,1.509900,1.509800,1.509800
1273094520,1.509800,1.509800,1.509700,1.509800
1273094580,1.509800,1.510000,1.509800,1.510000
1273094700,1.510100,1.510100,1.510000,1.510000
1273094820,1.510200,1.510200,1.510100,1.510100
1273094880,1.510100,1.510100,1.510100,1.510100
1273094940,1.510100,1.510500,1.510100,1.510300
1273095000,1.510300,1.510300,1.510200,1.510200
1273095060,1.510300,1.510300,1.510300,1.510300
1273095120,1.510400,1.510400,1.510000,1.510100
1273095180,1.510000,1.510100,1.509900,1.509900
1273095240,1.509900,1.509900,1.509900,1.509900
1273095300,1.509900,1.509900,1.509900,1.509900
1273095360,1.510000,1.510000,1.509900,1.509900
1273095420,1.509900,1.510100,1.509900,1.510100
1273095540,1.510100,1.510100,1.510100,1.510100
1273095600,1.510100,1.510100,1.510100,1.510100
1273095840,1.510000,1.510000,1.509900,1.510000
1273095900,1.510100,1.510100,1.510100,1.510100
1273095960,1.510100,1.510100,1.510100,1.510100
1273096080,1.510300,1.510400,1.510200,1.510300
1273096140,1.510300,1.510500,1.510300,1.510400
1273096200,1.510300,1.510400,1.510300,1.510400
1273096260,1.510300,1.510300,1.510200,1.510300
1273096320,1.510300,1.510400,1.510300,1.510300
1273096500,1.510300,1.510300,1.510300,1.510300
1273096560,1.510300,1.510300,1.510300,1.510300
1273096620,1.510300,1.510500,1.510300,1.510400
1273096680,1.510300,1.510300,1.510300,1.510300
1273096740,1.510000,1.510400,1.509900,1.510400
1273096800,1.510400,1.510400,1.510100,1.510400
1273096860,1.510400,1.510500,1.510300,1.510300
1273096920,1.510300,1.510400,1.510300,1.510400
1273096980,1.510400,1.510500,1.510200,1.510200
1273097040,1.510300,1.510300,1.510100,1.510200
1273097100,1.510300,1.510400,1.510300,1.510300
1273097160,1.510300,1.510400,1.510100,1.510200
1273097220,1.510300,1.510300,1.510100,1.510100
1273097280,1.510100,1.510200,1.510000,1.510000
1273097460,1.510100,1.510100,1.510000,1.510000
1273097520,1.510100,1.510200,1.509900,1.509900
1273097580,1.510000,1.510000,1.509900,1.509900
1273097640,1.510000,1.510000,1.509900,1.509900
1273097700,1.510000,1.510000,1.509900,1.509900
1273097760,1.509900,1.509900,1.509900,1.509900
1273097820,1.509800,1.509900,1.509500,1.509800
1273097940,1.509700,1.509800,1.509700,1.509700
1273098000,1.509600,1.509700,1.509600,1.509600
1273098060,1.509500,1.509700,1.509500,1.509700
1273098120,1.509800,1.509900,1.509700,1.509700
1273098180,1.509600,1.509600,1.509600,1.509600
1273098240,1.509800,1.509800,1.509700,1.509800
1273098300,1.509700,1.509900,1.509600,1.509900
1273098360,1.509800,1.509900,1.509700,1.509700
1273098420,1.509600,1.509600,1.509600,1.509600
1273098540,1.509500,1.509500,1.509500,1.509500
1273098600,1.509600,1.509700,1.509600,1.509600
1273098660,1.509700,1.509700,1.509600,1.509700
1273098720,1.509700,1.509700,1.509700,1.509700
1273098780,1.509700,1.509700,1.509700,1.509700
1273098840,1.509600,1.509700,1.509600,1.509700
1273098900,1.509700,1.509700,1.509600,1.509600
1273098960,1.509700,1.509700,1.509600,1.509700
1273099020,1.509600,1.509600,1.509600,1.509600
1273099140,1.509500,1.509600,1.509400,1.509500
1273099200,1.509600,1.509700,1.509600,1.509600
1273099260,1.509600,1.509600,1.509600,1.509600
1273099320,1.509600,1.509600,1.509400,1.509400
1273099380,1.509500,1.509500,1.509300,1.509300
1273099440,1.509400,1.509400,1.509300,1.509300
1273099500,1.509400,1.509700,1.509300,1.509600
1273099560,1.509700,1.509700,1.509400,1.509400
1273099620,1.509300,1.509500,1.509300,1.509400
1273099680,1.509500,1.509600,1.509400,1.509600
1273099740,1.509600,1.509600,1.509600,1.509600
1273099800,1.509500,1.509600,1.509500,1.509600
1273099860,1.509500,1.509600,1.509400,1.509600
1273099920,1.509600,1.509600,1.509400,1.509600
1273099980,1.509500,1.509500,1.509500,1.509500
1273100040,1.509600,1.509700,1.509600,1.509700
1273100100,1.509700,1.509700,1.509600,1.509600
1273100160,1.509700,1.509700,1.509500,1.509500
1273100220,1.509600,1.509600,1.509500,1.509600
1273100280,1.509500,1.509600,1.509500,1.509500
1273100340,1.509600,1.509600,1.509500,1.509500
1273100400,1.509500,1.509500,1.509400,1.509400
1273100520,1.509500,1.509500,1.509300,1.509400
1273100640,1.509500,1.509600,1.509500,1.509600
1273100700,1.509500,1.509600,1.509500,1.509500
1273100760,1.509600,1.509600,1.509600,1.509600
1273100820,1.509700,1.509700,1.509600,1.509600
1273100940,1.509700,1.509800,1.509700,1.509700
1273101000,1.509700,1.509800,1.509700,1.509700
1273101060,1.509800,1.509800,1.509700,1.509800
1273101120,1.509800,1.509800,1.509600,1.509600
1273101180,1.509600,1.509700,1.509600,1.509700
1273101240,1.509700,1.509700,1.509600,1.509700
1273101300,1.509700,1.510000,1.509700,1.509900
1273101360,1.509700,1.509900,1.509700,1.509700
1273101420,1.509800,1.510000,1.509800,1.509800
1273101480,1.509900,1.510100,1.509700,1.509800
1273101540,1.509900,1.510000,1.509900,1.510000
1273101600,1.510100,1.510200,1.509900,1.510000
1273101660,1.509900,1.510000,1.509900,1.510000
1273101720,1.509900,1.510000,1.509900,1.510000
1273101780,1.509900,1.510200,1.509900,1.510100
1273101840,1.510200,1.510300,1.510100,1.510300
1273101900,1.510300,1.510400,1.510200,1.510200
1273101960,1.510300,1.510300,1.510300,1.510300
1273102020,1.510200,1.510600,1.510200,1.510500
1273102080,1.510600,1.510600,1.510000,1.510100
1273102140,1.510200,1.510300,1.510200,1.510200
1273102200,1.510200,1.510300,1.510200,1.510200
1273102260,1.510200,1.510200,1.510100,1.510200
1273102320,1.510100,1.510100,1.510100,1.510100
1273102380,1.510100,1.510100,1.510100,1.510100
1273102560,1.510100,1.510100,1.510000,1.510000
1273102620,1.509900,1.509900,1.509900,1.509900
1273102680,1.509900,1.509900,1.509900,1.509900
1273102740,1.509800,1.509900,1.509800,1.509900
1273102800,1.509900,1.510100,1.509900,1.510100
1273102860,1.510000,1.510200,1.510000,1.510100
1273102920,1.510200,1.510500,1.510200,1.510300
1273102980,1.510300,1.510300,1.510100,1.510100
1273103040,1.510000,1.510000,1.509700,1.509700
1273103100,1.509700,1.509800,1.509600,1.509800
1273103160,1.509800,1.509800,1.509600,1.509600
1273103280,1.509700,1.509700,1.509700,1.509700
1273103340,1.509700,1.509700,1.509700,1.509700
1273103400,1.509900,1.509900,1.509800,1.509800
1273103460,1.509900,1.509900,1.509800,1.509800
1273103520,1.509900,1.509900,1.509800,1.509800
1273103580,1.509800,1.509800,1.509700,1.509700
1273103640,1.509700,1.509900,1.509600,1.509800
1273103700,1.509800,1.509800,1.509600,1.509600
1273103760,1.509700,1.509700,1.509600,1.509700
1273103820,1.509700,1.509700,1.509600,1.509700
1273103940,1.509700,1.509700,1.509700,1.509700
1273104000,1.509700,1.509700,1.509700,1.509700
1273104060,1.509600,1.509800,1.509600,1.509700
1273104120,1.509700,1.510000,1.509700,1.509900
1273104180,1.510100,1.510100,1.510000,1.510100
1273104240,1.510200,1.510300,1.510200,1.510300
1273104300,1.510400,1.510400,1.510200,1.510300
1273104360,1.510400,1.510400,1.510300,1.510400
1273104420,1.510400,1.510400,1.510300,1.510300
1273104480,1.510400,1.510400,1.510200,1.510200
1273104660,1.510200,1.510200,1.510200,1.510200
1273104780,1.510200,1.510200,1.510200,1.510200
1273104840,1.510200,1.510300,1.510200,1.510200
1273104900,1.510300,1.510300,1.510100,1.510100
1273104960,1.510200,1.510200,1.510100,1.510200
1273105020,1.510200,1.510300,1.510200,1.510200
1273105080,1.510300,1.510300,1.510200,1.510300
1273105140,1.510300,1.510300,1.510100,1.510200
1273105200,1.510300,1.510300,1.510300,1.510300
1273105260,1.510200,1.510800,1.510200,1.510800
1273105320,1.510900,1.511000,1.510800,1.511000
1273105380,1.510900,1.511200,1.510900,1.511200
1273105440,1.511200,1.511300,1.511100,1.511300
1273105500,1.511300,1.511400,1.511300,1.511300
1273105560,1.511400,1.511700,1.511400,1.511600
1273105620,1.511500,1.511700,1.511500,1.511700
1273105680,1.511700,1.511800,1.511700,1.511800
1273105740,1.511700,1.511800,1.511500,1.511600
1273105800,1.511700,1.511700,1.511700,1.511700
1273105860,1.511800,1.512100,1.511800,1.512100
1273105920,1.512000,1.513500,1.512000,1.513400
1273105980,1.513400,1.513400,1.513300,1.513400
1273106040,1.513500,1.513800,1.513400,1.513700
1273106100,1.513700,1.513700,1.513400,1.513600
1273106160,1.513600,1.513600,1.513400,1.513500
1273106220,1.513500,1.513500,1.513400,1.513500
1273106280,1.513500,1.513700,1.513500,1.513600
1273106340,1.513500,1.513500,1.513500,1.513500
1273106400,1.513500,1.513600,1.513400,1.513500
1273106460,1.513500,1.513500,1.513400,1.513400
1273106520,1.513400,1.513500,1.513300,1.513400
1273106580,1.513200,1.513400,1.512900,1.512900
1273106640,1.513000,1.513000,1.512800,1.512800
1273106700,1.512800,1.512800,1.512700,1.512800
1273106760,1.512800,1.513000,1.512800,1.513000
1273106820,1.513000,1.513300,1.512900,1.513100
1273106880,1.513100,1.513200,1.513100,1.513200
1273106940,1.513200,1.513200,1.513000,1.513100
1273107000,1.513000,1.513100,1.512900,1.512900
1273107060,1.512900,1.513100,1.512900,1.513000
1273107120,1.513100,1.513100,1.513000,1.513000
1273107180,1.513000,1.513000,1.512800,1.512900
1273107240,1.512900,1.513100,1.512800,1.513100
1273107300,1.513100,1.513200,1.512900,1.513000
1273107360,1.513100,1.513100,1.512900,1.513100
1273107420,1.513100,1.513200,1.512700,1.513200
1273107480,1.513300,1.513500,1.513300,1.513400
1273107540,1.513400,1.513700,1.513300,1.513700
1273107600,1.513700,1.513800,1.513700,1.513700
1273107660,1.513800,1.513900,1.513700,1.513800
1273107720,1.513900,1.514200,1.513900,1.514000
1273107780,1.514000,1.514600,1.514000,1.514400
1273107840,1.514500,1.514500,1.514200,1.514200
1273107900,1.514300,1.514400,1.514300,1.514300
1273107960,1.514300,1.514400,1.514300,1.514400
1273108020,1.514500,1.514600,1.514400,1.514500
1273108080,1.514500,1.514500,1.514300,1.514300
1273108140,1.514300,1.514400,1.514100,1.514200
1273108200,1.514200,1.514200,1.514100,1.514100
1273108260,1.514100,1.514100,1.513900,1.513900
1273108320,1.514000,1.514200,1.514000,1.514000
1273108440,1.514000,1.514100,1.513900,1.514000
1273108500,1.514000,1.514000,1.514000,1.514000
1273108560,1.514000,1.514000,1.514000,1.514000
1273108620,1.514100,1.514100,1.514000,1.514000
1273108680,1.514000,1.514100,1.514000,1.514000
1273108740,1.514000,1.514000,1.514000,1.514000
1273108800,1.514000,1.514000,1.514000,1.514000
1273108860,1.513900,1.513900,1.513700,1.513700
1273108920,1.513600,1.513700,1.513600,1.513600
1273108980,1.513600,1.513600,1.512900,1.513100
1273109040,1.513100,1.513200,1.513100,1.513200
1273109100,1.513200,1.513300,1.513100,1.513100
1273109160,1.513100,1.513100,1.513000,1.513000
1273109220,1.513000,1.513100,1.513000,1.513100
1273109280,1.513000,1.513100,1.513000,1.513100
1273109340,1.513100,1.513200,1.512500,1.512600
1273109400,1.512700,1.513000,1.512100,1.512100
1273109460,1.512100,1.512200,1.511700,1.511700
1273109520,1.511800,1.512300,1.511800,1.512200
1273109580,1.512100,1.512700,1.512100,1.512500
1273109640,1.512500,1.512600,1.512500,1.512500
1273109700,1.512500,1.512700,1.512400,1.512600
1273109760,1.512600,1.512700,1.512600,1.512700
1273109820,1.512600,1.512800,1.512500,1.512800
1273109880,1.512800,1.513000,1.512700,1.512700
1273109940,1.512700,1.512700,1.512600,1.512700
1273110000,1.512700,1.512700,1.512500,1.512500
1273110060,1.512500,1.512500,1.512100,1.512200
1273110120,1.512200,1.512200,1.511800,1.511900
1273110180,1.511800,1.511800,1.511600,1.511700
1273110240,1.511800,1.511900,1.511700,1.511800
1273110300,1.511900,1.512100,1.511900,1.512000
1273110360,1.512000,1.512000,1.511800,1.512000
1273110420,1.511900,1.512100,1.511900,1.511900
1273110480,1.511800,1.512000,1.511500,1.511900
1273110540,1.512000,1.512100,1.511900,1.511900
1273110600,1.512000,1.512000,1.511900,1.512000
1273110660,1.511900,1.512000,1.511700,1.511900
1273110720,1.511800,1.511800,1.511700,1.511700
1273110780,1.511800,1.511900,1.511800,1.511800
1273110840,1.511800,1.511900,1.511800,1.511900
1273110900,1.511800,1.511900,1.511700,1.511700
1273110960,1.511800,1.511800,1.511600,1.511700
1273111020,1.511700,1.511900,1.511700,1.511800
1273111080,1.511900,1.511900,1.511900,1.511900
1273111140,1.511900,1.511900,1.511900,1.511900
1273111200,1.511800,1.511800,1.511700,1.511800
1273111260,1.511700,1.511700,1.511600,1.511600
1273111320,1.511600,1.511700,1.511600,1.511700
1273111380,1.511600,1.511900,1.511600,1.511800
1273111440,1.511800,1.511800,1.511700,1.511800
1273111500,1.511800,1.511800,1.511800,1.511800
1273111560,1.511900,1.512000,1.511900,1.511900
1273111620,1.511900,1.512000,1.511900,1.512000
1273111680,1.512100,1.512300,1.512000,1.512300
1273111740,1.512200,1.512700,1.512200,1.512700
1273111800,1.512700,1.512800,1.512600,1.512700
1273111860,1.512600,1.512700,1.512500,1.512700
1273111920,1.512700,1.512700,1.512700,1.512700
1273111980,1.512800,1.512800,1.512500,1.512600
1273112040,1.512700,1.512800,1.512700,1.512700
1273112100,1.512700,1.512700,1.512300,1.512300
1273112160,1.512300,1.512400,1.512300,1.512400
1273112220,1.512400,1.512600,1.512300,1.512600
1273112280,1.512700,1.512800,1.512700,1.512800
1273112340,1.512800,1.512800,1.512700,1.512700
1273112400,1.512800,1.512800,1.512700,1.512700
1273112520,1.512800,1.513100,1.512800,1.513000
1273112580,1.513100,1.513100,1.512900,1.513000
1273112640,1.513100,1.513100,1.513000,1.513100
1273112700,1.513100,1.513100,1.513000,1.513000
1273112760,1.513000,1.513000,1.512600,1.512600
1273112820,1.512600,1.512600,1.512100,1.512100
1273112880,1.512200,1.512600,1.512200,1.512600
1273112940,1.512600,1.512600,1.512100,1.512100
1273113000,1.512200,1.512400,1.512100,1.512100
1273113060,1.512200,1.512600,1.512200,1.512600
1273113120,1.512700,1.513200,1.512700,1.513100
1273113180,1.513000,1.513300,1.513000,1.513100
1273113240,1.513200,1.513400,1.513200,1.513400
1273113300,1.513500,1.513800,1.513400,1.513800
1273113360,1.513800,1.513900,1.513700,1.513800
1273113420,1.513700,1.514100,1.513700,1.514000
1273113480,1.514100,1.514500,1.514100,1.514200
1273113540,1.514200,1.514300,1.513800,1.513800
1273113600,1.513800,1.513800,1.513000,1.513100
1273113660,1.513100,1.513100,1.512900,1.513100
1273113720,1.513100,1.513100,1.513000,1.513100
1273113780,1.513200,1.513300,1.513200,1.513200
1273113840,1.513300,1.513300,1.513200,1.513300
1273113900,1.513300,1.513300,1.513300,1.513300
1273113960,1.513200,1.513500,1.513200,1.513500
1273114020,1.513400,1.513500,1.513400,1.513400
1273114080,1.513500,1.513600,1.513500,1.513600
1273114140,1.513500,1.513600,1.513500,1.513500
1273114200,1.513600,1.513600,1.513300,1.513600
1273114260,1.513600,1.513600,1.513500,1.513500
1273114320,1.513500,1.514100,1.513500,1.514000
1273114380,1.514100,1.514500,1.514100,1.514300
1273114440,1.514400,1.514500,1.514300,1.514300
1273114500,1.514200,1.514300,1.514200,1.514200
1273114560,1.514200,1.514200,1.513900,1.513900
1273114620,1.513800,1.513800,1.513700,1.513800
1273114680,1.513700,1.513800,1.513400,1.513400
1273114740,1.513600,1.513700,1.513400,1.513400
1273114800,1.513500,1.513900,1.513400,1.513500
1273114860,1.513500,1.513600,1.513500,1.513500
1273114920,1.513600,1.513600,1.513000,1.513100
1273114980,1.513100,1.513100,1.513100,1.513100
1273115040,1.513200,1.513300,1.513200,1.513200
1273115100,1.513200,1.513400,1.513200,1.513400
1273115160,1.513400,1.513500,1.513400,1.513400
1273115220,1.513400,1.513500,1.513400,1.513500
1273115280,1.513400,1.513500,1.513400,1.513400
1273115340,1.513400,1.513400,1.513300,1.513300
1273115460,1.513200,1.513200,1.512600,1.512700
1273115520,1.512700,1.512800,1.512700,1.512700
1273115580,1.512600,1.512700,1.512500,1.512600
1273115640,1.512600,1.512600,1.512600,1.512600
1273115700,1.512600,1.512800,1.512600,1.512700
1273115760,1.512700,1.512700,1.512600,1.512700
1273115820,1.512600,1.512900,1.512600,1.512900
1273115880,1.513000,1.513100,1.513000,1.513000
1273115940,1.513000,1.513100,1.512800,1.512800
1273116000,1.512900,1.513000,1.512800,1.512800
1273116060,1.512900,1.513100,1.512900,1.513100
1273116120,1.513200,1.513200,1.513100,1.513100
1273116180,1.513000,1.513100,1.513000,1.513100
1273116240,1.513100,1.513100,1.513100,1.513100
1273116300,1.513100,1.513200,1.512800,1.512900
1273116360,1.512900,1.512900,1.512900,1.512900
1273116420,1.512800,1.512800,1.512800,1.512800
1273116480,1.512700,1.512700,1.512600,1.512600
1273116540,1.512500,1.512600,1.512400,1.512400
1273116600,1.512400,1.512700,1.512400,1.512700
1273116660,1.512700,1.512700,1.512600,1.512600
1273116720,1.512600,1.512600,1.512300,1.512400
1273116780,1.512300,1.512400,1.512300,1.512400
1273116840,1.512400,1.512500,1.512400,1.512400
1273116900,1.512400,1.512500,1.512300,1.512500
1273116960,1.512400,1.512500,1.512400,1.512400
1273117020,1.512500,1.512500,1.512500,1.512500
1273117200,1.512700,1.512900,1.512600,1.512900
1273117260,1.512900,1.513100,1.512900,1.513100
1273117320,1.513200,1.513400,1.513200,1.513400
1273117380,1.513400,1.513400,1.513300,1.513400
1273117440,1.513400,1.513400,1.513300,1.513300
1273117500,1.513300,1.513300,1.513200,1.513200
1273117560,1.513100,1.513100,1.513000,1.513000
1273117620,1.513100,1.513100,1.513000,1.513000
1273117800,1.513000,1.513000,1.513000,1.513000
1273117860,1.513100,1.513100,1.513100,1.513100
1273117920,1.513100,1.513100,1.513000,1.513000
1273117980,1.513000,1.513000,1.513000,1.513000
1273118040,1.512900,1.512900,1.512600,1.512600
1273118100,1.512700,1.512800,1.512700,1.512800
1273118160,1.512700,1.512700,1.512600,1.512600
1273118220,1.512600,1.512600,1.512400,1.512400
1273118280,1.512500,1.512500,1.512300,1.512400
1273118340,1.512400,1.512400,1.512400,1.512400
