time,open,high,low,close
1580187600,120.120000,120.122000,120.118000,120.118000
1580187660,120.118000,120.125000,120.117000,120.121000
1580187720,120.122000,120.122000,120.114000,120.115000
1580187780,120.118000,120.118000,120.100000,120.102000
1580187840,120.102000,120.109000,120.101000,120.106000
1580187900,120.106000,120.106000,120.099000,120.100000
1580187960,120.100000,120.100000,120.092000,120.094000
1580188020,120.094000,120.096000,120.092000,120.095000
1580188080,120.096000,120.097000,120.094000,120.096000
1580188140,120.094000,120.096000,120.089000,120.090000
1580188200,120.089000,120.089000,120.079000,120.081000
1580188260,120.082000,120.093000,120.082000,120.093000
1580188320,120.092000,120.092000,120.088000,120.089000
1580188380,120.089000,120.095000,120.089000,120.093000
1580188440,120.093000,120.095000,120.084000,120.087000
1580188500,120.087000,120.094000,120.083000,120.094000
1580188560,120.095000,120.097000,120.090000,120.094000
1580188620,120.095000,120.099000,120.093000,120.098000
1580188680,120.097000,120.099000,120.094000,120.098000
1580188740,120.098000,120.099000,120.094000,120.098000
1580188800,120.100000,120.110000,120.100000,120.108000
1580188860,120.108000,120.108000,120.107000,120.107000
1580188920,120.107000,120.117000,120.107000,120.113000
1580188980,120.112000,120.112000,120.110000,120.110000
1580189040,120.111000,120.112000,120.106000,120.108000
1580189100,120.110000,120.110000,120.105000,120.107000
1580189160,120.107000,120.110000,120.104000,120.110000
1580189220,120.109000,120.113000,120.109000,120.111000
1580189280,120.109000,120.113000,120.108000,120.111000
1580189340,120.111000,120.116000,120.111000,120.116000
1580189400,120.116000,120.127000,120.116000,120.120000
1580189460,120.120000,120.128000,120.118000,120.126000
1580189520,120.127000,120.133000,120.127000,120.130000
1580189580,120.130000,120.130000,120.119000,120.120000
1580189640,120.121000,120.124000,120.121000,120.122000
1580189700,120.120000,120.123000,120.120000,120.123000
1580189760,120.123000,120.129000,120.121000,120.129000
1580189820,120.129000,120.131000,120.129000,120.130000
1580189880,120.130000,120.147000,120.130000,120.147000
1580189940,120.147000,120.147000,120.141000,120.141000
1580190000,120.142000,120.142000,120.137000,120.137000
1580190060,120.139000,120.139000,120.127000,120.128000
1580190120,120.128000,120.131000,120.128000,120.131000
1580190180,120.131000,120.140000,120.130000,120.137000
1580190240,120.137000,120.143000,120.132000,120.142000
1580190300,120.142000,120.152000,120.140000,120.152000
1580190360,120.153000,120.175000,120.153000,120.170000
1580190420,120.171000,120.188000,120.168000,120.175000
1580190480,120.175000,120.175000,120.161000,120.162000
1580190540,120.163000,120.165000,120.150000,120.150000
1580190600,120.150000,120.154000,120.144000,120.153000
1580190660,120.154000,120.162000,120.154000,120.158000
1580190720,120.158000,120.160000,120.153000,120.155000
1580190780,120.155000,120.167000,120.154000,120.167000
1580190840,120.166000,120.169000,120.163000,120.167000
1580190900,120.167000,120.174000,120.161000,120.165000
1580190960,120.163000,120.168000,120.162000,120.167000
1580191020,120.169000,120.173000,120.167000,120.167000
1580191080,120.164000,120.164000,120.155000,120.158000
1580191140,120.159000,120.167000,120.154000,120.167000
1580191200,120.168000,120.169000,120.140000,120.148000
1580191260,120.147000,120.162000,120.145000,120.156000
1580191320,120.155000,120.155000,120.147000,120.148000
1580191380,120.148000,120.153000,120.148000,120.152000
1580191440,120.153000,120.161000,120.150000,120.156000
1580191500,120.157000,120.172000,120.157000,120.166000
1580191560,120.166000,120.169000,120.166000,120.169000
1580191620,120.168000,120.190000,120.168000,120.184000
1580191680,120.184000,120.193000,120.183000,120.183000
1580191740,120.182000,120.184000,120.177000,120.178000
1580191800,120.179000,120.181000,120.176000,120.177000
1580191860,120.176000,120.187000,120.176000,120.186000
1580191920,120.186000,120.193000,120.184000,120.186000
1580191980,120.187000,120.198000,120.176000,120.191000
1580192040,120.194000,120.196000,120.179000,120.179000
1580192100,120.179000,120.184000,120.179000,120.181000
1580192160,120.181000,120.196000,120.181000,120.191000
1580192220,120.189000,120.193000,120.184000,120.185000
1580192280,120.184000,120.192000,120.180000,120.192000
1580192340,120.192000,120.192000,120.183000,120.183000
1580192400,120.183000,120.186000,120.181000,120.184000
1580192460,120.184000,120.189000,120.183000,120.184000
1580192520,120.183000,120.184000,120.178000,120.179000
1580192580,120.181000,120.204000,120.176000,120.197000
1580192640,120.195000,120.195000,120.185000,120.190000
1580192700,120.190000,120.190000,120.184000,120.185000
1580192760,120.186000,120.186000,120.179000,120.181000
1580192820,120.181000,120.183000,120.174000,120.174000
1580192880,120.176000,120.195000,120.175000,120.191000
1580192940,120.191000,120.191000,120.178000,120.181000
1580193000,120.182000,120.182000,120.175000,120.177000
1580193060,120.177000,120.177000,120.175000,120.175000
1580193120,120.175000,120.175000,120.162000,120.167000
1580193180,120.166000,120.166000,120.159000,120.161000
1580193240,120.162000,120.165000,120.158000,120.158000
1580193300,120.159000,120.172000,120.156000,120.167000
1580193360,120.167000,120.169000,120.156000,120.156000
1580193420,120.156000,120.161000,120.154000,120.158000
1580193480,120.157000,120.173000,120.154000,120.161000
1580193540,120.163000,120.166000,120.156000,120.159000
1580193600,120.158000,120.159000,120.152000,120.152000
1580193660,120.152000,120.163000,120.152000,120.158000
1580193720,120.157000,120.159000,120.144000,120.149000
1580193780,120.149000,120.155000,120.146000,120.151000
1580193840,120.151000,120.151000,120.133000,120.136000
1580193900,120.136000,120.148000,120.135000,120.144000
1580193960,120.142000,120.158000,120.142000,120.155000
1580194020,120.155000,120.156000,120.148000,120.148000
1580194080,120.148000,120.175000,120.147000,120.163000
1580194140,120.164000,120.165000,120.150000,120.152000
1580194200,120.151000,120.151000,120.144000,120.149000
1580194260,120.148000,120.148000,120.136000,120.139000
1580194320,120.140000,120.143000,120.137000,120.140000
1580194380,120.139000,120.144000,120.135000,120.139000
1580194440,120.141000,120.159000,120.138000,120.159000
1580194500,120.159000,120.163000,120.156000,120.160000
1580194560,120.159000,120.172000,120.154000,120.171000
1580194620,120.171000,120.171000,120.160000,120.162000
1580194680,120.162000,120.179000,120.160000,120.177000
1580194740,120.177000,120.182000,120.173000,120.182000
1580194800,120.182000,120.182000,120.139000,120.143000
1580194860,120.141000,120.160000,120.132000,120.157000
1580194920,120.155000,120.168000,120.151000,120.153000
1580194980,120.153000,120.175000,120.153000,120.167000
1580195040,120.167000,120.173000,120.156000,120.157000
1580195100,120.159000,120.163000,120.148000,120.148000
1580195160,120.146000,120.146000,120.130000,120.137000
1580195220,120.137000,120.153000,120.134000,120.147000
1580195280,120.147000,120.155000,120.139000,120.153000
1580195340,120.151000,120.155000,120.149000,120.152000
1580195400,120.149000,120.174000,120.146000,120.173000
1580195460,120.172000,120.177000,120.167000,120.170000
1580195520,120.171000,120.180000,120.165000,120.176000
1580195580,120.176000,120.185000,120.174000,120.175000
1580195640,120.174000,120.178000,120.165000,120.168000
1580195700,120.166000,120.180000,120.166000,120.177000
1580195760,120.177000,120.182000,120.172000,120.172000
1580195820,120.172000,120.178000,120.161000,120.162000
1580195880,120.162000,120.163000,120.155000,120.160000
1580195940,120.159000,120.160000,120.142000,120.156000
1580196000,120.154000,120.160000,120.147000,120.160000
1580196060,120.160000,120.175000,120.155000,120.173000
1580196120,120.173000,120.173000,120.159000,120.165000
1580196180,120.164000,120.164000,120.149000,120.156000
1580196240,120.156000,120.164000,120.152000,120.163000
1580196300,120.163000,120.163000,120.156000,120.158000
1580196360,120.157000,120.157000,120.139000,120.144000
1580196420,120.145000,120.152000,120.144000,120.147000
1580196480,120.147000,120.149000,120.137000,120.137000
1580196540,120.137000,120.141000,120.135000,120.141000
1580196600,120.142000,120.148000,120.131000,120.147000
1580196660,120.147000,120.167000,120.141000,120.162000
1580196720,120.162000,120.162000,120.149000,120.149000
1580196780,120.150000,120.157000,120.148000,120.153000
1580196840,120.154000,120.161000,120.153000,120.156000
1580196900,120.158000,120.171000,120.158000,120.171000
1580196960,120.172000,120.172000,120.162000,120.168000
1580197020,120.169000,120.184000,120.164000,120.176000
1580197080,120.176000,120.180000,120.170000,120.179000
1580197140,120.178000,120.178000,120.168000,120.177000
1580197200,120.175000,120.178000,120.172000,120.176000
1580197260,120.176000,120.184000,120.171000,120.184000
1580197320,120.185000,120.191000,120.179000,120.188000
1580197380,120.187000,120.199000,120.187000,120.198000
1580197440,120.201000,120.206000,120.198000,120.198000
1580197500,120.197000,120.198000,120.187000,120.190000
1580197560,120.190000,120.191000,120.181000,120.187000
1580197620,120.188000,120.189000,120.172000,120.172000
1580197680,120.172000,120.181000,120.171000,120.181000
1580197740,120.181000,120.185000,120.172000,120.175000
1580197800,120.174000,120.175000,120.159000,120.160000
1580197860,120.160000,120.164000,120.158000,120.162000
1580197920,120.162000,120.164000,120.154000,120.162000
1580197980,120.162000,120.167000,120.161000,120.162000
1580198040,120.162000,120.174000,120.159000,120.172000
1580198100,120.171000,120.182000,120.170000,120.173000
1580198160,120.173000,120.173000,120.166000,120.170000
1580198220,120.170000,120.170000,120.153000,120.156000
1580198280,120.157000,120.170000,120.157000,120.169000
1580198340,120.168000,120.176000,120.164000,120.176000
1580198400,120.174000,120.174000,120.139000,120.152000
1580198460,120.152000,120.154000,120.143000,120.147000
1580198520,120.147000,120.159000,120.147000,120.150000
1580198580,120.150000,120.169000,120.148000,120.162000
1580198640,120.164000,120.170000,120.132000,120.146000
1580198700,120.147000,120.147000,120.116000,120.137000
1580198760,120.137000,120.161000,120.133000,120.157000
1580198820,120.155000,120.155000,120.143000,120.149000
1580198880,120.149000,120.166000,120.148000,120.151000
1580198940,120.151000,120.151000,120.139000,120.145000
1580199000,120.144000,120.149000,120.136000,120.136000
1580199060,120.135000,120.135000,120.119000,120.129000
1580199120,120.129000,120.142000,120.122000,120.141000
1580199180,120.140000,120.151000,120.133000,120.150000
1580199240,120.151000,120.154000,120.143000,120.150000
1580199300,120.149000,120.149000,120.138000,120.138000
1580199360,120.137000,120.137000,120.123000,120.124000
1580199420,120.126000,120.137000,120.122000,120.125000
1580199480,120.124000,120.127000,120.118000,120.120000
1580199540,120.121000,120.126000,120.116000,120.123000
1580199600,120.122000,120.125000,120.115000,120.115000
1580199660,120.115000,120.118000,120.094000,120.096000
1580199720,120.097000,120.098000,120.060000,120.061000
1580199780,120.061000,120.063000,120.051000,120.059000
1580199840,120.058000,120.065000,120.053000,120.061000
1580199900,120.060000,120.075000,120.058000,120.068000
1580199960,120.068000,120.069000,120.054000,120.065000
1580200020,120.065000,120.065000,120.047000,120.053000
1580200080,120.052000,120.052000,120.032000,120.034000
1580200140,120.036000,120.050000,120.031000,120.050000
1580200200,120.051000,120.060000,120.042000,120.042000
1580200260,120.042000,120.046000,120.007000,120.007000
1580200320,120.005000,120.023000,119.998000,120.023000
1580200380,120.025000,120.032000,120.013000,120.019000
1580200440,120.019000,120.025000,120.015000,120.018000
1580200500,120.019000,120.042000,120.019000,120.036000
1580200560,120.037000,120.044000,120.009000,120.009000
1580200620,120.009000,120.019000,120.000000,120.012000
1580200680,120.012000,120.021000,120.002000,120.021000
1580200740,120.020000,120.033000,120.019000,120.030000
1580200800,120.029000,120.033000,120.007000,120.015000
1580200860,120.015000,120.017000,119.999000,119.999000
1580200920,119.999000,120.012000,119.997000,120.006000
1580200980,120.006000,120.017000,119.994000,120.007000
1580201040,120.007000,120.011000,119.992000,120.010000
1580201100,120.010000,120.011000,119.991000,120.000000
1580201160,120.000000,120.015000,119.993000,120.007000
1580201220,120.007000,120.015000,119.994000,119.995000
1580201280,119.995000,119.998000,119.961000,119.966000
1580201340,119.967000,119.987000,119.962000,119.962000
1580201400,119.962000,119.962000,119.942000,119.956000
1580201460,119.956000,119.970000,119.953000,119.953000
1580201520,119.953000,120.004000,119.953000,119.987000
1580201580,119.988000,119.997000,119.985000,119.993000
1580201640,119.993000,119.995000,119.961000,119.976000
1580201700,119.977000,120.000000,119.967000,119.991000
1580201760,119.991000,119.991000,119.975000,119.975000
1580201820,119.974000,120.005000,119.949000,119.989000
1580201880,119.987000,120.009000,119.985000,120.005000
1580201940,120.005000,120.020000,120.003000,120.018000
1580202000,120.018000,120.020000,119.959000,119.966000
1580202060,119.961000,119.961000,119.916000,119.939000
1580202120,119.939000,119.941000,119.894000,119.903000
1580202180,119.903000,119.937000,119.892000,119.937000
1580202240,119.936000,119.936000,119.911000,119.915000
1580202300,119.915000,119.938000,119.888000,119.892000
1580202360,119.892000,119.902000,119.860000,119.860000
1580202420,119.860000,119.888000,119.850000,119.888000
1580202480,119.889000,119.931000,119.889000,119.922000
1580202540,119.923000,119.936000,119.916000,119.932000
1580202600,119.931000,119.932000,119.898000,119.909000
1580202660,119.909000,119.920000,119.898000,119.919000
1580202720,119.920000,119.928000,119.907000,119.912000
1580202780,119.911000,119.914000,119.903000,119.905000
1580202840,119.905000,119.918000,119.893000,119.914000
1580202900,119.912000,119.913000,119.888000,119.891000
1580202960,119.892000,119.904000,119.878000,119.886000
1580203020,119.887000,119.933000,119.886000,119.925000
1580203080,119.925000,119.927000,119.908000,119.912000
1580203140,119.911000,119.929000,119.911000,119.929000
1580203200,119.930000,119.939000,119.921000,119.931000
1580203260,119.930000,119.930000,119.888000,119.892000
1580203320,119.892000,119.902000,119.879000,119.880000
1580203380,119.880000,119.901000,119.880000,119.888000
1580203440,119.887000,119.893000,119.876000,119.877000
1580203500,119.878000,119.882000,119.843000,119.843000
1580203560,119.843000,119.845000,119.818000,119.826000
1580203620,119.825000,119.834000,119.806000,119.827000
1580203680,119.827000,119.840000,119.823000,119.838000
1580203740,119.838000,119.845000,119.822000,119.834000
1580203800,119.834000,119.845000,119.823000,119.843000
1580203860,119.843000,119.856000,119.840000,119.842000
1580203920,119.841000,119.854000,119.834000,119.850000
1580203980,119.852000,119.865000,119.845000,119.856000
1580204040,119.856000,119.875000,119.856000,119.869000
1580204100,119.869000,119.877000,119.850000,119.861000
1580204160,119.861000,119.868000,119.855000,119.860000
1580204220,119.858000,119.871000,119.855000,119.870000
1580204280,119.869000,119.877000,119.861000,119.874000
1580204340,119.874000,119.882000,119.863000,119.866000
1580204400,119.867000,119.885000,119.867000,119.875000
1580204460,119.874000,119.883000,119.862000,119.868000
1580204520,119.869000,119.903000,119.869000,119.903000
1580204580,119.903000,119.905000,119.879000,119.905000
1580204640,119.908000,119.929000,119.906000,119.926000
1580204700,119.927000,119.938000,119.920000,119.926000
1580204760,119.928000,119.932000,119.912000,119.913000
1580204820,119.913000,119.939000,119.913000,119.930000
1580204880,119.932000,119.933000,119.907000,119.913000
1580204940,119.913000,119.935000,119.909000,119.924000
1580205000,119.926000,119.950000,119.926000,119.950000
1580205060,119.951000,119.953000,119.928000,119.929000
1580205120,119.929000,119.936000,119.912000,119.913000
1580205180,119.913000,119.913000,119.892000,119.892000
1580205240,119.892000,119.902000,119.888000,119.894000
1580205300,119.895000,119.910000,119.895000,119.899000
1580205360,119.900000,119.903000,119.893000,119.901000
1580205420,119.901000,119.915000,119.895000,119.909000
1580205480,119.908000,119.919000,119.898000,119.901000
1580205540,119.901000,119.902000,119.882000,119.889000
1580205600,119.889000,119.896000,119.880000,119.890000
1580205660,119.892000,119.899000,119.890000,119.894000
1580205720,119.895000,119.914000,119.895000,119.909000
1580205780,119.909000,119.915000,119.899000,119.902000
1580205840,119.903000,119.908000,119.888000,119.890000
1580205900,119.890000,119.900000,119.890000,119.899000
1580205960,119.899000,119.923000,119.899000,119.916000
1580206020,119.915000,119.935000,119.914000,119.935000
1580206080,119.934000,119.951000,119.923000,119.950000
1580206140,119.952000,119.957000,119.939000,119.942000
1580206200,119.943000,119.953000,119.929000,119.935000
1580206260,119.936000,119.945000,119.924000,119.943000
1580206320,119.943000,119.954000,119.936000,119.941000
1580206380,119.942000,119.947000,119.927000,119.945000
1580206440,119.945000,119.954000,119.942000,119.951000
1580206500,119.952000,119.954000,119.938000,119.939000
1580206560,119.939000,119.962000,119.939000,119.961000
1580206620,119.962000,119.962000,119.949000,119.956000
1580206680,119.956000,119.956000,119.948000,119.956000
1580206740,119.956000,119.957000,119.951000,119.952000
1580206800,119.952000,119.964000,119.951000,119.961000
1580206860,119.961000,119.972000,119.960000,119.971000
1580206920,119.971000,119.971000,119.960000,119.960000
1580206980,119.960000,119.979000,119.960000,119.977000
1580207040,119.979000,119.979000,119.971000,119.971000
1580207100,119.973000,119.978000,119.956000,119.961000
1580207160,119.962000,119.962000,119.930000,119.938000
1580207220,119.940000,119.954000,119.936000,119.954000
1580207280,119.955000,119.955000,119.941000,119.945000
1580207340,119.945000,119.948000,119.925000,119.925000
1580207400,119.926000,119.932000,119.918000,119.921000
1580207460,119.921000,119.927000,119.915000,119.927000
1580207520,119.927000,119.931000,119.911000,119.912000
1580207580,119.913000,119.935000,119.913000,119.934000
1580207640,119.934000,119.934000,119.923000,119.928000
1580207700,119.928000,119.944000,119.928000,119.939000
1580207760,119.938000,119.949000,119.936000,119.941000
1580207820,119.944000,119.948000,119.942000,119.942000
1580207880,119.942000,119.966000,119.942000,119.956000
1580207940,119.955000,119.965000,119.951000,119.961000
1580208000,119.963000,119.963000,119.950000,119.954000
1580208060,119.954000,119.954000,119.937000,119.937000
1580208120,119.936000,119.949000,119.936000,119.940000
1580208180,119.939000,119.945000,119.937000,119.939000
1580208240,119.939000,119.947000,119.928000,119.930000
1580208300,119.930000,119.938000,119.929000,119.930000
1580208360,119.930000,119.935000,119.929000,119.934000
1580208420,119.933000,119.940000,119.930000,119.932000
1580208480,119.933000,119.934000,119.911000,119.929000
1580208540,119.930000,119.944000,119.930000,119.941000
1580208600,119.940000,119.948000,119.934000,119.948000
1580208660,119.947000,119.958000,119.945000,119.949000
1580208720,119.949000,119.960000,119.949000,119.957000
1580208780,119.957000,119.958000,119.942000,119.944000
1580208840,119.947000,119.949000,119.940000,119.944000
1580208900,119.945000,119.954000,119.940000,119.949000
1580208960,119.948000,119.948000,119.938000,119.943000
1580209020,119.944000,119.951000,119.942000,119.951000
1580209080,119.951000,119.952000,119.945000,119.946000
1580209140,119.947000,119.955000,119.944000,119.950000
1580209200,119.949000,119.950000,119.944000,119.944000
1580209260,119.945000,119.945000,119.931000,119.931000
1580209320,119.931000,119.931000,119.901000,119.912000
1580209380,119.912000,119.935000,119.910000,119.929000
1580209440,119.929000,119.929000,119.911000,119.915000
1580209500,119.916000,119.926000,119.912000,119.924000
1580209560,119.926000,119.928000,119.922000,119.926000
1580209620,119.926000,119.929000,119.916000,119.916000
1580209680,119.917000,119.924000,119.910000,119.917000
1580209740,119.917000,119.925000,119.915000,119.925000
1580209800,119.926000,119.930000,119.914000,119.916000
1580209860,119.916000,119.919000,119.905000,119.905000
1580209920,119.906000,119.906000,119.894000,119.896000
1580209980,119.897000,119.897000,119.882000,119.882000
1580210040,119.880000,119.884000,119.867000,119.867000
1580210100,119.868000,119.873000,119.853000,119.854000
1580210160,119.853000,119.860000,119.841000,119.842000
1580210220,119.838000,119.849000,119.838000,119.840000
1580210280,119.840000,119.842000,119.820000,119.824000
1580210340,119.825000,119.845000,119.825000,119.839000
1580210400,119.839000,119.865000,119.839000,119.852000
1580210460,119.853000,119.858000,119.842000,119.842000
1580210520,119.844000,119.850000,119.832000,119.832000
1580210580,119.831000,119.837000,119.831000,119.832000
1580210640,119.831000,119.832000,119.823000,119.825000
1580210700,119.825000,119.826000,119.813000,119.819000
1580210760,119.819000,119.831000,119.819000,119.830000
1580210820,119.829000,119.846000,119.829000,119.843000
1580210880,119.843000,119.860000,119.839000,119.860000
1580210940,119.862000,119.870000,119.848000,119.862000
1580211000,119.863000,119.864000,119.850000,119.855000
1580211060,119.854000,119.869000,119.853000,119.863000
1580211120,119.863000,119.864000,119.846000,119.848000
1580211180,119.848000,119.864000,119.845000,119.862000
1580211240,119.861000,119.873000,119.861000,119.873000
1580211300,119.873000,119.881000,119.867000,119.871000
1580211360,119.870000,119.873000,119.870000,119.873000
1580211420,119.874000,119.877000,119.855000,119.855000
1580211480,119.856000,119.862000,119.855000,119.856000
1580211540,119.858000,119.881000,119.858000,119.879000
1580211600,119.879000,119.882000,119.872000,119.872000
1580211660,119.871000,119.872000,119.854000,119.854000
1580211720,119.854000,119.865000,119.844000,119.848000
1580211780,119.849000,119.863000,119.849000,119.862000
1580211840,119.863000,119.867000,119.859000,119.867000
1580211900,119.867000,119.871000,119.861000,119.862000
1580211960,119.863000,119.880000,119.861000,119.866000
1580212020,119.866000,119.869000,119.839000,119.839000
1580212080,119.839000,119.863000,119.836000,119.858000
1580212140,119.858000,119.858000,119.848000,119.852000
1580212200,119.852000,119.856000,119.839000,119.846000
1580212260,119.846000,119.852000,119.836000,119.837000
1580212320,119.838000,119.839000,119.816000,119.824000
1580212380,119.826000,119.847000,119.824000,119.846000
1580212440,119.845000,119.855000,119.837000,119.837000
1580212500,119.837000,119.843000,119.833000,119.840000
1580212560,119.840000,119.853000,119.839000,119.853000
1580212620,119.857000,119.869000,119.850000,119.869000
1580212680,119.868000,119.903000,119.867000,119.898000
1580212740,119.897000,119.934000,119.897000,119.898000
1580212800,119.898000,119.903000,119.871000,119.872000
1580212860,119.872000,119.875000,119.861000,119.869000
1580212920,119.870000,119.871000,119.863000,119.866000
1580212980,119.866000,119.868000,119.846000,119.855000
1580213040,119.854000,119.871000,119.852000,119.869000
1580213100,119.870000,119.871000,119.859000,119.864000
1580213160,119.864000,119.865000,119.849000,119.851000
1580213220,119.849000,119.854000,119.842000,119.843000
1580213280,119.843000,119.847000,119.840000,119.842000
1580213340,119.842000,119.857000,119.842000,119.849000
1580213400,119.848000,119.853000,119.845000,119.846000
1580213460,119.845000,119.872000,119.845000,119.862000
1580213520,119.862000,119.869000,119.855000,119.869000
1580213580,119.869000,119.891000,119.865000,119.876000
1580213640,119.877000,119.895000,119.867000,119.895000
1580213700,119.899000,119.939000,119.885000,119.896000
1580213760,119.896000,119.918000,119.896000,119.900000
1580213820,119.903000,119.904000,119.873000,119.875000
1580213880,119.874000,119.892000,119.874000,119.880000
1580213940,119.880000,119.893000,119.873000,119.891000
1580214000,119.891000,119.900000,119.888000,119.894000
1580214060,119.894000,119.910000,119.894000,119.897000
1580214120,119.896000,119.896000,119.877000,119.879000
1580214180,119.883000,119.892000,119.880000,119.882000
1580214240,119.882000,119.888000,119.877000,119.878000
1580214300,119.878000,119.903000,119.878000,119.900000
1580214360,119.900000,119.903000,119.886000,119.892000
1580214420,119.892000,119.901000,119.888000,119.899000
1580214480,119.899000,119.915000,119.899000,119.910000
1580214540,119.910000,119.910000,119.904000,119.905000
1580214600,119.906000,119.907000,119.897000,119.900000
1580214660,119.900000,119.916000,119.898000,119.913000
1580214720,119.915000,119.927000,119.912000,119.923000
1580214780,119.922000,119.939000,119.917000,119.935000
1580214840,119.934000,119.971000,119.932000,119.971000
1580214900,119.972000,119.977000,119.957000,119.967000
1580214960,119.967000,119.995000,119.966000,119.992000
1580215020,119.993000,119.994000,119.973000,119.975000
1580215080,119.974000,119.974000,119.956000,119.959000
1580215140,119.960000,119.970000,119.959000,119.962000
1580215200,119.964000,119.977000,119.960000,119.967000
1580215260,119.966000,119.986000,119.965000,119.986000
1580215320,119.985000,119.994000,119.982000,119.992000
1580215380,119.991000,120.008000,119.991000,120.005000
1580215440,120.006000,120.016000,119.997000,119.998000
1580215500,119.998000,120.018000,119.994000,120.014000
1580215560,120.015000,120.021000,120.009000,120.010000
1580215620,120.010000,120.045000,120.007000,120.042000
1580215680,120.041000,120.060000,120.028000,120.060000
1580215740,120.060000,120.078000,120.056000,120.069000
1580215800,120.069000,120.069000,120.048000,120.048000
1580215860,120.048000,120.048000,120.030000,120.033000
1580215920,120.033000,120.034000,120.015000,120.024000
1580215980,120.023000,120.035000,120.023000,120.034000
1580216040,120.034000,120.034000,120.013000,120.014000
1580216100,120.015000,120.033000,120.013000,120.021000
1580216160,120.025000,120.037000,120.014000,120.025000
1580216220,120.026000,120.034000,120.009000,120.021000
1580216280,120.020000,120.021000,120.011000,120.016000
1580216340,120.016000,120.040000,120.016000,120.038000
1580216400,120.038000,120.039000,120.020000,120.026000
1580216460,120.026000,120.040000,120.022000,120.027000
1580216520,120.027000,120.032000,120.015000,120.025000
1580216580,120.025000,120.025000,120.000000,120.004000
1580216640,120.004000,120.005000,119.979000,119.992000
1580216700,119.992000,119.994000,119.980000,119.980000
1580216760,119.980000,119.993000,119.978000,119.987000
1580216820,119.988000,119.988000,119.975000,119.981000
1580216880,119.981000,120.001000,119.975000,120.000000
1580216940,119.998000,120.007000,119.986000,119.994000
1580217000,119.994000,119.996000,119.978000,119.987000
1580217060,119.988000,120.001000,119.983000,119.999000
1580217120,119.998000,120.005000,119.994000,119.999000
1580217180,119.998000,120.012000,119.992000,120.008000
1580217240,120.008000,120.019000,120.008000,120.016000
1580217300,120.016000,120.021000,119.998000,119.999000
1580217360,120.000000,120.000000,119.972000,119.988000
1580217420,119.988000,119.999000,119.986000,119.999000
1580217480,119.999000,120.036000,119.999000,120.035000
1580217540,120.033000,120.036000,120.016000,120.026000
1580217600,120.023000,120.025000,119.994000,119.994000
1580217660,119.995000,120.011000,119.995000,120.000000
1580217720,120.000000,120.017000,119.995000,119.998000
1580217780,119.999000,120.030000,119.999000,120.013000
1580217840,120.011000,120.012000,119.991000,120.012000
1580217900,120.011000,120.011000,119.997000,119.998000
1580217960,119.998000,120.008000,119.992000,120.001000
1580218020,120.001000,120.013000,119.996000,120.008000
1580218080,120.006000,120.014000,120.003000,120.014000
1580218140,120.014000,120.014000,119.994000,120.001000
1580218200,120.000000,120.010000,119.989000,119.993000
1580218260,119.993000,119.996000,119.972000,119.976000
1580218320,119.976000,120.001000,119.973000,119.998000
1580218380,119.998000,119.999000,119.989000,119.992000
1580218440,119.991000,119.991000,119.976000,119.982000
1580218500,119.980000,119.985000,119.975000,119.982000
1580218560,119.980000,119.980000,119.958000,119.960000
1580218620,119.961000,119.981000,119.960000,119.979000
1580218680,119.978000,119.980000,119.966000,119.972000
1580218740,119.973000,119.995000,119.973000,119.988000
1580218800,119.988000,120.030000,119.988000,120.030000
1580218860,120.030000,120.035000,120.015000,120.020000
1580218920,120.020000,120.022000,120.007000,120.010000
1580218980,120.009000,120.026000,120.007000,120.025000
1580219040,120.023000,120.033000,120.017000,120.025000
1580219100,120.025000,120.035000,120.023000,120.023000
1580219160,120.025000,120.027000,120.013000,120.017000
1580219220,120.017000,120.024000,120.003000,120.007000
1580219280,120.007000,120.007000,119.986000,119.994000
1580219340,119.995000,120.009000,119.985000,120.008000
1580219400,120.007000,120.017000,120.001000,120.012000
1580219460,120.011000,120.015000,120.004000,120.008000
1580219520,120.007000,120.012000,119.998000,119.999000
1580219580,119.999000,120.025000,119.999000,120.021000
1580219640,120.021000,120.021000,120.002000,120.004000
1580219700,120.004000,120.006000,119.984000,119.988000
1580219760,119.989000,119.991000,119.974000,119.986000
1580219820,119.984000,119.986000,119.951000,119.952000
1580219880,119.952000,119.971000,119.952000,119.971000
1580219940,119.973000,120.000000,119.972000,119.991000
1580220000,119.990000,119.992000,119.977000,119.987000
1580220060,119.986000,119.991000,119.976000,119.978000
1580220120,119.978000,119.978000,119.955000,119.960000
1580220180,119.960000,119.963000,119.949000,119.950000
1580220240,119.950000,119.960000,119.950000,119.960000
1580220300,119.959000,119.978000,119.953000,119.974000
1580220360,119.974000,119.974000,119.952000,119.956000
1580220420,119.957000,119.958000,119.944000,119.944000
1580220480,119.944000,119.944000,119.899000,119.903000
1580220540,119.903000,119.904000,119.884000,119.904000
1580220600,119.906000,119.941000,119.906000,119.925000
1580220660,119.926000,119.951000,119.920000,119.947000
1580220720,119.947000,119.952000,119.932000,119.934000
1580220780,119.935000,119.938000,119.923000,119.926000
1580220840,119.925000,119.927000,119.918000,119.920000
1580220900,119.921000,119.941000,119.921000,119.931000
1580220960,119.931000,119.938000,119.910000,119.912000
1580221020,119.913000,119.920000,119.910000,119.919000
1580221080,119.919000,119.963000,119.918000,119.962000
1580221140,119.962000,119.966000,119.950000,119.959000
1580221200,119.959000,119.963000,119.955000,119.955000
1580221260,119.955000,119.966000,119.952000,119.957000
1580221320,119.955000,119.958000,119.930000,119.934000
1580221380,119.937000,119.951000,119.934000,119.951000
1580221440,119.951000,119.959000,119.949000,119.949000
1580221500,119.948000,119.949000,119.931000,119.931000
1580221560,119.931000,119.933000,119.916000,119.920000
1580221620,119.920000,119.922000,119.887000,119.896000
1580221680,119.895000,119.901000,119.891000,119.896000
1580221740,119.897000,119.899000,119.886000,119.899000
1580221800,119.900000,119.928000,119.898000,119.922000
1580221860,119.921000,119.922000,119.876000,119.909000
1580221920,119.912000,119.936000,119.903000,119.907000
1580221980,119.908000,119.931000,119.908000,119.924000
1580222040,119.924000,119.929000,119.867000,119.876000
1580222100,119.874000,119.881000,119.841000,119.857000
1580222160,119.859000,119.883000,119.851000,119.856000
1580222220,119.855000,119.868000,119.846000,119.860000
1580222280,119.860000,119.872000,119.853000,119.860000
1580222340,119.860000,119.873000,119.858000,119.866000
1580222400,119.866000,119.876000,119.861000,119.875000
1580222460,119.875000,119.884000,119.864000,119.866000
1580222520,119.866000,119.881000,119.858000,119.878000
1580222580,119.877000,119.891000,119.867000,119.870000
1580222640,119.870000,119.880000,119.862000,119.879000
1580222700,119.879000,119.884000,119.867000,119.875000
1580222760,119.874000,119.877000,119.857000,119.873000
1580222820,119.873000,119.883000,119.867000,119.878000
1580222880,119.879000,119.882000,119.860000,119.878000
1580222940,119.878000,119.885000,119.872000,119.883000
1580223000,119.885000,119.899000,119.882000,119.899000
1580223060,119.899000,119.916000,119.889000,119.916000
1580223120,119.917000,119.934000,119.917000,119.924000
1580223180,119.924000,119.936000,119.906000,119.934000
1580223240,119.934000,119.948000,119.929000,119.940000
1580223300,119.940000,119.949000,119.935000,119.941000
1580223360,119.941000,119.953000,119.941000,119.946000
1580223420,119.946000,119.953000,119.942000,119.944000
1580223480,119.944000,119.947000,119.933000,119.943000
1580223540,119.943000,119.958000,119.941000,119.954000
1580223600,119.958000,119.980000,119.950000,119.968000
1580223660,119.970000,119.985000,119.955000,119.955000
1580223720,119.955000,119.981000,119.954000,119.973000
1580223780,119.972000,119.981000,119.947000,119.947000
1580223840,119.946000,119.958000,119.939000,119.941000
1580223900,119.941000,119.950000,119.931000,119.932000
1580223960,119.932000,119.947000,119.918000,119.937000
1580224020,119.936000,119.961000,119.935000,119.956000
1580224080,119.956000,120.005000,119.954000,120.000000
1580224140,120.000000,120.000000,119.983000,119.989000
1580224200,119.990000,119.995000,119.978000,119.994000
1580224260,119.994000,120.025000,119.993000,120.023000
1580224320,120.022000,120.023000,120.004000,120.004000
1580224380,120.005000,120.019000,120.002000,120.018000
1580224440,120.019000,120.035000,120.016000,120.028000
1580224500,120.027000,120.031000,120.003000,120.010000
1580224560,120.009000,120.011000,120.000000,120.002000
1580224620,120.003000,120.020000,120.003000,120.009000
1580224680,120.009000,120.019000,119.997000,120.007000
1580224740,120.007000,120.011000,119.986000,119.989000
1580224800,119.990000,119.998000,119.972000,119.972000
1580224860,119.971000,119.972000,119.960000,119.964000
1580224920,119.966000,119.984000,119.965000,119.974000
1580224980,119.972000,119.981000,119.972000,119.977000
1580225040,119.980000,120.047000,119.977000,120.033000
1580225100,120.034000,120.072000,120.026000,120.067000
1580225160,120.067000,120.093000,120.064000,120.082000
1580225220,120.080000,120.084000,120.056000,120.067000
1580225280,120.068000,120.083000,120.059000,120.064000
1580225340,120.064000,120.084000,120.062000,120.080000
1580225400,120.080000,120.090000,120.065000,120.074000
1580225460,120.074000,120.087000,120.070000,120.082000
1580225520,120.083000,120.114000,120.083000,120.087000
1580225580,120.087000,120.088000,120.070000,120.079000
1580225640,120.080000,120.094000,120.076000,120.083000
1580225700,120.085000,120.098000,120.079000,120.094000
1580225760,120.094000,120.097000,120.080000,120.081000
1580225820,120.081000,120.100000,120.080000,120.089000
1580225880,120.089000,120.095000,120.084000,120.089000
1580225940,120.090000,120.095000,120.077000,120.081000
1580226000,120.082000,120.101000,120.082000,120.101000
1580226060,120.101000,120.110000,120.101000,120.108000
1580226120,120.108000,120.114000,120.104000,120.109000
1580226180,120.107000,120.118000,120.104000,120.105000
1580226240,120.105000,120.119000,120.105000,120.115000
1580226300,120.115000,120.147000,120.114000,120.143000
1580226360,120.142000,120.142000,120.124000,120.137000
1580226420,120.138000,120.143000,120.122000,120.125000
1580226480,120.126000,120.126000,120.117000,120.121000
1580226540,120.121000,120.121000,120.091000,120.093000
1580226600,120.094000,120.109000,120.086000,120.088000
1580226660,120.088000,120.102000,120.076000,120.102000
1580226720,120.102000,120.112000,120.076000,120.084000
1580226780,120.084000,120.091000,120.081000,120.089000
1580226840,120.088000,120.089000,120.061000,120.075000
1580226900,120.075000,120.079000,120.058000,120.058000
1580226960,120.058000,120.058000,120.043000,120.044000
1580227020,120.044000,120.054000,120.035000,120.046000
1580227080,120.046000,120.057000,120.038000,120.052000
1580227140,120.052000,120.062000,120.048000,120.058000
1580227200,120.061000,120.068000,120.049000,120.057000
1580227260,120.056000,120.056000,120.040000,120.051000
1580227320,120.051000,120.053000,120.038000,120.044000
1580227380,120.044000,120.052000,120.031000,120.037000
1580227440,120.037000,120.049000,120.025000,120.030000
1580227500,120.030000,120.043000,120.022000,120.030000
1580227560,120.028000,120.030000,120.019000,120.021000
1580227620,120.021000,120.037000,120.020000,120.035000
1580227680,120.036000,120.036000,120.026000,120.031000
1580227740,120.030000,120.052000,120.030000,120.052000
1580227800,120.052000,120.062000,120.044000,120.061000
1580227860,120.061000,120.065000,120.054000,120.064000
1580227920,120.065000,120.075000,120.062000,120.074000
1580227980,120.074000,120.082000,120.062000,120.063000
1580228040,120.064000,120.072000,120.061000,120.071000
1580228100,120.070000,120.075000,120.061000,120.066000
1580228160,120.066000,120.087000,120.066000,120.084000
1580228220,120.086000,120.098000,120.086000,120.094000
1580228280,120.094000,120.100000,120.088000,120.089000
1580228340,120.089000,120.115000,120.089000,120.105000
1580228400,120.104000,120.118000,120.098000,120.116000
1580228460,120.115000,120.116000,120.100000,120.100000
1580228520,120.100000,120.107000,120.093000,120.101000
1580228580,120.105000,120.113000,120.101000,120.109000
1580228640,120.110000,120.112000,120.104000,120.106000
1580228700,120.107000,120.154000,120.105000,120.153000
1580228760,120.154000,120.167000,120.145000,120.146000
1580228820,120.145000,120.150000,120.134000,120.134000
1580228880,120.134000,120.149000,120.133000,120.145000
1580228940,120.145000,120.160000,120.144000,120.155000
1580229000,120.153000,120.159000,120.147000,120.155000
1580229060,120.155000,120.169000,120.150000,120.169000
1580229120,120.168000,120.179000,120.166000,120.171000
1580229180,120.171000,120.179000,120.168000,120.179000
1580229240,120.177000,120.181000,120.158000,120.171000
1580229300,120.170000,120.172000,120.160000,120.161000
1580229360,120.161000,120.172000,120.159000,120.170000
1580229420,120.169000,120.173000,120.164000,120.165000
1580229480,120.166000,120.171000,120.165000,120.167000
1580229540,120.168000,120.185000,120.166000,120.183000
1580229600,120.185000,120.186000,120.163000,120.182000
1580229660,120.182000,120.185000,120.176000,120.176000
1580229720,120.175000,120.175000,120.164000,120.170000
1580229780,120.171000,120.173000,120.165000,120.171000
1580229840,120.171000,120.175000,120.171000,120.175000
1580229900,120.174000,120.175000,120.164000,120.169000
1580229960,120.169000,120.171000,120.155000,120.158000
1580230020,120.158000,120.165000,120.155000,120.162000
1580230080,120.165000,120.171000,120.161000,120.163000
1580230140,120.163000,120.164000,120.154000,120.157000
1580230200,120.157000,120.176000,120.157000,120.174000
1580230260,120.173000,120.186000,120.173000,120.175000
1580230320,120.176000,120.176000,120.167000,120.167000
1580230380,120.165000,120.167000,120.159000,120.160000
1580230440,120.163000,120.163000,120.156000,120.162000
1580230500,120.162000,120.162000,120.150000,120.150000
1580230560,120.152000,120.154000,120.146000,120.150000
1580230620,120.150000,120.159000,120.144000,120.158000
1580230680,120.157000,120.157000,120.143000,120.152000
1580230740,120.151000,120.167000,120.151000,120.166000
1580230800,120.165000,120.165000,120.147000,120.149000
1580230860,120.149000,120.150000,120.137000,120.138000
1580230920,120.137000,120.137000,120.121000,120.122000
1580230980,120.123000,120.123000,120.096000,120.103000
1580231040,120.103000,120.109000,120.096000,120.098000
1580231100,120.097000,120.103000,120.092000,120.102000
1580231160,120.104000,120.109000,120.102000,120.106000
1580231220,120.106000,120.134000,120.104000,120.127000
1580231280,120.127000,120.129000,120.113000,120.114000
1580231340,120.115000,120.117000,120.107000,120.108000
1580231400,120.108000,120.114000,120.105000,120.113000
1580231460,120.114000,120.141000,120.112000,120.137000
1580231520,120.137000,120.145000,120.134000,120.141000
1580231580,120.141000,120.150000,120.140000,120.149000
1580231640,120.149000,120.157000,120.140000,120.154000
1580231700,120.154000,120.161000,120.146000,120.152000
1580231760,120.152000,120.190000,120.152000,120.185000
1580231820,120.184000,120.193000,120.182000,120.191000
1580231880,120.192000,120.192000,120.174000,120.177000
1580231940,120.177000,120.184000,120.173000,120.182000
1580232000,120.182000,120.199000,120.179000,120.193000
1580232060,120.191000,120.192000,120.177000,120.190000
1580232120,120.191000,120.197000,120.190000,120.193000
1580232180,120.193000,120.202000,120.189000,120.202000
1580232240,120.203000,120.217000,120.201000,120.213000
1580232300,120.213000,120.214000,120.202000,120.202000
1580232360,120.204000,120.205000,120.193000,120.193000
1580232420,120.193000,120.193000,120.184000,120.187000
1580232480,120.187000,120.190000,120.185000,120.185000
1580232540,120.185000,120.186000,120.174000,120.175000
1580232600,120.176000,120.180000,120.175000,120.177000
1580232660,120.177000,120.183000,120.176000,120.183000
1580232720,120.183000,120.195000,120.177000,120.191000
1580232780,120.192000,120.192000,120.181000,120.184000
1580232840,120.184000,120.190000,120.180000,120.185000
1580232900,120.186000,120.186000,120.167000,120.167000
1580232960,120.167000,120.168000,120.160000,120.160000
1580233020,120.160000,120.162000,120.153000,120.153000
1580233080,120.155000,120.158000,120.149000,120.149000
1580233140,120.149000,120.156000,120.145000,120.151000
1580233200,120.151000,120.153000,120.148000,120.151000
1580233260,120.151000,120.152000,120.145000,120.150000
1580233320,120.150000,120.150000,120.141000,120.141000
1580233380,120.142000,120.150000,120.141000,120.144000
1580233440,120.144000,120.148000,120.135000,120.137000
1580233500,120.135000,120.146000,120.135000,120.140000
1580233560,120.142000,120.142000,120.136000,120.142000
1580233620,120.142000,120.151000,120.140000,120.146000
1580233680,120.146000,120.150000,120.140000,120.143000
1580233740,120.143000,120.150000,120.143000,120.145000
1580233800,120.145000,120.155000,120.145000,120.149000
1580233860,120.149000,120.150000,120.140000,120.145000
1580233920,120.145000,120.153000,120.141000,120.152000
1580233980,120.152000,120.165000,120.152000,120.160000
1580234040,120.160000,120.160000,120.149000,120.150000
1580234100,120.151000,120.162000,120.151000,120.157000
1580234160,120.157000,120.157000,120.139000,120.141000
1580234220,120.141000,120.149000,120.140000,120.143000
1580234280,120.141000,120.141000,120.130000,120.136000
1580234340,120.136000,120.144000,120.135000,120.140000
1580234400,120.140000,120.142000,120.129000,120.136000
1580234460,120.136000,120.148000,120.131000,120.146000
1580234520,120.146000,120.151000,120.144000,120.144000
1580234580,120.143000,120.147000,120.137000,120.142000
1580234640,120.142000,120.149000,120.141000,120.144000
1580234700,120.144000,120.150000,120.142000,120.145000
1580234760,120.145000,120.148000,120.140000,120.143000
1580234820,120.144000,120.152000,120.142000,120.152000
1580234880,120.151000,120.153000,120.143000,120.143000
1580234940,120.143000,120.145000,120.139000,120.142000
1580235000,120.142000,120.150000,120.140000,120.150000
1580235060,120.150000,120.165000,120.146000,120.162000
1580235120,120.162000,120.172000,120.162000,120.171000
1580235180,120.171000,120.171000,120.158000,120.160000
1580235240,120.160000,120.174000,120.160000,120.174000
1580235300,120.175000,120.180000,120.166000,120.177000
1580235360,120.177000,120.179000,120.176000,120.177000
1580235420,120.176000,120.179000,120.171000,120.175000
1580235480,120.174000,120.174000,120.162000,120.169000
1580235540,120.169000,120.170000,120.156000,120.156000
1580235600,120.157000,120.165000,120.157000,120.162000
1580235660,120.163000,120.168000,120.160000,120.160000
1580235720,120.161000,120.162000,120.153000,120.159000
1580235780,120.158000,120.178000,120.158000,120.174000
1580235840,120.174000,120.180000,120.162000,120.165000
1580235900,120.164000,120.173000,120.164000,120.171000
1580235960,120.169000,120.174000,120.167000,120.174000
1580236020,120.173000,120.173000,120.166000,120.166000
1580236080,120.168000,120.169000,120.159000,120.161000
1580236140,120.161000,120.161000,120.153000,120.161000
1580236200,120.162000,120.162000,120.155000,120.157000
1580236260,120.157000,120.162000,120.156000,120.160000
1580236320,120.159000,120.167000,120.158000,120.167000
1580236380,120.167000,120.169000,120.161000,120.166000
1580236440,120.163000,120.172000,120.159000,120.165000
1580236500,120.165000,120.165000,120.154000,120.155000
1580236560,120.155000,120.158000,120.152000,120.155000
1580236620,120.155000,120.161000,120.154000,120.156000
1580236680,120.156000,120.159000,120.154000,120.154000
1580236740,120.154000,120.156000,120.151000,120.152000
1580236800,120.153000,120.165000,120.153000,120.165000
1580236860,120.165000,120.178000,120.164000,120.175000
1580236920,120.175000,120.177000,120.173000,120.174000
1580236980,120.174000,120.193000,120.174000,120.191000
1580237040,120.189000,120.198000,120.186000,120.193000
1580237100,120.194000,120.201000,120.192000,120.198000
1580237160,120.196000,120.200000,120.193000,120.199000
1580237220,120.199000,120.200000,120.192000,120.192000
1580237280,120.192000,120.194000,120.185000,120.187000
1580237340,120.186000,120.191000,120.181000,120.182000
1580237400,120.182000,120.188000,120.180000,120.187000
1580237460,120.187000,120.187000,120.181000,120.183000
1580237520,120.183000,120.190000,120.182000,120.187000
1580237580,120.187000,120.187000,120.183000,120.185000
1580237640,120.184000,120.185000,120.177000,120.182000
1580237700,120.182000,120.182000,120.179000,120.179000
1580237760,120.179000,120.181000,120.177000,120.179000
1580237820,120.179000,120.179000,120.171000,120.177000
1580237880,120.175000,120.175000,120.168000,120.169000
1580237940,120.168000,120.179000,120.165000,120.179000
1580238000,120.179000,120.191000,120.179000,120.187000
1580238060,120.187000,120.188000,120.183000,120.185000
1580238120,120.184000,120.191000,120.181000,120.190000
1580238180,120.190000,120.192000,120.185000,120.185000
1580238240,120.186000,120.188000,120.179000,120.187000
1580238300,120.187000,120.189000,120.186000,120.187000
1580238360,120.187000,120.190000,120.186000,120.189000
1580238420,120.190000,120.195000,120.185000,120.185000
1580238480,120.183000,120.186000,120.183000,120.186000
1580238540,120.187000,120.190000,120.186000,120.187000
1580238600,120.187000,120.199000,120.185000,120.197000
1580238660,120.196000,120.201000,120.189000,120.191000
1580238720,120.189000,120.201000,120.188000,120.200000
1580238780,120.199000,120.203000,120.194000,120.203000
1580238840,120.204000,120.224000,120.204000,120.220000
1580238900,120.218000,120.220000,120.212000,120.213000
1580238960,120.212000,120.218000,120.211000,120.214000
1580239020,120.214000,120.215000,120.211000,120.212000
1580239080,120.212000,120.216000,120.212000,120.216000
1580239140,120.215000,120.216000,120.212000,120.216000
1580239200,120.217000,120.226000,120.217000,120.225000
1580239260,120.225000,120.228000,120.223000,120.225000
1580239320,120.225000,120.225000,120.220000,120.225000
1580239380,120.227000,120.246000,120.227000,120.237000
1580239440,120.237000,120.242000,120.234000,120.240000
1580239500,120.240000,120.241000,120.235000,120.236000
1580239560,120.235000,120.235000,120.227000,120.231000
1580239620,120.234000,120.237000,120.229000,120.229000
1580239680,120.228000,120.228000,120.221000,120.225000
1580239740,120.226000,120.231000,120.225000,120.227000
1580239800,120.227000,120.229000,120.222000,120.224000
1580239860,120.224000,120.227000,120.224000,120.224000
1580239920,120.223000,120.224000,120.222000,120.224000
1580239980,120.224000,120.227000,120.224000,120.227000
1580240040,120.228000,120.228000,120.224000,120.227000
1580240100,120.227000,120.238000,120.223000,120.235000
1580240160,120.235000,120.242000,120.233000,120.238000
1580240220,120.238000,120.242000,120.232000,120.235000
1580240280,120.235000,120.242000,120.234000,120.242000
1580240340,120.242000,120.242000,120.231000,120.232000
1580240400,120.230000,120.232000,120.219000,120.224000
1580240460,120.224000,120.230000,120.223000,120.225000
1580240520,120.224000,120.224000,120.215000,120.215000
1580240580,120.213000,120.218000,120.213000,120.218000
1580240640,120.217000,120.225000,120.217000,120.225000
1580240700,120.225000,120.229000,120.223000,120.226000
1580240760,120.226000,120.226000,120.214000,120.215000
1580240820,120.216000,120.224000,120.215000,120.222000
1580240880,120.223000,120.225000,120.221000,120.222000
1580240940,120.220000,120.220000,120.211000,120.211000
1580241000,120.212000,120.222000,120.209000,120.215000
1580241060,120.216000,120.222000,120.209000,120.209000
1580241120,120.209000,120.221000,120.209000,120.219000
1580241180,120.218000,120.225000,120.217000,120.220000
1580241240,120.219000,120.222000,120.208000,120.216000
1580241300,120.216000,120.230000,120.216000,120.221000
1580241360,120.222000,120.236000,120.222000,120.228000
1580241420,120.228000,120.232000,120.228000,120.228000
1580241480,120.229000,120.243000,120.229000,120.240000
1580241540,120.240000,120.240000,120.229000,120.235000
1580241600,120.234000,120.234000,120.215000,120.219000
1580241660,120.223000,120.229000,120.221000,120.229000
1580241720,120.230000,120.230000,120.221000,120.223000
1580241780,120.223000,120.223000,120.206000,120.210000
1580241840,120.209000,120.210000,120.202000,120.210000
1580241900,120.211000,120.214000,120.207000,120.212000
1580241960,120.213000,120.222000,120.213000,120.219000
1580242020,120.218000,120.220000,120.212000,120.214000
1580242080,120.213000,120.214000,120.213000,120.213000
1580242140,120.215000,120.222000,120.215000,120.220000
1580242200,120.220000,120.220000,120.213000,120.215000
1580242260,120.216000,120.219000,120.213000,120.213000
1580242320,120.213000,120.219000,120.213000,120.219000
1580242380,120.218000,120.222000,120.218000,120.220000
1580242440,120.220000,120.227000,120.220000,120.224000
1580242500,120.225000,120.230000,120.223000,120.229000
1580242560,120.230000,120.235000,120.227000,120.230000
1580242620,120.230000,120.235000,120.229000,120.229000
1580242680,120.230000,120.236000,120.227000,120.227000
1580242740,120.227000,120.230000,120.223000,120.224000
1580242800,120.223000,120.235000,120.223000,120.235000
1580242860,120.236000,120.236000,120.232000,120.233000
1580242920,120.233000,120.237000,120.233000,120.236000
1580242980,120.235000,120.244000,120.235000,120.240000
1580243040,120.240000,120.241000,120.233000,120.240000
1580243100,120.239000,120.241000,120.237000,120.240000
1580243160,120.240000,120.240000,120.230000,120.232000
1580243220,120.232000,120.238000,120.232000,120.237000
1580243280,120.235000,120.243000,120.235000,120.236000
1580243340,120.237000,120.243000,120.236000,120.242000
1580243400,120.243000,120.243000,120.237000,120.243000
1580243460,120.243000,120.248000,120.240000,120.246000
1580243520,120.246000,120.248000,120.241000,120.244000
1580243580,120.244000,120.244000,120.233000,120.233000
1580243640,120.237000,120.245000,120.232000,120.244000
1580243700,120.246000,120.247000,120.239000,120.239000
1580243760,120.241000,120.244000,120.240000,120.244000
1580243820,120.243000,120.250000,120.243000,120.244000
1580243880,120.247000,120.250000,120.243000,120.243000
1580243940,120.243000,120.243000,120.233000,120.234000
1580244000,120.233000,120.239000,120.229000,120.236000
1580244060,120.236000,120.240000,120.234000,120.237000
1580244120,120.236000,120.236000,120.231000,120.232000
1580244180,120.231000,120.243000,120.231000,120.242000
1580244240,120.242000,120.246000,120.240000,120.246000
1580244300,120.246000,120.250000,120.243000,120.249000
1580244360,120.247000,120.260000,120.244000,120.260000
1580244420,120.260000,120.269000,120.255000,120.268000
1580244480,120.268000,120.272000,120.262000,120.269000
1580244540,120.268000,120.274000,120.262000,120.272000
1580244600,120.271000,120.275000,120.263000,120.264000
1580244660,120.263000,120.267000,120.263000,120.265000
1580244720,120.263000,120.266000,120.260000,120.264000
1580244780,120.264000,120.267000,120.261000,120.264000
1580244840,120.266000,120.270000,120.263000,120.265000
1580244900,120.265000,120.280000,120.264000,120.278000
1580244960,120.279000,120.283000,120.277000,120.282000
1580245020,120.282000,120.284000,120.269000,120.269000
1580245080,120.269000,120.276000,120.267000,120.274000
1580245140,120.273000,120.274000,120.262000,120.265000
1580245200,120.265000,120.273000,120.255000,120.273000
1580245260,120.273000,120.288000,120.273000,120.284000
1580245320,120.285000,120.286000,120.278000,120.280000
1580245380,120.280000,120.287000,120.277000,120.283000
1580245440,120.282000,120.288000,120.280000,120.283000
1580245500,120.283000,120.287000,120.280000,120.286000
1580245560,120.287000,120.287000,120.270000,120.270000
1580245620,120.270000,120.280000,120.269000,120.277000
1580245680,120.277000,120.280000,120.276000,120.279000
1580245740,120.280000,120.280000,120.273000,120.277000
1580245800,120.279000,120.281000,120.279000,120.281000
1580245860,120.281000,120.281000,120.278000,120.278000
1580245920,120.277000,120.279000,120.277000,120.279000
1580245980,120.278000,120.290000,120.278000,120.290000
1580246040,120.290000,120.297000,120.286000,120.287000
1580246100,120.287000,120.289000,120.284000,120.287000
1580246160,120.286000,120.287000,120.280000,120.283000
1580246220,120.284000,120.286000,120.279000,120.284000
1580246280,120.283000,120.287000,120.281000,120.287000
1580246340,120.286000,120.286000,120.285000,120.285000
1580246400,120.285000,120.285000,120.283000,120.284000
1580246460,120.284000,120.284000,120.279000,120.279000
1580246520,120.278000,120.278000,120.278000,120.278000
1580246580,120.278000,120.278000,120.278000,120.278000
1580246640,120.277000,120.278000,120.274000,120.275000
1580246700,120.274000,120.274000,120.273000,120.274000
1580246760,120.271000,120.272000,120.268000,120.270000
1580246820,120.269000,120.269000,120.267000,120.268000
1580246880,120.268000,120.268000,120.263000,120.267000
1580246940,120.267000,120.279000,120.267000,120.278000
1580247000,120.280000,120.295000,120.280000,120.295000
1580247060,120.295000,120.297000,120.290000,120.297000
1580247120,120.297000,120.308000,120.295000,120.304000
1580247180,120.305000,120.310000,120.298000,120.298000
1580247240,120.298000,120.306000,120.295000,120.301000
1580247300,120.301000,120.306000,120.299000,120.306000
1580247360,120.305000,120.315000,120.305000,120.306000
1580247420,120.307000,120.317000,120.305000,120.317000
1580247480,120.317000,120.322000,120.314000,120.322000
1580247540,120.321000,120.321000,120.319000,120.320000
1580247600,120.321000,120.333000,120.321000,120.332000
1580247660,120.331000,120.333000,120.328000,120.330000
1580247720,120.329000,120.332000,120.326000,120.328000
1580247780,120.328000,120.329000,120.326000,120.328000
1580247840,120.328000,120.328000,120.318000,120.321000
1580247900,120.322000,120.326000,120.321000,120.323000
1580247960,120.322000,120.322000,120.318000,120.321000
1580248020,120.320000,120.323000,120.316000,120.318000
1580248080,120.319000,120.321000,120.317000,120.320000
1580248140,120.319000,120.326000,120.319000,120.320000
1580248200,120.320000,120.323000,120.318000,120.323000
1580248260,120.323000,120.323000,120.317000,120.320000
1580248320,120.319000,120.322000,120.313000,120.313000
1580248380,120.313000,120.317000,120.310000,120.311000
1580248440,120.313000,120.314000,120.309000,120.309000
1580248500,120.309000,120.310000,120.305000,120.305000
1580248560,120.306000,120.306000,120.294000,120.299000
1580248620,120.300000,120.302000,120.297000,120.297000
1580248680,120.297000,120.302000,120.289000,120.294000
1580248740,120.293000,120.298000,120.292000,120.297000
1580248800,120.248000,120.295000,120.223000,120.294000
1580248860,120.297000,120.308000,120.289000,120.308000
1580248920,120.314000,120.342000,120.299000,120.304000
1580248980,120.307000,120.307000,120.264000,120.276000
1580249040,120.270000,120.308000,120.268000,120.308000
1580249100,120.308000,120.308000,120.263000,120.291000
1580249160,120.281000,120.298000,120.278000,120.298000
1580249220,120.290000,120.290000,120.273000,120.275000
1580249280,120.275000,120.275000,120.267000,120.270000
1580249340,120.270000,120.273000,120.270000,120.273000
1580249400,120.273000,120.277000,120.269000,120.272000
1580249460,120.275000,120.278000,120.272000,120.274000
1580249520,120.273000,120.274000,120.271000,120.272000
1580249580,120.272000,120.274000,120.270000,120.272000
1580249640,120.272000,120.282000,120.272000,120.282000
1580249700,120.281000,120.293000,120.279000,120.279000
1580249760,120.279000,120.292000,120.278000,120.292000
1580249820,120.292000,120.296000,120.285000,120.296000
1580249880,120.295000,120.317000,120.292000,120.292000
1580249940,120.292000,120.311000,120.291000,120.310000
1580250000,120.310000,120.322000,120.304000,120.307000
1580250060,120.310000,120.313000,120.303000,120.313000
1580250120,120.311000,120.327000,120.300000,120.325000
1580250180,120.325000,120.327000,120.309000,120.309000
1580250240,120.309000,120.316000,120.308000,120.316000
1580250300,120.316000,120.325000,120.313000,120.320000
1580250360,120.320000,120.339000,120.318000,120.331000
1580250420,120.336000,120.336000,120.309000,120.312000
1580250480,120.312000,120.339000,120.309000,120.313000
1580250540,120.313000,120.320000,120.309000,120.312000
1580250600,120.312000,120.346000,120.311000,120.342000
1580250660,120.343000,120.359000,120.336000,120.349000
1580250720,120.348000,120.359000,120.340000,120.343000
1580250780,120.343000,120.343000,120.334000,120.334000
1580250840,120.334000,120.347000,120.334000,120.346000
1580250900,120.346000,120.347000,120.344000,120.347000
1580250960,120.346000,120.346000,120.344000,120.345000
1580251020,120.345000,120.345000,120.342000,120.343000
1580251080,120.340000,120.344000,120.335000,120.344000
1580251140,120.342000,120.344000,120.340000,120.342000
1580251200,120.341000,120.359000,120.340000,120.357000
1580251260,120.358000,120.358000,120.350000,120.353000
1580251320,120.353000,120.363000,120.352000,120.363000
1580251380,120.364000,120.364000,120.350000,120.352000
1580251440,120.352000,120.370000,120.351000,120.366000
1580251500,120.366000,120.388000,120.352000,120.378000
1580251560,120.379000,120.388000,120.371000,120.385000
1580251620,120.382000,120.399000,120.362000,120.376000
1580251680,120.375000,120.395000,120.372000,120.394000
1580251740,120.395000,120.404000,120.389000,120.394000
1580251800,120.394000,120.394000,120.386000,120.390000
1580251860,120.390000,120.416000,120.387000,120.411000
1580251920,120.406000,120.418000,120.399000,120.410000
1580251980,120.411000,120.411000,120.403000,120.404000
1580252040,120.403000,120.415000,120.388000,120.414000
1580252100,120.414000,120.414000,120.391000,120.398000
1580252160,120.399000,120.415000,120.398000,120.402000
1580252220,120.403000,120.418000,120.399000,120.399000
1580252280,120.400000,120.401000,120.389000,120.389000
1580252340,120.390000,120.401000,120.389000,120.392000
1580252400,120.396000,120.396000,120.332000,120.347000
1580252460,120.345000,120.354000,120.320000,120.323000
1580252520,120.324000,120.337000,120.309000,120.314000
1580252580,120.314000,120.320000,120.302000,120.318000
1580252640,120.319000,120.319000,120.271000,120.278000
1580252700,120.275000,120.296000,120.252000,120.259000
1580252760,120.259000,120.270000,120.222000,120.259000
1580252820,120.259000,120.266000,120.247000,120.266000
1580252880,120.266000,120.266000,120.262000,120.263000
1580252940,120.262000,120.264000,120.244000,120.264000
1580253000,120.264000,120.264000,120.251000,120.251000
1580253060,120.251000,120.260000,120.251000,120.260000
1580253120,120.258000,120.260000,120.241000,120.247000
1580253180,120.246000,120.247000,120.231000,120.237000
1580253240,120.236000,120.250000,120.232000,120.234000
1580253300,120.233000,120.260000,120.232000,120.260000
1580253360,120.260000,120.277000,120.260000,120.275000
1580253420,120.276000,120.289000,120.273000,120.286000
1580253480,120.286000,120.304000,120.286000,120.294000
1580253540,120.295000,120.304000,120.294000,120.295000
1580253600,120.296000,120.310000,120.291000,120.308000
1580253660,120.307000,120.316000,120.307000,120.315000
1580253720,120.314000,120.316000,120.307000,120.311000
1580253780,120.310000,120.310000,120.307000,120.307000
1580253840,120.308000,120.308000,120.287000,120.289000
1580253900,120.289000,120.295000,120.287000,120.292000
1580253960,120.292000,120.293000,120.290000,120.291000
1580254020,120.291000,120.299000,120.291000,120.296000
1580254080,120.295000,120.301000,120.294000,120.299000
1580254140,120.299000,120.308000,120.298000,120.306000
1580254200,120.308000,120.325000,120.306000,120.323000
1580254260,120.322000,120.346000,120.322000,120.330000
1580254320,120.331000,120.337000,120.322000,120.334000
1580254380,120.332000,120.336000,120.324000,120.335000
1580254440,120.333000,120.333000,120.325000,120.325000
1580254500,120.322000,120.322000,120.313000,120.322000
1580254560,120.322000,120.336000,120.319000,120.333000
1580254620,120.332000,120.343000,120.327000,120.329000
1580254680,120.329000,120.329000,120.314000,120.314000
1580254740,120.313000,120.314000,120.305000,120.306000
1580254800,120.306000,120.317000,120.306000,120.310000
1580254860,120.311000,120.311000,120.294000,120.298000
1580254920,120.297000,120.302000,120.292000,120.293000
1580254980,120.292000,120.303000,120.291000,120.299000
1580255040,120.299000,120.299000,120.294000,120.295000
1580255100,120.296000,120.300000,120.274000,120.275000
1580255160,120.272000,120.307000,120.272000,120.303000
1580255220,120.302000,120.308000,120.300000,120.307000
1580255280,120.306000,120.306000,120.295000,120.295000
1580255340,120.299000,120.302000,120.291000,120.294000
1580255400,120.294000,120.315000,120.294000,120.315000
1580255460,120.314000,120.323000,120.313000,120.314000
1580255520,120.311000,120.316000,120.309000,120.316000
1580255580,120.316000,120.322000,120.297000,120.299000
1580255640,120.299000,120.310000,120.299000,120.304000
1580255700,120.304000,120.304000,120.292000,120.295000
1580255760,120.294000,120.305000,120.292000,120.302000
1580255820,120.301000,120.302000,120.289000,120.289000
1580255880,120.291000,120.291000,120.283000,120.290000
1580255940,120.289000,120.294000,120.288000,120.290000
1580256000,120.289000,120.301000,120.275000,120.298000
1580256060,120.298000,120.301000,120.278000,120.280000
1580256120,120.281000,120.281000,120.261000,120.268000
1580256180,120.268000,120.268000,120.250000,120.250000
1580256240,120.250000,120.261000,120.243000,120.261000
1580256300,120.261000,120.262000,120.252000,120.254000
1580256360,120.253000,120.253000,120.230000,120.244000
1580256420,120.243000,120.252000,120.237000,120.244000
1580256480,120.244000,120.244000,120.231000,120.235000
1580256540,120.235000,120.239000,120.224000,120.225000
1580256600,120.225000,120.235000,120.219000,120.229000
1580256660,120.229000,120.233000,120.216000,120.224000
1580256720,120.223000,120.240000,120.223000,120.234000
1580256780,120.234000,120.238000,120.231000,120.236000
1580256840,120.236000,120.277000,120.236000,120.264000
1580256900,120.264000,120.273000,120.259000,120.262000
1580256960,120.263000,120.278000,120.262000,120.278000
1580257020,120.278000,120.278000,120.269000,120.275000
1580257080,120.275000,120.275000,120.260000,120.267000
1580257140,120.267000,120.269000,120.256000,120.256000
1580257200,120.256000,120.284000,120.256000,120.270000
1580257260,120.273000,120.283000,120.271000,120.274000
1580257320,120.273000,120.275000,120.257000,120.262000
1580257380,120.262000,120.266000,120.262000,120.262000
1580257440,120.260000,120.260000,120.243000,120.251000
1580257500,120.256000,120.262000,120.242000,120.248000
1580257560,120.248000,120.249000,120.241000,120.242000
1580257620,120.242000,120.255000,120.240000,120.253000
1580257680,120.253000,120.257000,120.250000,120.255000
1580257740,120.255000,120.259000,120.248000,120.248000
1580257800,120.250000,120.287000,120.248000,120.287000
1580257860,120.287000,120.318000,120.287000,120.316000
1580257920,120.317000,120.319000,120.310000,120.310000
1580257980,120.310000,120.310000,120.299000,120.301000
1580258040,120.300000,120.305000,120.296000,120.303000
1580258100,120.305000,120.319000,120.305000,120.314000
1580258160,120.315000,120.315000,120.310000,120.312000
1580258220,120.311000,120.319000,120.309000,120.317000
1580258280,120.316000,120.331000,120.315000,120.321000
1580258340,120.320000,120.320000,120.313000,120.319000
1580258400,120.324000,120.326000,120.320000,120.323000
1580258460,120.323000,120.341000,120.323000,120.339000
1580258520,120.339000,120.365000,120.335000,120.341000
1580258580,120.338000,120.341000,120.328000,120.341000
1580258640,120.341000,120.344000,120.333000,120.339000
1580258700,120.339000,120.350000,120.339000,120.345000
1580258760,120.345000,120.347000,120.343000,120.344000
1580258820,120.343000,120.346000,120.336000,120.343000
1580258880,120.342000,120.344000,120.332000,120.333000
1580258940,120.334000,120.342000,120.327000,120.329000
1580259000,120.329000,120.330000,120.301000,120.329000
1580259060,120.330000,120.330000,120.303000,120.305000
1580259120,120.305000,120.306000,120.287000,120.288000
1580259180,120.289000,120.299000,120.272000,120.274000
1580259240,120.274000,120.274000,120.229000,120.231000
1580259300,120.234000,120.249000,120.230000,120.233000
1580259360,120.234000,120.280000,120.233000,120.274000
1580259420,120.275000,120.287000,120.267000,120.267000
1580259480,120.267000,120.272000,120.259000,120.262000
1580259540,120.263000,120.270000,120.258000,120.269000
1580259600,120.269000,120.273000,120.245000,120.246000
1580259660,120.246000,120.250000,120.231000,120.244000
1580259720,120.242000,120.246000,120.222000,120.238000
1580259780,120.238000,120.247000,120.238000,120.244000
1580259840,120.245000,120.258000,120.245000,120.258000
1580259900,120.258000,120.263000,120.254000,120.256000
1580259960,120.258000,120.269000,120.256000,120.261000
1580260020,120.262000,120.269000,120.262000,120.264000
1580260080,120.263000,120.263000,120.249000,120.249000
1580260140,120.248000,120.255000,120.246000,120.254000
1580260200,120.254000,120.260000,120.245000,120.252000
1580260260,120.252000,120.252000,120.244000,120.246000
1580260320,120.246000,120.255000,120.245000,120.252000
1580260380,120.253000,120.259000,120.250000,120.255000
1580260440,120.255000,120.262000,120.254000,120.257000
1580260500,120.258000,120.283000,120.256000,120.282000
1580260560,120.283000,120.326000,120.281000,120.316000
1580260620,120.316000,120.356000,120.308000,120.322000
1580260680,120.321000,120.330000,120.309000,120.321000
1580260740,120.320000,120.333000,120.313000,120.314000
1580260800,120.313000,120.318000,120.301000,120.308000
1580260860,120.309000,120.317000,120.301000,120.310000
1580260920,120.310000,120.334000,120.310000,120.317000
1580260980,120.318000,120.319000,120.303000,120.314000
1580261040,120.315000,120.330000,120.315000,120.324000
1580261100,120.324000,120.331000,120.315000,120.320000
1580261160,120.319000,120.319000,120.301000,120.311000
1580261220,120.310000,120.318000,120.304000,120.306000
1580261280,120.304000,120.313000,120.288000,120.300000
1580261340,120.300000,120.306000,120.291000,120.302000
1580261400,120.301000,120.315000,120.297000,120.302000
1580261460,120.301000,120.338000,120.301000,120.325000
1580261520,120.324000,120.325000,120.314000,120.317000
1580261580,120.317000,120.331000,120.316000,120.317000
1580261640,120.317000,120.319000,120.297000,120.299000
1580261700,120.299000,120.312000,120.298000,120.303000
1580261760,120.302000,120.305000,120.296000,120.305000
1580261820,120.305000,120.305000,120.296000,120.301000
1580261880,120.301000,120.303000,120.285000,120.303000
1580261940,120.304000,120.325000,120.304000,120.312000
1580262000,120.313000,120.313000,120.287000,120.292000
1580262060,120.293000,120.301000,120.286000,120.293000
1580262120,120.293000,120.305000,120.292000,120.305000
1580262180,120.306000,120.350000,120.305000,120.336000
1580262240,120.336000,120.338000,120.318000,120.324000
1580262300,120.324000,120.334000,120.323000,120.332000
1580262360,120.332000,120.334000,120.326000,120.334000
1580262420,120.334000,120.347000,120.334000,120.336000
1580262480,120.336000,120.341000,120.331000,120.334000
1580262540,120.333000,120.335000,120.316000,120.316000
1580262600,120.316000,120.319000,120.306000,120.308000
1580262660,120.308000,120.308000,120.297000,120.305000
1580262720,120.305000,120.319000,120.304000,120.316000
1580262780,120.316000,120.343000,120.316000,120.324000
1580262840,120.324000,120.325000,120.315000,120.319000
1580262900,120.321000,120.322000,120.316000,120.317000
1580262960,120.317000,120.339000,120.317000,120.339000
1580263020,120.336000,120.337000,120.316000,120.319000
1580263080,120.318000,120.320000,120.302000,120.302000
1580263140,120.302000,120.312000,120.298000,120.300000
1580263200,120.298000,120.299000,120.283000,120.283000
1580263260,120.283000,120.289000,120.272000,120.272000
1580263320,120.272000,120.272000,120.258000,120.258000
1580263380,120.257000,120.259000,120.247000,120.250000
1580263440,120.250000,120.259000,120.236000,120.243000
1580263500,120.244000,120.256000,120.241000,120.245000
1580263560,120.244000,120.248000,120.236000,120.247000
1580263620,120.247000,120.254000,120.242000,120.252000
1580263680,120.252000,120.272000,120.250000,120.272000
1580263740,120.274000,120.279000,120.270000,120.276000
1580263800,120.276000,120.281000,120.268000,120.268000
1580263860,120.268000,120.276000,120.261000,120.269000
1580263920,120.269000,120.274000,120.262000,120.268000
1580263980,120.269000,120.274000,120.264000,120.273000
1580264040,120.273000,120.278000,120.272000,120.278000
1580264100,120.278000,120.280000,120.269000,120.271000
1580264160,120.269000,120.284000,120.266000,120.282000
1580264220,120.282000,120.291000,120.278000,120.282000
1580264280,120.285000,120.290000,120.271000,120.283000
1580264340,120.283000,120.288000,120.280000,120.288000
1580264400,120.288000,120.301000,120.286000,120.288000
1580264460,120.288000,120.302000,120.288000,120.301000
1580264520,120.301000,120.312000,120.301000,120.305000
1580264580,120.305000,120.310000,120.302000,120.302000
1580264640,120.302000,120.303000,120.294000,120.298000
1580264700,120.298000,120.306000,120.297000,120.297000
1580264760,120.297000,120.305000,120.291000,120.291000
1580264820,120.291000,120.295000,120.286000,120.295000
1580264880,120.295000,120.303000,120.294000,120.301000
1580264940,120.301000,120.303000,120.298000,120.302000
1580265000,120.302000,120.302000,120.294000,120.299000
1580265060,120.299000,120.299000,120.292000,120.292000
1580265120,120.292000,120.296000,120.292000,120.293000
1580265180,120.293000,120.293000,120.286000,120.286000
1580265240,120.286000,120.290000,120.286000,120.288000
1580265300,120.288000,120.297000,120.288000,120.297000
1580265360,120.298000,120.303000,120.298000,120.302000
1580265420,120.303000,120.303000,120.298000,120.298000
1580265480,120.298000,120.298000,120.289000,120.289000
1580265540,120.289000,120.298000,120.288000,120.291000
1580265600,120.291000,120.292000,120.283000,120.287000
1580265660,120.287000,120.294000,120.287000,120.293000
1580265720,120.293000,120.293000,120.290000,120.293000
1580265780,120.293000,120.296000,120.293000,120.295000
1580265840,120.294000,120.295000,120.292000,120.294000
1580265900,120.296000,120.297000,120.292000,120.294000
1580265960,120.296000,120.300000,120.292000,120.294000
1580266020,120.294000,120.294000,120.292000,120.292000
1580266080,120.293000,120.293000,120.282000,120.282000
1580266140,120.283000,120.290000,120.279000,120.289000
1580266200,120.289000,120.289000,120.280000,120.282000
1580266260,120.281000,120.284000,120.272000,120.273000
1580266320,120.273000,120.284000,120.273000,120.274000
1580266380,120.273000,120.273000,120.267000,120.269000
1580266440,120.270000,120.272000,120.270000,120.271000
1580266500,120.270000,120.274000,120.269000,120.270000
1580266560,120.271000,120.279000,120.271000,120.278000
1580266620,120.279000,120.280000,120.278000,120.279000
1580266680,120.279000,120.280000,120.278000,120.278000
1580266740,120.278000,120.282000,120.278000,120.281000
1580266800,120.281000,120.292000,120.281000,120.292000
1580266860,120.294000,120.295000,120.291000,120.292000
1580266920,120.293000,120.299000,120.293000,120.299000
1580266980,120.298000,120.298000,120.292000,120.292000
1580267040,120.292000,120.297000,120.288000,120.293000
1580267100,120.293000,120.301000,120.285000,120.299000
1580267160,120.299000,120.303000,120.299000,120.299000
1580267220,120.299000,120.313000,120.299000,120.311000
1580267280,120.312000,120.312000,120.307000,120.311000
1580267340,120.311000,120.311000,120.304000,120.305000
1580267400,120.305000,120.306000,120.304000,120.306000
1580267460,120.308000,120.325000,120.308000,120.319000
1580267520,120.318000,120.319000,120.305000,120.310000
1580267580,120.308000,120.315000,120.306000,120.315000
1580267640,120.316000,120.323000,120.312000,120.314000
1580267700,120.315000,120.318000,120.307000,120.308000
1580267760,120.308000,120.315000,120.306000,120.306000
1580267820,120.306000,120.317000,120.306000,120.310000
1580267880,120.309000,120.311000,120.301000,120.301000
1580267940,120.301000,120.303000,120.296000,120.296000
1580268000,120.298000,120.298000,120.290000,120.290000
1580268060,120.291000,120.292000,120.286000,120.287000
1580268120,120.286000,120.289000,120.284000,120.286000
1580268180,120.286000,120.287000,120.280000,120.280000
1580268240,120.280000,120.281000,120.279000,120.279000
1580268300,120.279000,120.281000,120.270000,120.270000
1580268360,120.268000,120.276000,120.268000,120.275000
1580268420,120.276000,120.280000,120.276000,120.276000
1580268480,120.276000,120.276000,120.276000,120.276000
1580268540,120.274000,120.274000,120.270000,120.270000
1580268600,120.272000,120.272000,120.267000,120.268000
1580268660,120.270000,120.274000,120.266000,120.267000
1580268720,120.268000,120.268000,120.255000,120.258000
1580268780,120.260000,120.265000,120.258000,120.263000
1580268840,120.262000,120.270000,120.262000,120.267000
1580268900,120.268000,120.268000,120.259000,120.261000
1580268960,120.260000,120.261000,120.256000,120.258000
1580269020,120.258000,120.261000,120.257000,120.260000
1580269080,120.259000,120.259000,120.248000,120.252000
1580269140,120.252000,120.261000,120.252000,120.261000
1580269200,120.259000,120.266000,120.258000,120.266000
1580269260,120.264000,120.266000,120.259000,120.261000
1580269320,120.262000,120.269000,120.259000,120.268000
1580269380,120.269000,120.271000,120.266000,120.269000
1580269440,120.271000,120.273000,120.270000,120.271000
1580269500,120.272000,120.279000,120.272000,120.272000
1580269560,120.273000,120.277000,120.272000,120.273000
1580269620,120.273000,120.277000,120.273000,120.274000
1580269680,120.274000,120.279000,120.273000,120.276000
1580269740,120.276000,120.287000,120.276000,120.287000
1580269800,120.286000,120.287000,120.280000,120.286000
1580269860,120.286000,120.289000,120.286000,120.289000
1580269920,120.289000,120.290000,120.285000,120.285000
1580269980,120.285000,120.285000,120.277000,120.278000
1580270040,120.277000,120.279000,120.272000,120.277000
1580270100,120.276000,120.278000,120.273000,120.273000
1580270160,120.273000,120.273000,120.269000,120.271000
1580270220,120.271000,120.271000,120.263000,120.264000
1580270280,120.264000,120.270000,120.257000,120.265000
1580270340,120.265000,120.278000,120.264000,120.278000
1580270400,120.276000,120.279000,120.263000,120.265000
1580270460,120.265000,120.266000,120.263000,120.266000
1580270520,120.266000,120.274000,120.264000,120.270000
1580270580,120.270000,120.272000,120.268000,120.270000
1580270640,120.269000,120.272000,120.268000,120.272000
1580270700,120.272000,120.272000,120.261000,120.266000
1580270760,120.267000,120.268000,120.263000,120.266000
1580270820,120.267000,120.272000,120.265000,120.272000
1580270880,120.271000,120.273000,120.267000,120.271000
1580270940,120.272000,120.273000,120.267000,120.267000
1580271000,120.268000,120.270000,120.267000,120.267000
1580271060,120.267000,120.268000,120.257000,120.260000
1580271120,120.262000,120.266000,120.260000,120.263000
1580271180,120.264000,120.265000,120.261000,120.261000
1580271240,120.263000,120.263000,120.253000,120.256000
1580271300,120.257000,120.264000,120.255000,120.256000
1580271360,120.256000,120.258000,120.252000,120.258000
1580271420,120.257000,120.261000,120.256000,120.257000
1580271480,120.257000,120.260000,120.257000,120.260000
1580271540,120.259000,120.264000,120.259000,120.264000
1580271600,120.263000,120.266000,120.262000,120.263000
1580271660,120.263000,120.264000,120.263000,120.264000
1580271720,120.264000,120.267000,120.263000,120.266000
1580271780,120.265000,120.265000,120.263000,120.265000
1580271840,120.266000,120.269000,120.266000,120.267000
1580271900,120.269000,120.271000,120.267000,120.267000
1580271960,120.267000,120.272000,120.267000,120.267000
1580272020,120.266000,120.267000,120.261000,120.264000
1580272080,120.266000,120.269000,120.264000,120.267000
1580272140,120.269000,120.270000,120.267000,120.267000
1580272200,120.268000,120.272000,120.267000,120.270000
1580272260,120.268000,120.269000,120.265000,120.268000
1580272320,120.267000,120.269000,120.266000,120.266000
1580272380,120.266000,120.266000,120.254000,120.255000
1580272440,120.256000,120.259000,120.253000,120.255000
1580272500,120.254000,120.255000,120.248000,120.250000
1580272560,120.250000,120.255000,120.250000,120.250000
1580272620,120.250000,120.255000,120.248000,120.253000
1580272680,120.254000,120.256000,120.250000,120.251000
1580272740,120.251000,120.251000,120.250000,120.250000
1580272800,120.250000,120.250000,120.250000,120.250000
1580272860,120.250000,120.251000,120.250000,120.251000
1580272920,120.252000,120.254000,120.251000,120.254000
1580272980,120.254000,120.254000,120.248000,120.249000
1580273040,120.250000,120.254000,120.245000,120.245000
1580273100,120.242000,120.243000,120.238000,120.240000
1580273160,120.241000,120.253000,120.241000,120.251000
1580273220,120.252000,120.254000,120.248000,120.248000
1580273280,120.249000,120.250000,120.249000,120.250000
1580273340,120.250000,120.250000,120.247000,120.247000
1580273400,120.247000,120.248000,120.244000,120.248000
1580273460,120.249000,120.249000,120.247000,120.248000
1580273520,120.248000,120.249000,120.245000,120.246000
1580273580,120.247000,120.250000,120.247000,120.248000
1580273640,120.246000,120.246000,120.244000,120.245000
1580273700,120.246000,120.257000,120.246000,120.249000
1580273760,120.249000,120.250000,120.240000,120.242000
1580273820,120.242000,120.245000,120.242000,120.244000
1580273880,120.244000,120.245000,120.239000,120.245000
1580273940,120.245000,120.260000,120.244000,120.258000
