time,open,high,low,close
1508817600,149.809000,149.817000,149.809000,149.813000
1508817660,149.815000,149.818000,149.815000,149.818000
1508817720,149.816000,149.821000,149.816000,149.821000
1508817780,149.821000,149.828000,149.812000,149.814000
1508817840,149.817000,149.828000,149.816000,149.818000
1508817900,149.819000,149.841000,149.819000,149.835000
1508817960,149.839000,149.849000,149.838000,149.838000
1508818020,149.840000,149.846000,149.840000,149.846000
1508818080,149.846000,149.859000,149.843000,149.855000
1508818140,149.852000,149.852000,149.843000,149.848000
1508818200,149.850000,149.864000,149.846000,149.849000
1508818260,149.850000,149.850000,149.844000,149.844000
1508818320,149.845000,149.849000,149.839000,149.839000
1508818380,149.841000,149.847000,149.829000,149.845000
1508818440,149.846000,149.851000,149.845000,149.845000
1508818500,149.848000,149.854000,149.840000,149.843000
1508818560,149.840000,149.848000,149.838000,149.844000
1508818620,149.840000,149.845000,149.836000,149.840000
1508818680,149.841000,149.857000,149.841000,149.854000
1508818740,149.854000,149.854000,149.839000,149.844000
1508818800,149.846000,149.846000,149.844000,149.844000
1508818860,149.846000,149.848000,149.846000,149.848000
1508818920,149.845000,149.845000,149.837000,149.838000
1508818980,149.840000,149.843000,149.840000,149.843000
1508819040,149.841000,149.843000,149.841000,149.843000
1508819100,149.846000,149.857000,149.846000,149.853000
1508819160,149.854000,149.864000,149.854000,149.864000
1508819280,149.861000,149.861000,149.856000,149.856000
1508819400,149.858000,149.866000,149.856000,149.864000
1508819460,149.862000,149.863000,149.853000,149.855000
1508819520,149.856000,149.856000,149.856000,149.856000
1508819580,149.857000,149.857000,149.849000,149.855000
1508819640,149.854000,149.861000,149.854000,149.857000
1508819700,149.858000,149.873000,149.858000,149.869000
1508819760,149.869000,149.878000,149.869000,149.876000
1508819820,149.878000,149.878000,149.873000,149.873000
1508819880,149.875000,149.883000,149.875000,149.883000
1508819940,149.885000,149.887000,149.879000,149.885000
1508820000,149.887000,149.889000,149.882000,149.887000
1508820060,149.889000,149.891000,149.884000,149.886000
1508820120,149.884000,149.884000,149.869000,149.875000
1508820180,149.873000,149.875000,149.873000,149.873000
1508820240,149.876000,149.876000,149.863000,149.863000
1508820300,149.863000,149.863000,149.853000,149.862000
1508820360,149.864000,149.882000,149.864000,149.877000
1508820420,149.875000,149.878000,149.864000,149.864000
1508820480,149.861000,149.863000,149.858000,149.863000
1508820540,149.863000,149.863000,149.843000,149.851000
1508820600,149.852000,149.858000,149.852000,149.858000
1508820660,149.856000,149.858000,149.854000,149.854000
1508820720,149.852000,149.852000,149.847000,149.847000
1508820780,149.849000,149.856000,149.833000,149.833000
1508820840,149.834000,149.853000,149.834000,149.853000
1508820900,149.853000,149.872000,149.853000,149.858000
1508820960,149.860000,149.890000,149.858000,149.887000
1508821020,149.886000,149.910000,149.878000,149.910000
1508821080,149.909000,149.910000,149.880000,149.894000
1508821140,149.896000,149.922000,149.880000,149.899000
1508821200,149.902000,149.904000,149.847000,149.857000
1508821260,149.856000,149.895000,149.856000,149.888000
1508821320,149.886000,149.887000,149.849000,149.869000
1508821380,149.871000,149.871000,149.843000,149.850000
1508821440,149.852000,149.865000,149.849000,149.852000
1508821500,149.852000,149.877000,149.852000,149.866000
1508821560,149.864000,149.865000,149.856000,149.863000
1508821620,149.866000,149.867000,149.859000,149.862000
1508821680,149.860000,149.868000,149.860000,149.868000
1508821740,149.866000,149.878000,149.866000,149.869000
1508821800,149.870000,149.871000,149.863000,149.863000
1508821860,149.861000,149.863000,149.861000,149.863000
1508821920,149.865000,149.867000,149.846000,149.849000
1508821980,149.851000,149.852000,149.845000,149.851000
1508822040,149.854000,149.858000,149.842000,149.851000
1508822100,149.849000,149.849000,149.835000,149.835000
1508822160,149.837000,149.850000,149.837000,149.844000
1508822220,149.847000,149.851000,149.843000,149.850000
1508822280,149.852000,149.857000,149.836000,149.836000
1508822340,149.831000,149.852000,149.830000,149.852000
1508822400,149.849000,149.854000,149.837000,149.837000
1508822460,149.836000,149.843000,149.832000,149.834000
1508822520,149.831000,149.831000,149.827000,149.828000
1508822580,149.831000,149.850000,149.831000,149.850000
1508822640,149.850000,149.854000,149.847000,149.852000
1508822700,149.855000,149.864000,149.855000,149.864000
1508822760,149.866000,149.871000,149.866000,149.871000
1508822820,149.873000,149.881000,149.866000,149.871000
1508822880,149.874000,149.877000,149.869000,149.872000
1508822940,149.874000,149.941000,149.874000,149.938000
1508823000,149.940000,149.940000,149.905000,149.905000
1508823060,149.907000,149.938000,149.907000,149.915000
1508823120,149.913000,149.931000,149.913000,149.923000
1508823180,149.922000,149.927000,149.908000,149.926000
1508823240,149.925000,149.926000,149.918000,149.922000
1508823300,149.919000,149.919000,149.905000,149.909000
1508823360,149.910000,149.917000,149.886000,149.889000
1508823420,149.890000,149.900000,149.890000,149.895000
1508823480,149.895000,149.939000,149.895000,149.928000
1508823540,149.929000,149.930000,149.918000,149.918000
1508823600,149.920000,149.949000,149.920000,149.946000
1508823660,149.943000,149.944000,149.936000,149.944000
1508823720,149.941000,149.973000,149.941000,149.961000
1508823780,149.961000,149.968000,149.959000,149.965000
1508823840,149.965000,149.972000,149.947000,149.950000
1508823900,149.952000,149.960000,149.942000,149.951000
1508823960,149.952000,149.956000,149.947000,149.954000
1508824020,149.954000,149.954000,149.936000,149.941000
1508824080,149.940000,149.945000,149.939000,149.943000
1508824140,149.944000,149.945000,149.931000,149.931000
1508824200,149.928000,149.928000,149.904000,149.911000
1508824260,149.914000,149.917000,149.891000,149.900000
1508824320,149.898000,149.900000,149.884000,149.889000
1508824380,149.891000,149.911000,149.891000,149.907000
1508824440,149.908000,149.922000,149.899000,149.922000
1508824500,149.922000,149.937000,149.913000,149.916000
1508824560,149.915000,149.915000,149.892000,149.915000
1508824620,149.915000,149.948000,149.915000,149.932000
1508824680,149.932000,149.965000,149.930000,149.949000
1508824740,149.949000,149.977000,149.949000,149.964000
1508824800,149.961000,149.981000,149.949000,149.958000
1508824860,149.954000,150.038000,149.953000,150.038000
1508824920,150.040000,150.041000,150.014000,150.014000
1508824980,150.014000,150.018000,149.982000,149.997000
1508825040,149.999000,150.007000,149.990000,149.992000
1508825100,149.992000,150.017000,149.984000,149.985000
1508825160,149.986000,150.017000,149.984000,150.017000
1508825220,150.017000,150.044000,150.011000,150.017000
1508825280,150.022000,150.049000,149.990000,149.993000
1508825340,149.992000,149.997000,149.973000,149.994000
1508825400,149.995000,150.006000,149.983000,149.985000
1508825460,149.987000,149.995000,149.986000,149.987000
1508825520,149.982000,150.014000,149.982000,150.006000
1508825580,150.009000,150.018000,149.987000,149.987000
1508825640,149.988000,150.000000,149.979000,149.999000
1508825700,149.999000,150.007000,149.976000,150.007000
1508825760,150.006000,150.079000,150.006000,150.061000
1508825820,150.059000,150.070000,150.048000,150.065000
1508825880,150.064000,150.064000,150.022000,150.029000
1508825940,150.031000,150.032000,150.006000,150.011000
1508826000,150.011000,150.018000,150.002000,150.016000
1508826060,150.015000,150.026000,150.005000,150.015000
1508826120,150.017000,150.043000,150.003000,150.003000
1508826180,150.006000,150.006000,149.972000,149.974000
1508826240,149.972000,149.972000,149.955000,149.955000
1508826300,149.954000,149.975000,149.951000,149.970000
1508826360,149.971000,149.983000,149.965000,149.965000
1508826420,149.962000,150.009000,149.949000,150.009000
1508826480,150.007000,150.015000,149.994000,149.998000
1508826540,150.000000,150.031000,150.000000,150.009000
1508826600,150.007000,150.012000,150.001000,150.004000
1508826660,150.004000,150.004000,149.972000,149.973000
1508826720,149.972000,150.006000,149.967000,149.997000
1508826780,149.997000,150.003000,149.974000,149.977000
1508826840,149.980000,150.016000,149.976000,150.006000
1508826900,150.008000,150.011000,149.971000,149.978000
1508826960,149.979000,150.000000,149.946000,149.992000
1508827020,149.991000,150.026000,149.985000,150.021000
1508827080,150.021000,150.034000,150.016000,150.016000
1508827140,150.016000,150.023000,150.004000,150.007000
1508827200,150.009000,150.039000,149.991000,149.994000
1508827260,149.992000,149.995000,149.969000,149.979000
1508827320,149.981000,150.018000,149.976000,149.998000
1508827380,150.000000,150.008000,149.995000,149.995000
1508827440,149.994000,149.996000,149.978000,149.983000
1508827500,149.985000,150.008000,149.967000,150.007000
1508827560,150.007000,150.019000,149.996000,150.019000
1508827620,150.020000,150.039000,150.018000,150.025000
1508827680,150.024000,150.037000,150.013000,150.030000
1508827740,150.028000,150.058000,150.014000,150.054000
1508827800,150.052000,150.055000,150.037000,150.039000
1508827860,150.039000,150.046000,150.013000,150.024000
1508827920,150.022000,150.026000,149.998000,150.013000
1508827980,150.014000,150.017000,149.978000,149.990000
1508828040,149.991000,150.011000,149.983000,149.985000
1508828100,149.985000,150.005000,149.978000,149.983000
1508828160,149.984000,150.001000,149.982000,149.991000
1508828220,149.994000,150.011000,149.994000,149.996000
1508828280,149.996000,149.999000,149.954000,149.958000
1508828340,149.954000,150.016000,149.944000,150.006000
1508828400,150.001000,150.032000,149.969000,150.004000
1508828460,150.006000,150.013000,149.974000,149.991000
1508828520,149.988000,150.017000,149.974000,149.994000
1508828580,149.995000,150.009000,149.985000,149.993000
1508828640,149.992000,150.007000,149.974000,149.979000
1508828700,149.976000,149.992000,149.926000,149.962000
1508828760,149.963000,149.986000,149.944000,149.958000
1508828820,149.959000,149.960000,149.928000,149.955000
1508828880,149.952000,149.987000,149.946000,149.983000
1508828940,149.981000,149.983000,149.957000,149.968000
1508829000,149.972000,149.987000,149.961000,149.986000
1508829060,149.987000,150.008000,149.968000,149.976000
1508829120,149.978000,149.986000,149.970000,149.982000
1508829180,149.984000,149.991000,149.970000,149.979000
1508829240,149.983000,149.983000,149.942000,149.944000
1508829300,149.944000,149.951000,149.926000,149.940000
1508829360,149.938000,149.941000,149.913000,149.925000
1508829420,149.925000,149.928000,149.906000,149.922000
1508829480,149.922000,149.932000,149.916000,149.924000
1508829540,149.922000,149.922000,149.865000,149.867000
1508829600,149.866000,149.907000,149.866000,149.906000
1508829660,149.905000,149.912000,149.878000,149.903000
1508829720,149.905000,149.908000,149.877000,149.896000
1508829780,149.896000,149.926000,149.896000,149.918000
1508829840,149.920000,149.949000,149.915000,149.942000
1508829900,149.941000,149.994000,149.905000,149.915000
1508829960,149.919000,149.960000,149.908000,149.917000
1508830020,149.919000,149.927000,149.896000,149.896000
1508830080,149.894000,149.896000,149.877000,149.877000
1508830140,149.879000,149.891000,149.869000,149.879000
1508830200,149.881000,149.883000,149.854000,149.861000
1508830260,149.859000,149.862000,149.839000,149.852000
1508830320,149.850000,149.858000,149.813000,149.820000
1508830380,149.819000,149.819000,149.786000,149.799000
1508830440,149.801000,149.817000,149.795000,149.810000
1508830500,149.812000,149.839000,149.812000,149.827000
1508830560,149.827000,149.836000,149.800000,149.823000
1508830620,149.820000,149.822000,149.801000,149.812000
1508830680,149.812000,149.833000,149.809000,149.826000
1508830740,149.828000,149.863000,149.816000,149.818000
1508830800,149.822000,149.842000,149.814000,149.814000
1508830860,149.812000,149.866000,149.812000,149.846000
1508830920,149.846000,149.862000,149.827000,149.853000
1508830980,149.850000,149.859000,149.843000,149.846000
1508831040,149.846000,149.896000,149.846000,149.879000
1508831100,149.879000,149.909000,149.875000,149.902000
1508831160,149.900000,149.912000,149.873000,149.908000
1508831220,149.906000,149.906000,149.889000,149.891000
1508831280,149.895000,149.912000,149.888000,149.902000
1508831340,149.902000,149.917000,149.885000,149.906000
1508831400,149.910000,149.912000,149.896000,149.910000
1508831460,149.913000,149.927000,149.907000,149.923000
1508831520,149.922000,149.924000,149.903000,149.906000
1508831580,149.908000,149.920000,149.908000,149.916000
1508831640,149.913000,149.935000,149.907000,149.923000
1508831700,149.924000,149.931000,149.913000,149.923000
1508831760,149.922000,149.924000,149.902000,149.902000
1508831820,149.901000,149.909000,149.892000,149.895000
1508831880,149.895000,149.895000,149.872000,149.884000
1508831940,149.882000,149.885000,149.865000,149.867000
1508832000,149.871000,149.901000,149.865000,149.895000
1508832060,149.894000,149.894000,149.859000,149.871000
1508832120,149.874000,149.934000,149.874000,149.932000
1508832180,149.932000,149.933000,149.886000,149.926000
1508832240,149.923000,149.930000,149.908000,149.912000
1508832300,149.912000,149.949000,149.912000,149.947000
1508832360,149.947000,149.955000,149.909000,149.911000
1508832420,149.913000,149.930000,149.903000,149.920000
1508832480,149.922000,149.942000,149.922000,149.926000
1508832540,149.923000,149.960000,149.923000,149.946000
1508832600,149.944000,149.969000,149.944000,149.957000
1508832660,149.956000,149.976000,149.956000,149.966000
1508832720,149.960000,149.989000,149.953000,149.981000
1508832780,149.982000,150.021000,149.979000,150.015000
1508832840,150.016000,150.020000,149.969000,149.972000
1508832900,149.973000,149.987000,149.958000,149.962000
1508832960,149.961000,149.989000,149.961000,149.989000
1508833020,149.993000,150.006000,149.990000,150.004000
1508833080,150.007000,150.015000,149.989000,150.010000
1508833140,150.012000,150.040000,150.012000,150.014000
1508833200,150.011000,150.018000,149.997000,150.001000
1508833260,149.999000,150.025000,149.999000,150.025000
1508833320,150.025000,150.025000,149.960000,149.962000
1508833380,149.963000,149.972000,149.936000,149.948000
1508833440,149.950000,149.982000,149.950000,149.967000
1508833500,149.965000,149.975000,149.954000,149.973000
1508833560,149.974000,149.986000,149.968000,149.977000
1508833620,149.974000,149.974000,149.947000,149.960000
1508833680,149.958000,149.964000,149.948000,149.952000
1508833740,149.955000,149.970000,149.950000,149.959000
1508833800,149.961000,149.964000,149.956000,149.962000
1508833860,149.960000,149.964000,149.940000,149.948000
1508833920,149.947000,149.947000,149.926000,149.936000
1508833980,149.936000,149.946000,149.929000,149.946000
1508834040,149.944000,149.944000,149.932000,149.934000
1508834100,149.931000,149.954000,149.918000,149.953000
1508834160,149.952000,149.960000,149.951000,149.951000
1508834220,149.951000,149.961000,149.948000,149.948000
1508834280,149.950000,149.956000,149.941000,149.952000
1508834340,149.949000,149.959000,149.939000,149.939000
1508834400,149.939000,149.943000,149.909000,149.917000
1508834460,149.916000,149.940000,149.916000,149.938000
1508834520,149.941000,149.962000,149.941000,149.960000
1508834580,149.964000,149.966000,149.923000,149.923000
1508834640,149.921000,149.938000,149.916000,149.938000
1508834700,149.935000,149.951000,149.935000,149.951000
1508834760,149.953000,149.998000,149.952000,149.998000
1508834820,150.000000,150.015000,149.995000,150.007000
1508834880,150.009000,150.015000,150.005000,150.009000
1508834940,150.011000,150.021000,150.005000,150.013000
1508835000,150.014000,150.019000,150.007000,150.017000
1508835060,150.017000,150.017000,149.978000,149.978000
1508835120,149.978000,149.978000,149.952000,149.962000
1508835180,149.962000,149.988000,149.954000,149.985000
1508835240,149.985000,150.010000,149.985000,149.986000
1508835300,149.986000,150.007000,149.985000,150.007000
1508835360,150.007000,150.036000,150.003000,150.031000
1508835420,150.031000,150.031000,150.014000,150.021000
1508835480,150.021000,150.029000,149.999000,150.021000
1508835540,150.021000,150.052000,150.015000,150.052000
1508835600,150.053000,150.053000,149.980000,149.988000
1508835660,149.991000,149.998000,149.973000,149.980000
1508835720,149.981000,150.005000,149.973000,149.973000
1508835780,149.972000,149.995000,149.960000,149.960000
1508835840,149.958000,149.983000,149.950000,149.977000
1508835900,149.978000,149.980000,149.923000,149.935000
1508835960,149.932000,149.939000,149.921000,149.939000
1508836020,149.940000,149.974000,149.940000,149.966000
1508836080,149.966000,149.984000,149.966000,149.978000
1508836140,149.978000,149.984000,149.966000,149.969000
1508836200,149.969000,149.970000,149.943000,149.945000
1508836260,149.944000,149.949000,149.928000,149.932000
1508836320,149.930000,149.932000,149.888000,149.888000
1508836380,149.889000,149.896000,149.875000,149.893000
1508836440,149.893000,149.893000,149.880000,149.886000
1508836500,149.888000,149.891000,149.781000,149.786000
1508836560,149.791000,149.795000,149.706000,149.745000
1508836620,149.737000,149.780000,149.737000,149.769000
1508836680,149.769000,149.789000,149.759000,149.764000
1508836740,149.766000,149.788000,149.736000,149.758000
1508836800,149.762000,149.783000,149.751000,149.777000
1508836860,149.777000,149.791000,149.767000,149.789000
1508836920,149.787000,149.800000,149.773000,149.789000
1508836980,149.789000,149.791000,149.771000,149.771000
1508837040,149.769000,149.779000,149.768000,149.779000
1508837100,149.779000,149.810000,149.776000,149.800000
1508837160,149.803000,149.819000,149.799000,149.815000
1508837220,149.815000,149.823000,149.806000,149.810000
1508837280,149.809000,149.815000,149.799000,149.803000
1508837340,149.807000,149.828000,149.777000,149.777000
1508837400,149.775000,149.787000,149.750000,149.778000
1508837460,149.786000,149.791000,149.769000,149.779000
1508837520,149.782000,149.801000,149.782000,149.785000
1508837580,149.785000,149.789000,149.767000,149.780000
1508837640,149.780000,149.804000,149.780000,149.790000
1508837700,149.792000,149.806000,149.788000,149.804000
1508837760,149.803000,149.821000,149.803000,149.808000
1508837820,149.808000,149.828000,149.804000,149.828000
1508837880,149.831000,149.835000,149.795000,149.818000
1508837940,149.820000,149.820000,149.797000,149.809000
1508838000,149.806000,149.809000,149.787000,149.805000
1508838060,149.805000,149.821000,149.805000,149.817000
1508838120,149.819000,149.825000,149.817000,149.821000
1508838180,149.821000,149.829000,149.806000,149.820000
1508838240,149.822000,149.841000,149.819000,149.841000
1508838300,149.844000,149.857000,149.844000,149.852000
1508838360,149.852000,149.852000,149.833000,149.833000
1508838420,149.831000,149.865000,149.831000,149.851000
1508838480,149.851000,149.854000,149.826000,149.830000
1508838540,149.828000,149.848000,149.821000,149.841000
1508838600,149.841000,149.868000,149.841000,149.868000
1508838660,149.866000,149.868000,149.859000,149.864000
1508838720,149.864000,149.871000,149.862000,149.871000
1508838780,149.871000,149.887000,149.867000,149.887000
1508838840,149.885000,149.895000,149.877000,149.884000
1508838900,149.884000,149.884000,149.880000,149.880000
1508838960,149.880000,149.880000,149.844000,149.848000
1508839020,149.852000,149.856000,149.843000,149.843000
1508839080,149.839000,149.839000,149.778000,149.782000
1508839140,149.783000,149.793000,149.773000,149.782000
1508839200,149.774000,149.794000,149.764000,149.767000
1508839260,149.767000,149.780000,149.755000,149.758000
1508839320,149.753000,149.772000,149.753000,149.765000
1508839380,149.769000,149.775000,149.732000,149.741000
1508839440,149.741000,149.741000,149.717000,149.721000
1508839500,149.720000,149.747000,149.720000,149.746000
1508839560,149.746000,149.764000,149.746000,149.751000
1508839620,149.753000,149.768000,149.753000,149.759000
1508839680,149.759000,149.769000,149.753000,149.766000
1508839740,149.766000,149.807000,149.766000,149.807000
1508839800,149.804000,149.813000,149.795000,149.810000
1508839860,149.810000,149.810000,149.746000,149.754000
1508839920,149.755000,149.781000,149.755000,149.778000
1508839980,149.781000,149.789000,149.770000,149.789000
1508840040,149.789000,149.793000,149.779000,149.789000
1508840100,149.788000,149.788000,149.778000,149.785000
1508840160,149.786000,149.799000,149.783000,149.791000
1508840220,149.791000,149.807000,149.791000,149.802000
1508840280,149.801000,149.803000,149.783000,149.803000
1508840340,149.805000,149.813000,149.799000,149.809000
1508840400,149.810000,149.824000,149.810000,149.824000
1508840460,149.822000,149.822000,149.801000,149.801000
1508840520,149.803000,149.822000,149.803000,149.810000
1508840580,149.812000,149.836000,149.812000,149.829000
1508840640,149.830000,149.834000,149.828000,149.830000
1508840700,149.834000,149.869000,149.833000,149.867000
1508840760,149.869000,149.873000,149.856000,149.871000
1508840820,149.871000,149.918000,149.864000,149.903000
1508840880,149.900000,149.905000,149.893000,149.895000
1508840940,149.901000,149.923000,149.898000,149.912000
1508841000,149.916000,149.923000,149.891000,149.892000
1508841060,149.892000,149.905000,149.884000,149.897000
1508841120,149.897000,149.905000,149.897000,149.897000
1508841180,149.897000,149.897000,149.883000,149.888000
1508841240,149.886000,149.906000,149.886000,149.906000
1508841300,149.906000,149.930000,149.906000,149.920000
1508841360,149.920000,149.920000,149.884000,149.884000
1508841420,149.881000,149.888000,149.867000,149.869000
1508841480,149.867000,149.880000,149.860000,149.874000
1508841540,149.874000,149.890000,149.873000,149.874000
1508841600,149.877000,149.909000,149.877000,149.909000
1508841660,149.912000,149.930000,149.905000,149.905000
1508841720,149.903000,149.903000,149.868000,149.876000
1508841780,149.878000,149.891000,149.878000,149.887000
1508841840,149.890000,149.897000,149.884000,149.884000
1508841900,149.884000,149.903000,149.882000,149.898000
1508841960,149.898000,149.902000,149.895000,149.899000
1508842020,149.899000,149.908000,149.890000,149.893000
1508842080,149.895000,149.911000,149.893000,149.899000
1508842140,149.899000,149.908000,149.892000,149.908000
1508842200,149.909000,149.915000,149.897000,149.897000
1508842260,149.897000,149.902000,149.888000,149.891000
1508842320,149.891000,149.915000,149.891000,149.915000
1508842380,149.915000,149.920000,149.913000,149.919000
1508842440,149.922000,149.935000,149.908000,149.910000
1508842500,149.910000,149.910000,149.886000,149.886000
1508842560,149.884000,149.899000,149.883000,149.898000
1508842620,149.898000,149.899000,149.869000,149.879000
1508842680,149.879000,149.890000,149.872000,149.877000
1508842740,149.877000,149.909000,149.873000,149.894000
1508842800,149.895000,149.924000,149.895000,149.915000
1508842860,149.912000,149.912000,149.887000,149.887000
1508842920,149.885000,149.924000,149.884000,149.914000
1508842980,149.914000,149.917000,149.899000,149.908000
1508843040,149.907000,149.907000,149.868000,149.868000
1508843100,149.870000,149.875000,149.854000,149.875000
1508843160,149.873000,149.884000,149.867000,149.877000
1508843220,149.877000,149.921000,149.877000,149.919000
1508843280,149.922000,149.937000,149.916000,149.919000
1508843340,149.917000,149.918000,149.891000,149.896000
1508843400,149.895000,149.901000,149.882000,149.901000
1508843460,149.903000,149.933000,149.903000,149.931000
1508843520,149.931000,149.932000,149.921000,149.930000
1508843580,149.930000,149.930000,149.913000,149.926000
1508843640,149.926000,149.939000,149.920000,149.923000
1508843700,149.923000,149.927000,149.909000,149.909000
1508843760,149.909000,149.917000,149.903000,149.914000
1508843820,149.913000,149.966000,149.902000,149.940000
1508843880,149.937000,149.940000,149.924000,149.927000
1508843940,149.929000,149.936000,149.916000,149.926000
1508844000,149.927000,149.935000,149.918000,149.927000
1508844060,149.926000,149.926000,149.918000,149.919000
1508844120,149.920000,149.924000,149.902000,149.915000
1508844180,149.909000,149.937000,149.905000,149.933000
1508844240,149.932000,149.951000,149.928000,149.939000
1508844300,149.940000,149.956000,149.925000,149.932000
1508844360,149.930000,149.947000,149.921000,149.947000
1508844420,149.944000,149.945000,149.913000,149.913000
1508844480,149.914000,149.928000,149.914000,149.921000
1508844540,149.921000,149.944000,149.915000,149.943000
1508844600,149.942000,149.951000,149.920000,149.928000
1508844660,149.928000,149.933000,149.917000,149.930000
1508844720,149.932000,149.933000,149.908000,149.908000
1508844780,149.907000,149.911000,149.844000,149.845000
1508844840,149.843000,149.850000,149.772000,149.776000
1508844900,149.777000,149.800000,149.777000,149.783000
1508844960,149.782000,149.802000,149.778000,149.785000
1508845020,149.786000,149.810000,149.786000,149.802000
1508845080,149.799000,149.799000,149.770000,149.795000
1508845140,149.797000,149.802000,149.789000,149.792000
1508845200,149.789000,149.796000,149.775000,149.780000
1508845260,149.780000,149.809000,149.780000,149.804000
1508845320,149.803000,149.823000,149.796000,149.823000
1508845380,149.823000,149.829000,149.806000,149.810000
1508845440,149.812000,149.820000,149.797000,149.804000
1508845500,149.804000,149.831000,149.780000,149.826000
1508845560,149.827000,149.880000,149.826000,149.835000
1508845620,149.838000,149.861000,149.826000,149.828000
1508845680,149.830000,149.830000,149.784000,149.799000
1508845740,149.799000,149.823000,149.799000,149.809000
1508845800,149.811000,149.845000,149.801000,149.845000
1508845860,149.845000,149.895000,149.835000,149.895000
1508845920,149.892000,149.916000,149.892000,149.895000
1508845980,149.896000,149.898000,149.885000,149.891000
1508846040,149.892000,149.900000,149.885000,149.898000
1508846100,149.899000,149.899000,149.885000,149.887000
1508846160,149.887000,149.894000,149.875000,149.879000
1508846220,149.879000,149.898000,149.875000,149.895000
1508846280,149.896000,149.929000,149.885000,149.918000
1508846340,149.925000,149.935000,149.902000,149.904000
1508846400,149.905000,149.933000,149.903000,149.913000
1508846460,149.916000,149.950000,149.895000,149.940000
1508846520,149.940000,149.979000,149.927000,149.968000
1508846580,149.971000,149.991000,149.963000,149.975000
1508846640,149.975000,149.986000,149.948000,149.948000
1508846700,149.946000,149.986000,149.945000,149.971000
1508846760,149.971000,149.976000,149.955000,149.960000
1508846820,149.960000,149.973000,149.948000,149.953000
1508846880,149.954000,149.999000,149.947000,149.999000
1508846940,149.998000,150.000000,149.953000,149.976000
1508847000,149.979000,149.983000,149.942000,149.949000
1508847060,149.951000,149.963000,149.945000,149.963000
1508847120,149.965000,149.982000,149.957000,149.967000
1508847180,149.966000,149.990000,149.960000,149.983000
1508847240,149.983000,150.012000,149.983000,149.991000
1508847300,149.991000,149.999000,149.972000,149.980000
1508847360,149.977000,149.986000,149.968000,149.977000
1508847420,149.973000,149.993000,149.952000,149.986000
1508847480,149.987000,149.990000,149.975000,149.987000
1508847540,149.987000,150.023000,149.987000,149.990000
1508847600,149.978000,150.016000,149.978000,149.979000
1508847660,149.981000,149.988000,149.954000,149.984000
1508847720,149.982000,150.007000,149.976000,149.995000
1508847780,149.994000,150.009000,149.988000,149.995000
1508847840,149.995000,150.014000,149.987000,150.001000
1508847900,150.001000,150.006000,149.991000,150.000000
1508847960,150.000000,150.010000,149.999000,150.007000
1508848020,150.007000,150.022000,149.991000,150.002000
1508848080,150.000000,150.012000,149.994000,150.005000
1508848140,150.002000,150.023000,150.001000,150.004000
1508848200,150.007000,150.014000,149.995000,150.006000
1508848260,150.009000,150.015000,149.985000,150.007000
1508848320,150.004000,150.041000,150.002000,150.036000
1508848380,150.039000,150.040000,150.015000,150.033000
1508848440,150.035000,150.056000,150.032000,150.046000
1508848500,150.046000,150.087000,150.026000,150.064000
1508848560,150.062000,150.062000,150.029000,150.047000
1508848620,150.046000,150.052000,150.035000,150.035000
1508848680,150.035000,150.045000,150.029000,150.039000
1508848740,150.036000,150.044000,150.029000,150.039000
1508848800,150.039000,150.046000,150.037000,150.037000
1508848860,150.040000,150.041000,150.032000,150.036000
1508848920,150.035000,150.035000,150.022000,150.022000
1508848980,150.022000,150.028000,150.009000,150.009000
1508849040,150.010000,150.035000,150.009000,150.021000
1508849100,150.021000,150.037000,150.007000,150.012000
1508849160,150.010000,150.037000,150.009000,150.031000
1508849220,150.032000,150.032000,149.984000,149.989000
1508849280,149.994000,150.003000,149.979000,149.989000
1508849340,149.989000,149.996000,149.963000,149.976000
1508849400,149.976000,149.999000,149.967000,149.976000
1508849460,149.974000,149.976000,149.961000,149.961000
1508849520,149.958000,149.961000,149.945000,149.945000
1508849580,149.942000,149.969000,149.932000,149.964000
1508849640,149.964000,149.982000,149.960000,149.965000
1508849700,149.965000,149.971000,149.953000,149.955000
1508849760,149.953000,149.958000,149.933000,149.935000
1508849820,149.937000,149.949000,149.927000,149.949000
1508849880,149.946000,149.954000,149.943000,149.945000
1508849940,149.945000,149.962000,149.945000,149.956000
1508850000,149.960000,149.960000,149.938000,149.947000
1508850060,149.944000,149.946000,149.922000,149.927000
1508850120,149.927000,149.952000,149.927000,149.948000
1508850180,149.948000,149.954000,149.935000,149.948000
1508850240,149.951000,149.963000,149.942000,149.942000
1508850300,149.942000,149.960000,149.936000,149.957000
1508850360,149.957000,149.971000,149.950000,149.953000
1508850420,149.953000,149.991000,149.953000,149.972000
1508850480,149.969000,149.970000,149.958000,149.958000
1508850540,149.961000,149.963000,149.938000,149.938000
1508850600,149.938000,149.971000,149.933000,149.956000
1508850660,149.955000,149.965000,149.954000,149.960000
1508850720,149.961000,149.966000,149.938000,149.944000
1508850780,149.941000,149.943000,149.902000,149.903000
1508850840,149.905000,149.923000,149.901000,149.909000
1508850900,149.908000,149.924000,149.908000,149.921000
1508850960,149.923000,149.939000,149.915000,149.939000
1508851020,149.936000,149.963000,149.932000,149.957000
1508851080,149.957000,149.966000,149.952000,149.957000
1508851140,149.954000,149.955000,149.942000,149.950000
1508851200,149.951000,149.952000,149.939000,149.951000
1508851260,149.952000,149.952000,149.936000,149.949000
1508851320,149.951000,149.960000,149.878000,149.885000
1508851380,149.886000,149.892000,149.872000,149.882000
1508851440,149.881000,149.888000,149.839000,149.849000
1508851500,149.850000,149.877000,149.842000,149.877000
1508851560,149.878000,149.879000,149.865000,149.873000
1508851620,149.871000,149.888000,149.863000,149.887000
1508851680,149.886000,149.891000,149.869000,149.873000
1508851740,149.874000,149.881000,149.829000,149.841000
1508851800,149.839000,149.868000,149.826000,149.868000
1508851860,149.870000,149.871000,149.842000,149.842000
1508851920,149.846000,149.875000,149.844000,149.858000
1508851980,149.860000,149.884000,149.806000,149.836000
1508852040,149.834000,149.853000,149.818000,149.846000
1508852100,149.846000,149.871000,149.834000,149.838000
1508852160,149.844000,149.871000,149.839000,149.842000
1508852220,149.842000,149.855000,149.826000,149.836000
1508852280,149.838000,149.849000,149.821000,149.839000
1508852340,149.839000,149.844000,149.815000,149.820000
1508852400,149.819000,149.852000,149.804000,149.850000
1508852460,149.850000,149.855000,149.804000,149.813000
1508852520,149.812000,149.812000,149.773000,149.808000
1508852580,149.805000,149.810000,149.780000,149.785000
1508852640,149.787000,149.787000,149.710000,149.721000
1508852700,149.719000,149.755000,149.718000,149.729000
1508852760,149.729000,149.729000,149.660000,149.684000
1508852820,149.685000,149.700000,149.665000,149.700000
1508852880,149.702000,149.742000,149.702000,149.737000
1508852940,149.737000,149.758000,149.720000,149.731000
1508853000,149.727000,149.759000,149.722000,149.757000
1508853060,149.758000,149.762000,149.714000,149.733000
1508853120,149.733000,149.765000,149.728000,149.757000
1508853180,149.757000,149.768000,149.725000,149.745000
1508853240,149.747000,149.750000,149.721000,149.726000
1508853300,149.731000,149.758000,149.726000,149.750000
1508853360,149.750000,149.751000,149.667000,149.691000
1508853420,149.693000,149.703000,149.645000,149.663000
1508853480,149.663000,149.682000,149.629000,149.645000
1508853540,149.645000,149.681000,149.637000,149.648000
1508853600,149.650000,149.700000,149.630000,149.692000
1508853660,149.695000,149.723000,149.692000,149.719000
1508853720,149.719000,149.719000,149.688000,149.711000
1508853780,149.708000,149.721000,149.702000,149.706000
1508853840,149.708000,149.726000,149.696000,149.698000
1508853900,149.698000,149.698000,149.672000,149.679000
1508853960,149.679000,149.692000,149.654000,149.683000
1508854020,149.686000,149.700000,149.664000,149.664000
1508854080,149.664000,149.682000,149.645000,149.665000
1508854140,149.667000,149.677000,149.640000,149.661000
1508854200,149.662000,149.683000,149.623000,149.635000
1508854260,149.633000,149.654000,149.614000,149.614000
1508854320,149.616000,149.639000,149.612000,149.633000
1508854380,149.632000,149.684000,149.632000,149.680000
1508854440,149.682000,149.700000,149.659000,149.700000
1508854500,149.697000,149.705000,149.669000,149.687000
1508854560,149.687000,149.710000,149.687000,149.710000
1508854620,149.710000,149.715000,149.698000,149.702000
1508854680,149.700000,149.737000,149.698000,149.732000
1508854740,149.732000,149.737000,149.700000,149.708000
1508854800,149.706000,149.714000,149.683000,149.683000
1508854860,149.683000,149.709000,149.652000,149.668000
1508854920,149.660000,149.686000,149.589000,149.610000
1508854980,149.610000,149.640000,149.605000,149.605000
1508855040,149.605000,149.652000,149.599000,149.638000
1508855100,149.638000,149.679000,149.634000,149.656000
1508855160,149.656000,149.659000,149.584000,149.610000
1508855220,149.609000,149.625000,149.539000,149.593000
1508855280,149.586000,149.604000,149.554000,149.587000
1508855340,149.585000,149.627000,149.572000,149.583000
1508855400,149.585000,149.606000,149.571000,149.599000
1508855460,149.601000,149.616000,149.592000,149.616000
1508855520,149.616000,149.616000,149.568000,149.588000
1508855580,149.589000,149.621000,149.588000,149.596000
1508855640,149.596000,149.637000,149.586000,149.631000
1508855700,149.629000,149.635000,149.611000,149.611000
1508855760,149.611000,149.620000,149.598000,149.618000
1508855820,149.618000,149.637000,149.609000,149.637000
1508855880,149.637000,149.638000,149.612000,149.619000
1508855940,149.619000,149.622000,149.582000,149.595000
1508856000,149.593000,149.644000,149.593000,149.624000
1508856060,149.625000,149.626000,149.608000,149.618000
1508856120,149.617000,149.641000,149.609000,149.613000
1508856180,149.614000,149.620000,149.599000,149.599000
1508856240,149.599000,149.636000,149.599000,149.634000
1508856300,149.634000,149.666000,149.632000,149.662000
1508856360,149.662000,149.663000,149.630000,149.631000
1508856420,149.629000,149.637000,149.609000,149.609000
1508856480,149.611000,149.613000,149.588000,149.590000
1508856540,149.592000,149.594000,149.559000,149.578000
1508856600,149.580000,149.590000,149.546000,149.573000
1508856660,149.573000,149.586000,149.543000,149.576000
1508856720,149.576000,149.634000,149.568000,149.616000
1508856780,149.614000,149.671000,149.613000,149.627000
1508856840,149.625000,149.664000,149.602000,149.654000
1508856900,149.657000,149.681000,149.647000,149.651000
1508856960,149.649000,149.690000,149.641000,149.659000
1508857020,149.659000,149.688000,149.564000,149.564000
1508857080,149.559000,149.562000,149.514000,149.522000
1508857140,149.519000,149.525000,149.478000,149.478000
1508857200,149.480000,149.481000,149.429000,149.466000
1508857260,149.468000,149.489000,149.451000,149.469000
1508857320,149.467000,149.522000,149.464000,149.507000
1508857380,149.507000,149.524000,149.499000,149.508000
1508857440,149.510000,149.520000,149.472000,149.472000
1508857500,149.472000,149.499000,149.451000,149.477000
1508857560,149.475000,149.508000,149.470000,149.498000
1508857620,149.496000,149.496000,149.465000,149.477000
1508857680,149.475000,149.490000,149.455000,149.473000
1508857740,149.474000,149.515000,149.462000,149.509000
1508857800,149.509000,149.515000,149.479000,149.488000
1508857860,149.489000,149.513000,149.489000,149.501000
1508857920,149.502000,149.529000,149.488000,149.509000
1508857980,149.508000,149.517000,149.485000,149.485000
1508858040,149.482000,149.514000,149.476000,149.507000
1508858100,149.508000,149.523000,149.506000,149.507000
1508858160,149.509000,149.524000,149.500000,149.505000
1508858220,149.506000,149.529000,149.501000,149.521000
1508858280,149.523000,149.523000,149.497000,149.506000
1508858340,149.506000,149.525000,149.492000,149.502000
1508858400,149.503000,149.517000,149.500000,149.502000
1508858460,149.504000,149.524000,149.500000,149.502000
1508858520,149.506000,149.520000,149.500000,149.512000
1508858580,149.513000,149.522000,149.502000,149.506000
1508858640,149.507000,149.510000,149.474000,149.480000
1508858700,149.478000,149.498000,149.462000,149.485000
1508858760,149.481000,149.513000,149.476000,149.499000
1508858820,149.496000,149.499000,149.481000,149.490000
1508858880,149.490000,149.490000,149.443000,149.448000
1508858940,149.449000,149.458000,149.447000,149.458000
1508859000,149.476000,149.505000,149.474000,149.491000
1508859060,149.495000,149.511000,149.481000,149.500000
1508859120,149.502000,149.516000,149.502000,149.508000
1508859180,149.508000,149.508000,149.478000,149.487000
1508859240,149.488000,149.500000,149.474000,149.498000
1508859300,149.498000,149.516000,149.498000,149.510000
1508859360,149.510000,149.545000,149.510000,149.545000
1508859420,149.543000,149.571000,149.527000,149.534000
1508859480,149.538000,149.554000,149.522000,149.522000
1508859540,149.525000,149.541000,149.512000,149.538000
1508859600,149.538000,149.566000,149.536000,149.561000
1508859660,149.563000,149.578000,149.562000,149.567000
1508859720,149.567000,149.592000,149.544000,149.544000
1508859780,149.543000,149.582000,149.534000,149.582000
1508859840,149.582000,149.600000,149.572000,149.591000
1508859900,149.590000,149.613000,149.575000,149.611000
1508859960,149.609000,149.636000,149.598000,149.606000
1508860020,149.605000,149.621000,149.590000,149.595000
1508860080,149.598000,149.603000,149.581000,149.598000
1508860140,149.599000,149.603000,149.570000,149.583000
1508860200,149.582000,149.588000,149.577000,149.578000
1508860260,149.580000,149.591000,149.578000,149.578000
1508860320,149.578000,149.578000,149.540000,149.565000
1508860380,149.565000,149.571000,149.545000,149.567000
1508860440,149.566000,149.577000,149.555000,149.558000
1508860500,149.555000,149.561000,149.533000,149.538000
1508860560,149.539000,149.543000,149.528000,149.530000
1508860620,149.530000,149.534000,149.509000,149.514000
1508860680,149.513000,149.516000,149.486000,149.516000
1508860740,149.515000,149.515000,149.499000,149.504000
1508860800,149.507000,149.522000,149.490000,149.508000
1508860860,149.511000,149.524000,149.504000,149.512000
1508860920,149.515000,149.530000,149.514000,149.530000
1508860980,149.533000,149.552000,149.529000,149.544000
1508861040,149.544000,149.544000,149.482000,149.486000
1508861100,149.488000,149.503000,149.486000,149.492000
1508861160,149.492000,149.528000,149.483000,149.528000
1508861220,149.529000,149.537000,149.493000,149.493000
1508861280,149.492000,149.505000,149.478000,149.487000
1508861340,149.491000,149.507000,149.482000,149.487000
1508861400,149.488000,149.490000,149.464000,149.475000
1508861460,149.474000,149.536000,149.467000,149.518000
1508861520,149.518000,149.529000,149.496000,149.502000
1508861580,149.499000,149.503000,149.489000,149.495000
1508861640,149.499000,149.509000,149.482000,149.494000
1508861700,149.491000,149.509000,149.486000,149.486000
1508861760,149.487000,149.498000,149.469000,149.475000
1508861820,149.477000,149.489000,149.472000,149.473000
1508861880,149.474000,149.474000,149.443000,149.443000
1508861940,149.443000,149.443000,149.423000,149.426000
1508862000,149.424000,149.433000,149.415000,149.420000
1508862060,149.422000,149.453000,149.421000,149.453000
1508862120,149.453000,149.458000,149.436000,149.443000
1508862180,149.445000,149.457000,149.429000,149.435000
1508862240,149.436000,149.457000,149.435000,149.448000
1508862300,149.450000,149.465000,149.438000,149.447000
1508862360,149.444000,149.452000,149.444000,149.452000
1508862420,149.455000,149.462000,149.455000,149.462000
1508862480,149.462000,149.472000,149.462000,149.466000
1508862540,149.466000,149.495000,149.465000,149.494000
1508862600,149.493000,149.531000,149.493000,149.526000
1508862660,149.525000,149.545000,149.509000,149.538000
1508862720,149.540000,149.545000,149.531000,149.531000
1508862780,149.532000,149.538000,149.525000,149.528000
1508862840,149.526000,149.531000,149.518000,149.521000
1508862900,149.523000,149.534000,149.521000,149.534000
1508862960,149.536000,149.555000,149.513000,149.513000
1508863020,149.514000,149.532000,149.514000,149.532000
1508863080,149.535000,149.536000,149.532000,149.532000
1508863140,149.534000,149.539000,149.534000,149.535000
1508863200,149.532000,149.559000,149.527000,149.552000
1508863260,149.550000,149.550000,149.544000,149.546000
1508863320,149.545000,149.545000,149.535000,149.538000
1508863380,149.541000,149.543000,149.541000,149.541000
1508863440,149.541000,149.560000,149.541000,149.553000
1508863500,149.553000,149.579000,149.550000,149.571000
1508863560,149.571000,149.573000,149.545000,149.548000
1508863620,149.550000,149.574000,149.550000,149.573000
1508863680,149.571000,149.571000,149.565000,149.570000
1508863740,149.570000,149.574000,149.561000,149.561000
1508863800,149.561000,149.572000,149.559000,149.559000
1508863860,149.561000,149.584000,149.556000,149.584000
1508863920,149.581000,149.583000,149.565000,149.565000
1508863980,149.563000,149.600000,149.563000,149.582000
1508864040,149.580000,149.582000,149.565000,149.572000
1508864100,149.570000,149.605000,149.570000,149.595000
1508864160,149.595000,149.604000,149.574000,149.604000
1508864220,149.604000,149.604000,149.550000,149.558000
1508864280,149.558000,149.592000,149.541000,149.542000
1508864340,149.546000,149.557000,149.536000,149.536000
1508864400,149.536000,149.538000,149.493000,149.506000
1508864460,149.507000,149.507000,149.483000,149.500000
1508864520,149.500000,149.502000,149.489000,149.491000
1508864580,149.489000,149.500000,149.478000,149.497000
1508864640,149.498000,149.524000,149.498000,149.507000
1508864700,149.507000,149.512000,149.499000,149.500000
1508864760,149.502000,149.515000,149.486000,149.486000
1508864820,149.489000,149.510000,149.489000,149.509000
1508864880,149.506000,149.515000,149.503000,149.503000
1508864940,149.503000,149.503000,149.470000,149.478000
1508865000,149.476000,149.503000,149.476000,149.492000
1508865060,149.491000,149.496000,149.481000,149.496000
1508865120,149.494000,149.494000,149.475000,149.488000
1508865180,149.486000,149.486000,149.448000,149.478000
1508865240,149.478000,149.508000,149.474000,149.506000
1508865300,149.506000,149.521000,149.506000,149.511000
1508865360,149.511000,149.511000,149.506000,149.506000
1508865420,149.509000,149.511000,149.506000,149.506000
1508865480,149.510000,149.529000,149.510000,149.529000
1508865540,149.532000,149.532000,149.513000,149.516000
1508865600,149.516000,149.516000,149.492000,149.499000
1508865660,149.497000,149.499000,149.487000,149.498000
1508865720,149.501000,149.517000,149.494000,149.515000
1508865780,149.515000,149.522000,149.484000,149.516000
1508865840,149.516000,149.516000,149.478000,149.482000
1508865900,149.484000,149.495000,149.480000,149.487000
1508865960,149.495000,149.530000,149.495000,149.530000
1508866020,149.530000,149.536000,149.516000,149.530000
1508866080,149.533000,149.535000,149.510000,149.511000
1508866140,149.514000,149.519000,149.498000,149.498000
1508866200,149.496000,149.496000,149.480000,149.482000
1508866260,149.485000,149.512000,149.484000,149.499000
1508866320,149.496000,149.496000,149.470000,149.480000
1508866380,149.480000,149.496000,149.480000,149.493000
1508866440,149.492000,149.493000,149.480000,149.481000
1508866500,149.482000,149.499000,149.482000,149.494000
1508866560,149.491000,149.491000,149.466000,149.470000
1508866620,149.470000,149.502000,149.470000,149.485000
1508866680,149.484000,149.485000,149.469000,149.483000
1508866740,149.483000,149.501000,149.463000,149.491000
1508866800,149.482000,149.527000,149.482000,149.526000
1508866860,149.522000,149.536000,149.510000,149.524000
1508866920,149.526000,149.575000,149.516000,149.558000
1508866980,149.560000,149.578000,149.554000,149.575000
1508867040,149.575000,149.594000,149.575000,149.584000
1508867100,149.585000,149.588000,149.539000,149.545000
1508867160,149.545000,149.553000,149.531000,149.531000
1508867220,149.531000,149.538000,149.523000,149.525000
1508867280,149.529000,149.544000,149.529000,149.537000
1508867340,149.535000,149.554000,149.525000,149.550000
1508867400,149.550000,149.553000,149.531000,149.533000
1508867460,149.531000,149.531000,149.507000,149.509000
1508867520,149.510000,149.515000,149.487000,149.496000
1508867580,149.496000,149.524000,149.493000,149.524000
1508867640,149.524000,149.524000,149.495000,149.495000
1508867700,149.496000,149.508000,149.461000,149.496000
1508867760,149.496000,149.496000,149.466000,149.469000
1508867820,149.469000,149.470000,149.447000,149.463000
1508867880,149.461000,149.461000,149.443000,149.450000
1508867940,149.451000,149.455000,149.449000,149.451000
1508868000,149.453000,149.460000,149.437000,149.437000
1508868060,149.437000,149.441000,149.427000,149.436000
1508868120,149.437000,149.490000,149.436000,149.482000
1508868180,149.483000,149.483000,149.474000,149.476000
1508868240,149.476000,149.476000,149.460000,149.466000
1508868300,149.466000,149.469000,149.440000,149.442000
1508868360,149.441000,149.448000,149.440000,149.445000
1508868420,149.447000,149.447000,149.438000,149.438000
1508868480,149.437000,149.439000,149.427000,149.438000
1508868540,149.436000,149.443000,149.436000,149.436000
1508868600,149.437000,149.439000,149.427000,149.432000
1508868660,149.433000,149.436000,149.427000,149.427000
1508868720,149.425000,149.433000,149.424000,149.430000
1508868780,149.428000,149.429000,149.419000,149.422000
1508868840,149.422000,149.426000,149.416000,149.416000
1508868900,149.416000,149.416000,149.395000,149.402000
1508868960,149.402000,149.409000,149.389000,149.389000
1508869020,149.389000,149.393000,149.389000,149.393000
1508869080,149.393000,149.395000,149.389000,149.391000
1508869140,149.396000,149.400000,149.382000,149.390000
1508869200,149.390000,149.404000,149.390000,149.402000
1508869260,149.402000,149.406000,149.391000,149.401000
1508869320,149.401000,149.409000,149.401000,149.405000
1508869380,149.408000,149.408000,149.386000,149.393000
1508869440,149.393000,149.393000,149.359000,149.359000
1508869500,149.359000,149.359000,149.337000,149.344000
1508869560,149.345000,149.366000,149.335000,149.366000
1508869620,149.366000,149.366000,149.350000,149.356000
1508869680,149.360000,149.365000,149.354000,149.355000
1508869740,149.355000,149.358000,149.354000,149.355000
1508869800,149.358000,149.358000,149.319000,149.329000
1508869860,149.326000,149.346000,149.325000,149.346000
1508869920,149.348000,149.359000,149.346000,149.348000
1508869980,149.350000,149.364000,149.350000,149.356000
1508870040,149.352000,149.360000,149.327000,149.335000
1508870100,149.334000,149.367000,149.334000,149.365000
1508870160,149.361000,149.373000,149.347000,149.365000
1508870220,149.363000,149.373000,149.354000,149.356000
1508870280,149.359000,149.398000,149.359000,149.391000
1508870340,149.389000,149.396000,149.373000,149.382000
1508870400,149.382000,149.384000,149.375000,149.384000
1508870460,149.384000,149.386000,149.377000,149.377000
1508870520,149.379000,149.396000,149.354000,149.359000
1508870580,149.362000,149.375000,149.361000,149.365000
1508870640,149.365000,149.374000,149.358000,149.367000
1508870700,149.369000,149.371000,149.295000,149.296000
1508870760,149.298000,149.330000,149.298000,149.302000
1508870820,149.300000,149.313000,149.276000,149.286000
1508870880,149.288000,149.288000,149.174000,149.258000
1508870940,149.255000,149.295000,149.238000,149.295000
1508871000,149.296000,149.309000,149.280000,149.309000
1508871060,149.308000,149.320000,149.292000,149.296000
1508871120,149.293000,149.299000,149.270000,149.270000
1508871180,149.267000,149.267000,149.224000,149.242000
1508871240,149.242000,149.243000,149.221000,149.232000
1508871300,149.229000,149.230000,149.195000,149.196000
1508871360,149.196000,149.222000,149.169000,149.222000
1508871420,149.222000,149.222000,149.164000,149.187000
1508871480,149.184000,149.189000,149.148000,149.154000
1508871540,149.153000,149.184000,149.130000,149.171000
1508871600,149.171000,149.189000,149.150000,149.189000
1508871660,149.189000,149.228000,149.172000,149.223000
1508871720,149.220000,149.235000,149.173000,149.201000
1508871780,149.202000,149.220000,149.200000,149.214000
1508871840,149.216000,149.262000,149.208000,149.260000
1508871900,149.259000,149.433000,149.250000,149.415000
1508871960,149.409000,149.413000,149.271000,149.286000
1508872020,149.281000,149.305000,149.258000,149.303000
1508872080,149.301000,149.310000,149.276000,149.292000
1508872140,149.297000,149.304000,149.239000,149.272000
1508872200,149.274000,149.294000,149.260000,149.292000
1508872260,149.294000,149.303000,149.278000,149.303000
1508872320,149.301000,149.301000,149.238000,149.281000
1508872380,149.278000,149.304000,149.259000,149.279000
1508872440,149.275000,149.293000,149.254000,149.254000
1508872500,149.257000,149.277000,149.237000,149.274000
1508872560,149.277000,149.308000,149.269000,149.296000
1508872620,149.298000,149.325000,149.298000,149.314000
1508872680,149.312000,149.327000,149.300000,149.322000
1508872740,149.324000,149.351000,149.312000,149.323000
1508872800,149.324000,149.338000,149.307000,149.307000
1508872860,149.305000,149.335000,149.305000,149.320000
1508872920,149.322000,149.405000,149.322000,149.402000
1508872980,149.403000,149.415000,149.376000,149.402000
1508873040,149.400000,149.416000,149.390000,149.405000
1508873100,149.402000,149.406000,149.380000,149.387000
1508873160,149.386000,149.386000,149.360000,149.363000
1508873220,149.364000,149.383000,149.356000,149.372000
1508873280,149.371000,149.376000,149.351000,149.353000
1508873340,149.353000,149.385000,149.350000,149.379000
1508873400,149.379000,149.392000,149.364000,149.372000
1508873460,149.372000,149.378000,149.351000,149.357000
1508873520,149.357000,149.357000,149.337000,149.347000
1508873580,149.350000,149.367000,149.347000,149.355000
1508873640,149.357000,149.388000,149.347000,149.369000
1508873700,149.370000,149.400000,149.368000,149.397000
1508873760,149.395000,149.419000,149.390000,149.411000
1508873820,149.412000,149.419000,149.390000,149.403000
1508873880,149.405000,149.420000,149.403000,149.412000
1508873940,149.408000,149.423000,149.401000,149.413000
1508874000,149.412000,149.434000,149.410000,149.418000
1508874060,149.418000,149.419000,149.394000,149.394000
1508874120,149.391000,149.400000,149.368000,149.371000
1508874180,149.370000,149.384000,149.358000,149.376000
1508874240,149.375000,149.383000,149.364000,149.377000
1508874300,149.374000,149.408000,149.366000,149.399000
1508874360,149.397000,149.403000,149.342000,149.399000
1508874420,149.400000,149.424000,149.398000,149.408000
1508874480,149.409000,149.433000,149.409000,149.424000
1508874540,149.428000,149.437000,149.424000,149.431000
1508874600,149.429000,149.445000,149.417000,149.422000
1508874660,149.418000,149.446000,149.418000,149.433000
1508874720,149.434000,149.440000,149.416000,149.436000
1508874780,149.434000,149.450000,149.426000,149.445000
1508874840,149.445000,149.463000,149.432000,149.435000
1508874900,149.437000,149.448000,149.422000,149.446000
1508874960,149.447000,149.465000,149.428000,149.432000
1508875020,149.435000,149.448000,149.430000,149.438000
1508875080,149.441000,149.456000,149.434000,149.441000
1508875140,149.440000,149.461000,149.433000,149.434000
1508875200,149.435000,149.442000,149.415000,149.441000
1508875260,149.438000,149.466000,149.437000,149.452000
1508875320,149.456000,149.500000,149.454000,149.493000
1508875380,149.492000,149.516000,149.488000,149.493000
1508875440,149.495000,149.495000,149.480000,149.480000
1508875500,149.478000,149.482000,149.474000,149.480000
1508875560,149.480000,149.490000,149.471000,149.481000
1508875620,149.484000,149.491000,149.478000,149.491000
1508875680,149.492000,149.497000,149.483000,149.483000
1508875740,149.483000,149.483000,149.467000,149.468000
1508875800,149.468000,149.514000,149.468000,149.510000
1508875860,149.512000,149.528000,149.512000,149.528000
1508875920,149.528000,149.563000,149.528000,149.554000
1508875980,149.554000,149.567000,149.546000,149.561000
1508876040,149.564000,149.564000,149.554000,149.558000
1508876100,149.558000,149.563000,149.545000,149.560000
1508876160,149.561000,149.570000,149.554000,149.554000
1508876220,149.557000,149.559000,149.547000,149.558000
1508876280,149.558000,149.566000,149.529000,149.548000
1508876340,149.549000,149.556000,149.545000,149.550000
1508876400,149.552000,149.559000,149.548000,149.558000
1508876460,149.558000,149.561000,149.553000,149.557000
1508876520,149.557000,149.569000,149.557000,149.569000
1508876580,149.567000,149.567000,149.566000,149.566000
1508876640,149.564000,149.569000,149.562000,149.564000
1508876700,149.563000,149.571000,149.562000,149.568000
1508876760,149.566000,149.604000,149.566000,149.601000
1508876820,149.600000,149.601000,149.599000,149.599000
1508876880,149.599000,149.599000,149.594000,149.595000
1508876940,149.593000,149.595000,149.585000,149.585000
1508877000,149.582000,149.582000,149.565000,149.578000
1508877060,149.576000,149.583000,149.565000,149.568000
1508877120,149.573000,149.578000,149.572000,149.574000
1508877180,149.574000,149.584000,149.570000,149.584000
1508877240,149.581000,149.590000,149.576000,149.581000
1508877300,149.583000,149.583000,149.580000,149.580000
1508877360,149.582000,149.598000,149.582000,149.593000
1508877420,149.591000,149.599000,149.585000,149.593000
1508877480,149.596000,149.600000,149.588000,149.590000
1508877540,149.586000,149.598000,149.585000,149.598000
1508877600,149.594000,149.600000,149.587000,149.587000
1508877660,149.585000,149.602000,149.585000,149.602000
1508877720,149.600000,149.606000,149.583000,149.583000
1508877780,149.586000,149.596000,149.583000,149.592000
1508877840,149.595000,149.603000,149.587000,149.603000
1508877900,149.599000,149.605000,149.584000,149.587000
1508877960,149.589000,149.594000,149.578000,149.582000
1508878020,149.576000,149.601000,149.574000,149.590000
1508878080,149.592000,149.598000,149.583000,149.587000
1508878140,149.585000,149.597000,149.584000,149.595000
1508878200,149.593000,149.603000,149.577000,149.587000
1508878260,149.585000,149.613000,149.585000,149.599000
1508878320,149.601000,149.601000,149.585000,149.593000
1508878380,149.597000,149.602000,149.590000,149.598000
1508878440,149.595000,149.608000,149.590000,149.606000
1508878500,149.607000,149.609000,149.593000,149.596000
1508878560,149.599000,149.600000,149.587000,149.596000
1508878620,149.594000,149.604000,149.588000,149.604000
1508878680,149.602000,149.602000,149.580000,149.583000
1508878740,149.582000,149.587000,149.512000,149.517000
1508878800,149.515000,149.530000,149.514000,149.514000
1508878860,149.546000,149.575000,149.545000,149.553000
1508878920,149.555000,149.555000,149.541000,149.549000
1508878980,149.550000,149.552000,149.549000,149.552000
1508879040,149.552000,149.553000,149.552000,149.553000
1508879100,149.550000,149.553000,149.549000,149.553000
1508879160,149.556000,149.556000,149.549000,149.551000
1508879220,149.551000,149.553000,149.551000,149.552000
1508879280,149.552000,149.554000,149.552000,149.553000
1508879340,149.553000,149.561000,149.553000,149.557000
1508879400,149.557000,149.562000,149.555000,149.562000
1508879460,149.562000,149.562000,149.553000,149.554000
1508879520,149.554000,149.585000,149.554000,149.585000
1508879580,149.585000,149.585000,149.581000,149.581000
1508879640,149.581000,149.591000,149.579000,149.583000
1508879700,149.579000,149.592000,149.578000,149.584000
1508879760,149.578000,149.590000,149.578000,149.582000
1508879820,149.585000,149.587000,149.582000,149.583000
1508879880,149.583000,149.591000,149.582000,149.582000
1508879940,149.585000,149.586000,149.581000,149.583000
1508880000,149.581000,149.587000,149.581000,149.581000
1508880060,149.581000,149.589000,149.541000,149.541000
1508880120,149.543000,149.559000,149.539000,149.548000
1508880180,149.548000,149.555000,149.548000,149.553000
1508880240,149.553000,149.553000,149.552000,149.552000
1508880300,149.552000,149.580000,149.552000,149.565000
1508880360,149.553000,149.579000,149.550000,149.569000
1508880420,149.567000,149.577000,149.567000,149.568000
1508880480,149.570000,149.590000,149.561000,149.561000
1508880540,149.561000,149.579000,149.561000,149.572000
1508880600,149.572000,149.596000,149.562000,149.563000
1508880660,149.567000,149.585000,149.549000,149.566000
1508880720,149.566000,149.579000,149.540000,149.540000
1508880780,149.543000,149.555000,149.525000,149.546000
1508880840,149.547000,149.592000,149.531000,149.551000
1508880900,149.545000,149.558000,149.526000,149.539000
1508880960,149.548000,149.550000,149.519000,149.539000
1508881020,149.541000,149.553000,149.540000,149.546000
1508881080,149.546000,149.553000,149.540000,149.546000
1508881140,149.548000,149.555000,149.544000,149.547000
1508881200,149.551000,149.551000,149.538000,149.545000
1508881260,149.548000,149.563000,149.545000,149.557000
1508881320,149.559000,149.575000,149.554000,149.554000
1508881380,149.553000,149.566000,149.547000,149.558000
1508881440,149.556000,149.601000,149.556000,149.570000
1508881500,149.570000,149.570000,149.561000,149.570000
1508881560,149.572000,149.583000,149.568000,149.576000
1508881620,149.580000,149.591000,149.572000,149.582000
1508881680,149.581000,149.588000,149.578000,149.585000
1508881740,149.584000,149.598000,149.577000,149.598000
1508881800,149.597000,149.599000,149.581000,149.588000
1508881860,149.586000,149.590000,149.534000,149.575000
1508881920,149.573000,149.577000,149.564000,149.569000
1508881980,149.570000,149.574000,149.544000,149.544000
1508882040,149.545000,149.545000,149.541000,149.541000
1508882100,149.541000,149.541000,149.541000,149.541000
1508882160,149.543000,149.569000,149.542000,149.545000
1508882220,149.547000,149.570000,149.547000,149.565000
1508882280,149.565000,149.565000,149.555000,149.563000
1508882340,149.562000,149.562000,149.553000,149.561000
1508882400,149.562000,149.564000,149.535000,149.555000
1508882460,149.553000,149.565000,149.547000,149.560000
1508882520,149.559000,149.581000,149.558000,149.567000
1508882580,149.566000,149.566000,149.557000,149.559000
1508882640,149.562000,149.581000,149.561000,149.578000
1508882700,149.577000,149.577000,149.566000,149.574000
1508882760,149.574000,149.585000,149.574000,149.582000
1508882820,149.580000,149.580000,149.580000,149.580000
1508882880,149.578000,149.578000,149.576000,149.578000
1508883060,149.580000,149.580000,149.580000,149.580000
1508883240,149.582000,149.606000,149.582000,149.599000
1508883300,149.597000,149.613000,149.597000,149.613000
1508883360,149.613000,149.613000,149.608000,149.608000
1508883420,149.608000,149.609000,149.607000,149.609000
1508883480,149.612000,149.638000,149.612000,149.632000
1508883540,149.634000,149.637000,149.634000,149.637000
1508883600,149.634000,149.634000,149.634000,149.634000
1508883660,149.635000,149.642000,149.635000,149.642000
1508883720,149.639000,149.639000,149.632000,149.638000
1508883780,149.635000,149.635000,149.632000,149.632000
1508883840,149.632000,149.636000,149.620000,149.628000
1508883900,149.622000,149.627000,149.615000,149.615000
1508883960,149.617000,149.628000,149.614000,149.618000
1508884020,149.617000,149.620000,149.612000,149.617000
1508884080,149.618000,149.622000,149.611000,149.617000
1508884140,149.619000,149.623000,149.613000,149.615000
1508884200,149.613000,149.620000,149.603000,149.605000
1508884260,149.607000,149.613000,149.604000,149.613000
1508884320,149.609000,149.622000,149.602000,149.609000
1508884380,149.612000,149.621000,149.602000,149.607000
1508884440,149.605000,149.611000,149.596000,149.603000
1508884500,149.605000,149.605000,149.593000,149.596000
1508884560,149.595000,149.613000,149.593000,149.608000
1508884620,149.606000,149.617000,149.600000,149.607000
1508884680,149.605000,149.626000,149.605000,149.623000
1508884740,149.620000,149.626000,149.617000,149.625000
1508884800,149.622000,149.631000,149.620000,149.628000
1508884860,149.625000,149.636000,149.618000,149.622000
1508884920,149.618000,149.631000,149.614000,149.629000
1508884980,149.626000,149.633000,149.607000,149.607000
1508885040,149.609000,149.626000,149.604000,149.618000
1508885100,149.615000,149.619000,149.615000,149.619000
1508885160,149.617000,149.631000,149.617000,149.631000
1508885220,149.633000,149.633000,149.613000,149.619000
1508885280,149.622000,149.637000,149.622000,149.626000
1508885340,149.624000,149.627000,149.624000,149.625000
1508885400,149.626000,149.639000,149.624000,149.639000
1508885460,149.637000,149.637000,149.637000,149.637000
1508885520,149.640000,149.640000,149.630000,149.630000
1508885580,149.626000,149.637000,149.623000,149.634000
1508885640,149.635000,149.653000,149.635000,149.642000
1508885700,149.640000,149.640000,149.636000,149.638000
1508885760,149.640000,149.640000,149.634000,149.636000
1508885820,149.636000,149.647000,149.636000,149.644000
1508885880,149.641000,149.656000,149.641000,149.652000
1508885940,149.651000,149.657000,149.647000,149.652000
1508886000,149.648000,149.653000,149.631000,149.639000
1508886060,149.636000,149.654000,149.635000,149.638000
1508886120,149.635000,149.638000,149.620000,149.631000
1508886180,149.631000,149.642000,149.629000,149.638000
1508886240,149.638000,149.643000,149.636000,149.643000
1508886300,149.645000,149.645000,149.632000,149.644000
1508886360,149.646000,149.646000,149.627000,149.635000
1508886420,149.632000,149.636000,149.630000,149.636000
1508886480,149.639000,149.639000,149.628000,149.630000
1508886540,149.635000,149.639000,149.626000,149.634000
1508886600,149.632000,149.632000,149.612000,149.612000
1508886660,149.611000,149.616000,149.573000,149.584000
1508886720,149.586000,149.588000,149.570000,149.580000
1508886780,149.582000,149.597000,149.569000,149.572000
1508886840,149.575000,149.591000,149.575000,149.582000
1508886900,149.586000,149.595000,149.584000,149.593000
1508886960,149.590000,149.602000,149.590000,149.599000
1508887020,149.601000,149.607000,149.600000,149.600000
1508887080,149.600000,149.600000,149.597000,149.597000
1508887140,149.599000,149.612000,149.599000,149.612000
1508887200,149.614000,149.614000,149.607000,149.607000
1508887260,149.609000,149.611000,149.609000,149.609000
1508887320,149.610000,149.662000,149.603000,149.632000
1508887380,149.630000,149.634000,149.627000,149.633000
1508887440,149.630000,149.634000,149.625000,149.626000
1508887500,149.623000,149.623000,149.560000,149.579000
1508887560,149.579000,149.579000,149.568000,149.568000
1508887620,149.573000,149.602000,149.573000,149.602000
1508887680,149.601000,149.623000,149.583000,149.619000
1508887740,149.621000,149.630000,149.618000,149.630000
1508887800,149.632000,149.657000,149.632000,149.647000
1508887860,149.648000,149.650000,149.640000,149.641000
1508887920,149.640000,149.644000,149.637000,149.644000
1508887980,149.643000,149.650000,149.639000,149.642000
1508888040,149.641000,149.643000,149.616000,149.616000
1508888100,149.617000,149.617000,149.617000,149.617000
1508888160,149.614000,149.616000,149.614000,149.616000
1508888220,149.617000,149.618000,149.617000,149.617000
1508888280,149.618000,149.655000,149.618000,149.624000
1508888340,149.623000,149.624000,149.605000,149.607000
1508888400,149.614000,149.628000,149.613000,149.613000
1508888460,149.610000,149.611000,149.605000,149.607000
1508888520,149.605000,149.605000,149.604000,149.605000
1508888580,149.607000,149.616000,149.605000,149.609000
1508888640,149.608000,149.627000,149.608000,149.617000
1508888700,149.616000,149.617000,149.597000,149.612000
1508888760,149.611000,149.647000,149.611000,149.641000
1508888820,149.639000,149.647000,149.635000,149.646000
1508888880,149.644000,149.650000,149.634000,149.634000
1508888940,149.636000,149.650000,149.634000,149.643000
1508889000,149.640000,149.640000,149.614000,149.614000
1508889060,149.613000,149.614000,149.605000,149.605000
1508889120,149.607000,149.611000,149.603000,149.608000
1508889180,149.611000,149.616000,149.608000,149.615000
1508889240,149.613000,149.615000,149.594000,149.594000
1508889300,149.598000,149.598000,149.576000,149.576000
1508889360,149.577000,149.591000,149.575000,149.591000
1508889420,149.590000,149.600000,149.569000,149.595000
1508889480,149.594000,149.603000,149.584000,149.596000
1508889540,149.595000,149.605000,149.588000,149.601000
1508889600,149.605000,149.605000,149.557000,149.563000
1508889660,149.564000,149.572000,149.552000,149.563000
1508889720,149.565000,149.571000,149.556000,149.571000
1508889780,149.569000,149.569000,149.535000,149.545000
1508889840,149.543000,149.553000,149.543000,149.552000
1508889900,149.549000,149.550000,149.523000,149.533000
1508889960,149.535000,149.559000,149.521000,149.553000
1508890020,149.555000,149.562000,149.545000,149.549000
1508890080,149.551000,149.556000,149.509000,149.520000
1508890140,149.521000,149.530000,149.510000,149.514000
1508890200,149.515000,149.533000,149.515000,149.530000
1508890260,149.531000,149.546000,149.530000,149.546000
1508890320,149.544000,149.544000,149.524000,149.531000
1508890380,149.530000,149.532000,149.512000,149.525000
1508890440,149.526000,149.548000,149.526000,149.529000
1508890500,149.526000,149.539000,149.512000,149.523000
1508890560,149.522000,149.532000,149.514000,149.521000
1508890620,149.519000,149.538000,149.519000,149.525000
1508890680,149.524000,149.534000,149.513000,149.530000
1508890740,149.532000,149.542000,149.525000,149.536000
1508890800,149.535000,149.539000,149.524000,149.524000
1508890860,149.522000,149.532000,149.512000,149.522000
1508890920,149.520000,149.537000,149.519000,149.529000
1508890980,149.532000,149.546000,149.532000,149.539000
1508891040,149.534000,149.536000,149.528000,149.531000
1508891100,149.533000,149.533000,149.513000,149.523000
1508891160,149.520000,149.542000,149.520000,149.542000
1508891220,149.539000,149.540000,149.507000,149.510000
1508891280,149.509000,149.521000,149.505000,149.520000
1508891340,149.519000,149.525000,149.512000,149.516000
1508891400,149.517000,149.525000,149.488000,149.493000
1508891460,149.494000,149.506000,149.489000,149.501000
1508891520,149.502000,149.511000,149.495000,149.511000
1508891580,149.508000,149.515000,149.491000,149.493000
1508891640,149.491000,149.502000,149.489000,149.493000
1508891700,149.494000,149.496000,149.479000,149.490000
1508891760,149.489000,149.490000,149.445000,149.456000
1508891820,149.455000,149.469000,149.441000,149.441000
1508891880,149.445000,149.448000,149.410000,149.410000
1508891940,149.410000,149.410000,149.363000,149.371000
1508892000,149.373000,149.387000,149.363000,149.380000
1508892060,149.381000,149.397000,149.377000,149.397000
1508892120,149.394000,149.394000,149.384000,149.393000
1508892180,149.395000,149.408000,149.395000,149.408000
1508892240,149.406000,149.412000,149.403000,149.411000
1508892300,149.408000,149.422000,149.406000,149.406000
1508892360,149.411000,149.421000,149.409000,149.412000
1508892420,149.409000,149.456000,149.409000,149.456000
1508892480,149.459000,149.473000,149.458000,149.468000
1508892540,149.466000,149.470000,149.453000,149.466000
1508892600,149.464000,149.491000,149.464000,149.489000
1508892660,149.486000,149.497000,149.475000,149.491000
1508892720,149.488000,149.544000,149.483000,149.544000
1508892780,149.546000,149.546000,149.504000,149.504000
1508892840,149.504000,149.508000,149.458000,149.480000
1508892900,149.485000,149.523000,149.439000,149.442000
1508892960,149.444000,149.455000,149.382000,149.403000
1508893020,149.402000,149.431000,149.366000,149.423000
1508893080,149.427000,149.430000,149.387000,149.389000
1508893140,149.389000,149.395000,149.336000,149.381000
1508893200,149.385000,149.418000,149.385000,149.406000
1508893260,149.404000,149.418000,149.402000,149.405000
1508893320,149.407000,149.416000,149.394000,149.413000
1508893380,149.411000,149.419000,149.407000,149.411000
1508893440,149.409000,149.435000,149.406000,149.417000
1508893500,149.415000,149.435000,149.415000,149.428000
1508893560,149.425000,149.425000,149.377000,149.382000
1508893620,149.385000,149.406000,149.373000,149.380000
1508893680,149.381000,149.399000,149.369000,149.399000
1508893740,149.402000,149.409000,149.399000,149.408000
1508893800,149.409000,149.433000,149.409000,149.429000
1508893860,149.429000,149.441000,149.417000,149.427000
1508893920,149.427000,149.427000,149.410000,149.418000
1508893980,149.418000,149.431000,149.418000,149.430000
1508894040,149.431000,149.448000,149.425000,149.445000
1508894100,149.448000,149.453000,149.407000,149.409000
1508894160,149.410000,149.433000,149.410000,149.431000
1508894220,149.430000,149.435000,149.416000,149.431000
1508894280,149.431000,149.431000,149.417000,149.417000
1508894340,149.417000,149.425000,149.417000,149.420000
1508894400,149.420000,149.420000,149.377000,149.377000
1508894460,149.377000,149.400000,149.375000,149.398000
1508894520,149.402000,149.412000,149.387000,149.408000
1508894580,149.410000,149.420000,149.409000,149.409000
1508894640,149.406000,149.406000,149.381000,149.384000
1508894700,149.384000,149.398000,149.384000,149.392000
1508894760,149.392000,149.395000,149.347000,149.355000
1508894820,149.356000,149.387000,149.356000,149.387000
1508894880,149.388000,149.422000,149.385000,149.418000
1508894940,149.421000,149.429000,149.409000,149.427000
1508895000,149.430000,149.436000,149.409000,149.425000
1508895060,149.428000,149.433000,149.416000,149.429000
1508895120,149.429000,149.432000,149.422000,149.429000
1508895180,149.426000,149.426000,149.405000,149.405000
1508895240,149.403000,149.421000,149.394000,149.418000
1508895300,149.421000,149.439000,149.421000,149.436000
1508895360,149.436000,149.437000,149.428000,149.433000
1508895420,149.431000,149.449000,149.431000,149.434000
1508895480,149.431000,149.448000,149.425000,149.425000
1508895540,149.428000,149.435000,149.425000,149.435000
1508895600,149.437000,149.439000,149.430000,149.435000
1508895660,149.433000,149.435000,149.398000,149.398000
1508895720,149.396000,149.399000,149.364000,149.390000
1508895780,149.387000,149.389000,149.376000,149.386000
1508895840,149.388000,149.406000,149.372000,149.378000
1508895900,149.378000,149.424000,149.375000,149.422000
1508895960,149.422000,149.435000,149.396000,149.412000
1508896020,149.412000,149.417000,149.395000,149.410000
1508896080,149.412000,149.424000,149.412000,149.420000
1508896140,149.421000,149.430000,149.420000,149.430000
1508896200,149.430000,149.437000,149.425000,149.437000
1508896260,149.442000,149.477000,149.442000,149.456000
1508896320,149.456000,149.469000,149.446000,149.468000
1508896380,149.465000,149.473000,149.456000,149.464000
1508896440,149.467000,149.475000,149.464000,149.465000
1508896500,149.465000,149.474000,149.465000,149.473000
1508896560,149.476000,149.480000,149.451000,149.453000
1508896620,149.450000,149.475000,149.440000,149.475000
1508896680,149.476000,149.482000,149.454000,149.457000
1508896740,149.457000,149.465000,149.453000,149.458000
1508896800,149.455000,149.478000,149.454000,149.477000
1508896860,149.476000,149.476000,149.452000,149.454000
1508896920,149.454000,149.469000,149.454000,149.466000
1508896980,149.466000,149.479000,149.463000,149.471000
1508897040,149.470000,149.481000,149.469000,149.469000
1508897100,149.467000,149.493000,149.461000,149.479000
1508897160,149.480000,149.503000,149.475000,149.498000
1508897220,149.499000,149.501000,149.489000,149.491000
1508897280,149.496000,149.500000,149.483000,149.490000
1508897340,149.488000,149.492000,149.480000,149.480000
1508897400,149.482000,149.504000,149.482000,149.498000
1508897460,149.500000,149.531000,149.500000,149.526000
1508897520,149.523000,149.529000,149.515000,149.518000
1508897580,149.521000,149.535000,149.504000,149.533000
1508897640,149.535000,149.561000,149.535000,149.551000
1508897700,149.551000,149.568000,149.546000,149.554000
1508897760,149.557000,149.560000,149.548000,149.548000
1508897820,149.546000,149.546000,149.534000,149.538000
1508897880,149.538000,149.538000,149.525000,149.530000
1508897940,149.532000,149.545000,149.526000,149.526000
1508898000,149.526000,149.545000,149.526000,149.541000
1508898060,149.541000,149.550000,149.536000,149.547000
1508898120,149.547000,149.563000,149.539000,149.563000
1508898180,149.561000,149.568000,149.561000,149.568000
1508898240,149.568000,149.569000,149.560000,149.562000
1508898300,149.560000,149.560000,149.560000,149.560000
1508898360,149.563000,149.568000,149.563000,149.563000
1508898420,149.561000,149.565000,149.551000,149.551000
1508898480,149.551000,149.566000,149.551000,149.564000
1508898540,149.562000,149.567000,149.560000,149.567000
1508898600,149.567000,149.573000,149.561000,149.571000
1508898660,149.573000,149.576000,149.568000,149.568000
1508898720,149.566000,149.571000,149.564000,149.564000
1508898780,149.565000,149.576000,149.564000,149.575000
1508898840,149.578000,149.578000,149.576000,149.576000
1508898900,149.578000,149.580000,149.556000,149.570000
1508898960,149.571000,149.574000,149.556000,149.574000
1508899020,149.574000,149.574000,149.574000,149.574000
1508899080,149.574000,149.582000,149.574000,149.582000
1508899140,149.580000,149.589000,149.577000,149.586000
1508899200,149.586000,149.586000,149.570000,149.577000
1508899260,149.577000,149.577000,149.562000,149.563000
1508899320,149.561000,149.577000,149.561000,149.562000
1508899380,149.565000,149.574000,149.552000,149.574000
1508899440,149.572000,149.574000,149.564000,149.565000
1508899500,149.563000,149.563000,149.539000,149.545000
1508899560,149.547000,149.550000,149.541000,149.550000
1508899620,149.552000,149.552000,149.544000,149.546000
1508899680,149.543000,149.545000,149.533000,149.543000
1508899740,149.546000,149.546000,149.536000,149.536000
1508899800,149.538000,149.542000,149.537000,149.537000
1508899860,149.545000,149.551000,149.543000,149.548000
1508899980,149.550000,149.550000,149.548000,149.550000
1508900040,149.548000,149.548000,149.535000,149.548000
1508900100,149.551000,149.569000,149.549000,149.569000
1508900160,149.570000,149.580000,149.569000,149.572000
1508900220,149.574000,149.584000,149.544000,149.544000
1508900280,149.544000,149.553000,149.531000,149.543000
1508900340,149.546000,149.551000,149.543000,149.550000
1508900400,149.548000,149.563000,149.539000,149.553000
1508900460,149.550000,149.564000,149.548000,149.564000
1508900520,149.567000,149.573000,149.560000,149.560000
1508900580,149.563000,149.568000,149.556000,149.568000
1508900640,149.569000,149.570000,149.569000,149.570000
1508900700,149.568000,149.568000,149.548000,149.556000
1508900760,149.557000,149.567000,149.547000,149.547000
1508900820,149.545000,149.555000,149.525000,149.544000
1508900880,149.544000,149.544000,149.530000,149.541000
1508900940,149.541000,149.541000,149.531000,149.539000
1508901000,149.542000,149.544000,149.533000,149.535000
1508901060,149.535000,149.538000,149.533000,149.538000
1508901120,149.538000,149.540000,149.534000,149.534000
1508901180,149.534000,149.534000,149.531000,149.533000
1508901240,149.533000,149.533000,149.533000,149.533000
1508901300,149.533000,149.535000,149.531000,149.535000
1508901360,149.538000,149.541000,149.538000,149.541000
1508901420,149.543000,149.546000,149.543000,149.546000
1508901480,149.546000,149.546000,149.546000,149.546000
1508901540,149.546000,149.556000,149.546000,149.554000
1508901600,149.554000,149.554000,149.551000,149.551000
1508901660,149.553000,149.553000,149.553000,149.553000
1508901720,149.551000,149.551000,149.545000,149.548000
1508901780,149.550000,149.556000,149.548000,149.556000
1508901840,149.554000,149.565000,149.549000,149.565000
1508901900,149.563000,149.579000,149.563000,149.573000
1508901960,149.573000,149.578000,149.573000,149.578000
1508902020,149.576000,149.580000,149.576000,149.580000
1508902080,149.576000,149.579000,149.569000,149.575000
1508902140,149.578000,149.591000,149.578000,149.590000
1508902200,149.589000,149.599000,149.568000,149.580000
1508902260,149.581000,149.586000,149.576000,149.583000
1508902320,149.583000,149.600000,149.583000,149.591000
1508902380,149.591000,149.591000,149.581000,149.586000
1508902440,149.586000,149.586000,149.567000,149.579000
1508902500,149.579000,149.581000,149.571000,149.571000
1508902560,149.568000,149.583000,149.562000,149.576000
1508902620,149.579000,149.579000,149.559000,149.573000
1508902680,149.575000,149.586000,149.575000,149.585000
1508902740,149.583000,149.585000,149.577000,149.585000
1508902800,149.585000,149.621000,149.583000,149.621000
1508902860,149.622000,149.622000,149.610000,149.614000
1508902920,149.612000,149.627000,149.612000,149.627000
1508902980,149.624000,149.624000,149.596000,149.609000
1508903040,149.611000,149.631000,149.611000,149.629000
1508903100,149.629000,149.630000,149.608000,149.630000
1508903160,149.625000,149.628000,149.613000,149.628000
1508903220,149.626000,149.632000,149.626000,149.632000
1508903280,149.632000,149.637000,149.629000,149.637000
1508903340,149.640000,149.643000,149.633000,149.635000
1508903400,149.635000,149.647000,149.635000,149.647000
1508903460,149.647000,149.674000,149.641000,149.665000
1508903520,149.665000,149.680000,149.665000,149.673000
1508903580,149.673000,149.674000,149.671000,149.674000
1508903640,149.674000,149.678000,149.673000,149.678000
1508903700,149.676000,149.683000,149.664000,149.667000
1508903760,149.666000,149.667000,149.645000,149.653000
1508903820,149.649000,149.649000,149.640000,149.643000
1508903880,149.646000,149.666000,149.646000,149.658000
1508903940,149.655000,149.662000,149.642000,149.658000
