time,open,high,low,close
1350532800,0.978060,0.978070,0.978040,0.978050
1350532860,0.978060,0.978100,0.978010,0.978100
1350532920,0.978080,0.978180,0.977980,0.978160
1350532980,0.978180,0.978200,0.978080,0.978200
1350533040,0.978180,0.978190,0.978180,0.978190
1350533100,0.978280,0.978280,0.978220,0.978250
1350533160,0.978260,0.978300,0.978200,0.978240
1350533220,0.978230,0.978300,0.978200,0.978200
1350533280,0.978230,0.978280,0.978200,0.978260
1350533340,0.978270,0.978270,0.978240,0.978250
1350533400,0.978240,0.978250,0.978100,0.978160
1350533460,0.978140,0.978150,0.978040,0.978070
1350533520,0.978060,0.978070,0.978040,0.978060
1350533580,0.978080,0.978150,0.978080,0.978150
1350533640,0.978140,0.978240,0.978140,0.978240
1350533700,0.978250,0.978250,0.978240,0.978240
1350533760,0.978250,0.978270,0.978240,0.978250
1350533820,0.978240,0.978370,0.978240,0.978340
1350533880,0.978350,0.978390,0.978250,0.978270
1350533940,0.978280,0.978310,0.978270,0.978270
1350534000,0.978260,0.978260,0.978240,0.978250
1350534060,0.978240,0.978240,0.978240,0.978240
1350534120,0.978250,0.978270,0.978240,0.978270
1350534180,0.978260,0.978270,0.978250,0.978260
1350534240,0.978250,0.978270,0.978250,0.978250
1350534300,0.978270,0.978270,0.978250,0.978250
1350534420,0.978240,0.978260,0.978240,0.978260
1350534480,0.978250,0.978260,0.978250,0.978250
1350534600,0.978240,0.978270,0.978230,0.978230
1350534660,0.978240,0.978250,0.978150,0.978240
1350534720,0.978250,0.978250,0.978230,0.978240
1350534780,0.978250,0.978270,0.978240,0.978250
1350534840,0.978260,0.978270,0.978240,0.978240
1350534900,0.978250,0.978260,0.978250,0.978250
1350534960,0.978260,0.978260,0.978160,0.978160
1350535020,0.978170,0.978170,0.978110,0.978110
1350535080,0.978120,0.978160,0.978110,0.978110
1350535140,0.978140,0.978140,0.978120,0.978130
1350535200,0.978140,0.978140,0.978120,0.978140
1350535260,0.978130,0.978190,0.978130,0.978160
1350535320,0.978140,0.978190,0.978130,0.978160
1350535380,0.978150,0.978160,0.978150,0.978150
1350535440,0.978160,0.978180,0.978140,0.978140
1350535500,0.978150,0.978150,0.978050,0.978060
1350535560,0.978080,0.978080,0.978050,0.978060
1350535620,0.978070,0.978070,0.978050,0.978050
1350535680,0.978080,0.978080,0.978050,0.978070
1350535740,0.978060,0.978060,0.977950,0.977960
1350535800,0.977940,0.977970,0.977840,0.977840
1350535860,0.977870,0.977870,0.977800,0.977800
1350535920,0.977790,0.977790,0.977790,0.977790
1350535980,0.977800,0.977800,0.977800,0.977800
1350536040,0.977790,0.977790,0.977780,0.977780
1350536100,0.977770,0.977770,0.977750,0.977750
1350536160,0.977700,0.977710,0.977700,0.977710
1350536220,0.977750,0.977770,0.977750,0.977750
1350536280,0.977740,0.977750,0.977650,0.977650
1350536340,0.977640,0.977650,0.977560,0.977560
1350536400,0.977580,0.977580,0.977530,0.977560
1350536460,0.977580,0.977590,0.977550,0.977590
1350536520,0.977550,0.977590,0.977550,0.977590
1350536580,0.977600,0.977600,0.977550,0.977590
1350536640,0.977650,0.977670,0.977600,0.977660
1350536700,0.977670,0.977670,0.977640,0.977660
1350536760,0.977640,0.977700,0.977640,0.977700
1350536820,0.977720,0.977790,0.977720,0.977780
1350536880,0.977790,0.977790,0.977670,0.977670
1350536940,0.977650,0.977720,0.977640,0.977720
1350537000,0.977760,0.977840,0.977750,0.977780
1350537060,0.977770,0.977780,0.977630,0.977650
1350537120,0.977660,0.977720,0.977630,0.977680
1350537180,0.977690,0.977770,0.977680,0.977770
1350537240,0.977760,0.977770,0.977750,0.977760
1350537300,0.977750,0.977900,0.977750,0.977880
1350537360,0.977840,0.978010,0.977840,0.978010
1350537420,0.978020,0.978020,0.977950,0.977970
1350537480,0.977980,0.977980,0.977900,0.977910
1350537540,0.977920,0.977920,0.977900,0.977910
1350537600,0.977900,0.977900,0.977850,0.977870
1350537660,0.977850,0.977910,0.977850,0.977910
1350537720,0.977960,0.978070,0.977960,0.978070
1350537780,0.978050,0.978070,0.978050,0.978070
1350537840,0.978080,0.978080,0.978050,0.978070
1350537900,0.978080,0.978200,0.978080,0.978200
1350538020,0.978190,0.978200,0.978190,0.978200
1350538080,0.978190,0.978200,0.978150,0.978200
1350538140,0.978190,0.978200,0.978120,0.978150
1350538200,0.978140,0.978140,0.978000,0.978010
1350538260,0.978000,0.978010,0.978000,0.978010
1350538320,0.978000,0.978170,0.978000,0.978110
1350538380,0.978100,0.978150,0.978080,0.978100
1350538440,0.978110,0.978130,0.978090,0.978100
1350538500,0.978130,0.978130,0.978090,0.978110
1350538560,0.978100,0.978120,0.978070,0.978080
1350538620,0.978090,0.978090,0.977740,0.977740
1350538680,0.977750,0.977770,0.977700,0.977700
1350538740,0.977670,0.977670,0.977460,0.977480
1350538800,0.977470,0.977760,0.977450,0.977750
1350538860,0.977760,0.977760,0.977720,0.977740
1350538920,0.977730,0.977790,0.977640,0.977660
1350538980,0.977650,0.977670,0.977650,0.977650
1350539040,0.977660,0.977670,0.977650,0.977670
1350539100,0.977660,0.977680,0.977640,0.977650
1350539160,0.977670,0.977680,0.977650,0.977660
1350539220,0.977670,0.977670,0.977650,0.977650
1350539280,0.977640,0.977640,0.977470,0.977480
1350539340,0.977490,0.977490,0.977450,0.977460
1350539400,0.977440,0.977470,0.977440,0.977460
1350539460,0.977480,0.977670,0.977470,0.977580
1350539520,0.977600,0.977610,0.977480,0.977530
1350539580,0.977540,0.977550,0.977520,0.977550
1350539640,0.977540,0.977550,0.977540,0.977550
1350539700,0.977570,0.977800,0.977550,0.977770
1350539760,0.977760,0.977770,0.977660,0.977670
1350539820,0.977660,0.977670,0.977640,0.977660
1350539880,0.977670,0.977670,0.977620,0.977620
1350539940,0.977610,0.977620,0.977610,0.977610
1350540000,0.977620,0.977620,0.977490,0.977510
1350540060,0.977500,0.977610,0.977480,0.977600
1350540120,0.977590,0.977600,0.977550,0.977570
1350540180,0.977580,0.977680,0.977530,0.977660
1350540240,0.977670,0.977670,0.977630,0.977660
1350540300,0.977670,0.977670,0.977570,0.977570
1350540360,0.977550,0.977570,0.977450,0.977510
1350540420,0.977500,0.977510,0.977390,0.977390
1350540480,0.977410,0.977510,0.977410,0.977480
1350540540,0.977470,0.977480,0.977450,0.977480
1350540600,0.977470,0.977470,0.977330,0.977360
1350540660,0.977350,0.977360,0.977340,0.977360
1350540720,0.977350,0.977360,0.977310,0.977310
1350540780,0.977320,0.977360,0.977310,0.977310
1350540840,0.977300,0.977310,0.977300,0.977300
1350540900,0.977340,0.977370,0.977330,0.977330
1350540960,0.977300,0.977330,0.977300,0.977330
1350541020,0.977360,0.977360,0.977150,0.977190
1350541080,0.977200,0.977210,0.977100,0.977210
1350541140,0.977220,0.977280,0.977210,0.977270
1350541200,0.977250,0.977260,0.977230,0.977260
1350541260,0.977270,0.977300,0.977270,0.977280
1350541320,0.977270,0.977270,0.977140,0.977150
1350541380,0.977120,0.977120,0.977030,0.977070
1350541440,0.977090,0.977130,0.977070,0.977070
1350541500,0.977110,0.977110,0.977070,0.977080
1350541560,0.977070,0.977090,0.977070,0.977080
1350541620,0.977070,0.977080,0.977070,0.977080
1350541680,0.977030,0.977110,0.977030,0.977060
1350541740,0.977070,0.977080,0.977010,0.977060
1350541800,0.977070,0.977260,0.977070,0.977250
1350541860,0.977220,0.977220,0.977200,0.977210
1350541920,0.977200,0.977200,0.977150,0.977170
1350541980,0.977180,0.977180,0.977150,0.977170
1350542040,0.977150,0.977290,0.977130,0.977270
1350542100,0.977290,0.977490,0.977250,0.977370
1350542160,0.977380,0.977380,0.977340,0.977350
1350542220,0.977370,0.977440,0.977330,0.977370
1350542280,0.977450,0.977450,0.977350,0.977380
1350542340,0.977370,0.977380,0.977210,0.977300
1350542400,0.977310,0.977310,0.977130,0.977160
1350542460,0.977170,0.977210,0.977040,0.977050
1350542520,0.977060,0.977100,0.977050,0.977100
1350542580,0.977110,0.977210,0.977100,0.977200
1350542640,0.977210,0.977310,0.977210,0.977270
1350542700,0.977250,0.977380,0.977250,0.977370
1350542760,0.977350,0.977380,0.977240,0.977260
1350542820,0.977270,0.977300,0.977250,0.977290
1350542880,0.977300,0.977400,0.977300,0.977390
1350542940,0.977380,0.977380,0.977370,0.977380
1350543000,0.977390,0.977500,0.977380,0.977500
1350543060,0.977420,0.977480,0.977420,0.977480
1350543120,0.977470,0.977480,0.977460,0.977480
1350543180,0.977470,0.977550,0.977450,0.977500
1350543240,0.977490,0.977620,0.977490,0.977570
1350543300,0.977580,0.977660,0.977570,0.977660
1350543360,0.977670,0.977670,0.977620,0.977660
1350543420,0.977670,0.977800,0.977650,0.977790
1350543480,0.977800,0.977870,0.977800,0.977830
1350543540,0.977840,0.977840,0.977750,0.977820
1350543600,0.977850,0.977910,0.977740,0.977850
1350543660,0.977840,0.977850,0.977720,0.977770
1350543720,0.977790,0.977800,0.977730,0.977780
1350543780,0.977790,0.977800,0.977770,0.977770
1350543840,0.977800,0.977800,0.977720,0.977760
1350543900,0.977770,0.977800,0.977750,0.977790
1350543960,0.977770,0.977800,0.977770,0.977790
1350544020,0.977780,0.978070,0.977780,0.978050
1350544080,0.978060,0.978180,0.977980,0.978170
1350544140,0.978150,0.978150,0.978040,0.978080
1350544200,0.978090,0.978350,0.978050,0.978170
1350544260,0.978160,0.978400,0.978160,0.978310
1350544320,0.978300,0.978410,0.978250,0.978340
1350544380,0.978350,0.978430,0.978350,0.978430
1350544440,0.978440,0.978470,0.978390,0.978390
1350544500,0.978380,0.978650,0.978330,0.978650
1350544560,0.978640,0.978750,0.978550,0.978740
1350544620,0.978720,0.978840,0.978630,0.978630
1350544680,0.978620,0.978630,0.978540,0.978540
1350544740,0.978550,0.978560,0.978430,0.978450
1350544800,0.978430,0.978690,0.978420,0.978540
1350544860,0.978550,0.978850,0.978550,0.978830
1350544920,0.978850,0.978920,0.978810,0.978810
1350544980,0.978790,0.978800,0.978690,0.978750
1350545040,0.978760,0.978900,0.978730,0.978890
1350545100,0.978870,0.978870,0.978700,0.978740
1350545160,0.978710,0.978820,0.978590,0.978730
1350545220,0.978740,0.978910,0.978740,0.978910
1350545280,0.978890,0.978900,0.978790,0.978810
1350545340,0.978830,0.978830,0.978740,0.978770
1350545400,0.978760,0.978870,0.978680,0.978820
1350545460,0.978810,0.978810,0.978640,0.978660
1350545520,0.978640,0.978720,0.978640,0.978700
1350545580,0.978670,0.978850,0.978640,0.978830
1350545640,0.978840,0.978970,0.978840,0.978900
1350545700,0.978890,0.979030,0.978870,0.978980
1350545760,0.978990,0.978990,0.978850,0.978900
1350545820,0.978890,0.979030,0.978890,0.979030
1350545880,0.979010,0.979060,0.978890,0.978900
1350545940,0.978890,0.978900,0.978750,0.978770
1350546000,0.978780,0.978870,0.978750,0.978780
1350546060,0.978770,0.978780,0.978750,0.978750
1350546120,0.978760,0.978780,0.978710,0.978710
1350546180,0.978700,0.978700,0.978520,0.978550
1350546240,0.978540,0.978550,0.978240,0.978240
1350546300,0.978250,0.978420,0.978220,0.978420
1350546360,0.978410,0.978500,0.978320,0.978360
1350546420,0.978350,0.978350,0.978220,0.978250
1350546480,0.978260,0.978260,0.978220,0.978260
1350546540,0.978250,0.978260,0.978160,0.978160
1350546600,0.978170,0.978170,0.978140,0.978140
1350546660,0.978110,0.978200,0.978110,0.978160
1350546720,0.978150,0.978260,0.978150,0.978250
1350546780,0.978260,0.978360,0.978250,0.978360
1350546840,0.978390,0.978660,0.978350,0.978660
1350546900,0.978650,0.978700,0.978560,0.978610
1350546960,0.978650,0.978660,0.978620,0.978650
1350547020,0.978660,0.978760,0.978610,0.978760
1350547080,0.978730,0.978730,0.978610,0.978610
1350547140,0.978650,0.978760,0.978650,0.978760
1350547200,0.978750,0.978920,0.978740,0.978920
1350547260,0.978880,0.978880,0.978880,0.978880
1350547320,0.978870,0.978880,0.978640,0.978640
1350547380,0.978630,0.978650,0.978440,0.978460
1350547440,0.978470,0.978470,0.978410,0.978440
1350547500,0.978430,0.978450,0.978330,0.978330
1350547560,0.978340,0.978350,0.978280,0.978310
1350547620,0.978330,0.978350,0.978250,0.978330
1350547680,0.978340,0.978360,0.978330,0.978330
1350547740,0.978350,0.978370,0.978240,0.978340
1350547800,0.978380,0.978400,0.978330,0.978330
1350547860,0.978350,0.978370,0.978340,0.978370
1350547920,0.978350,0.978370,0.978230,0.978240
1350547980,0.978230,0.978250,0.978140,0.978150
1350548040,0.978140,0.978260,0.978130,0.978250
1350548100,0.978240,0.978380,0.978230,0.978350
1350548160,0.978340,0.978380,0.978340,0.978350
1350548220,0.978380,0.978380,0.978340,0.978360
1350548280,0.978390,0.978560,0.978390,0.978530
1350548340,0.978520,0.978540,0.978350,0.978400
1350548400,0.978390,0.978450,0.978390,0.978440
1350548460,0.978430,0.978440,0.978240,0.978250
1350548520,0.978240,0.978310,0.978230,0.978240
1350548580,0.978230,0.978260,0.978150,0.978240
1350548640,0.978250,0.978310,0.978230,0.978250
1350548700,0.978240,0.978240,0.978130,0.978130
1350548760,0.978110,0.978120,0.978020,0.978040
1350548820,0.978030,0.978080,0.977940,0.978060
1350548880,0.978050,0.978070,0.978020,0.978040
1350548940,0.978030,0.978040,0.977930,0.977970
1350549000,0.977960,0.977960,0.977570,0.977620
1350549060,0.977650,0.977710,0.977530,0.977570
1350549120,0.977550,0.977580,0.977540,0.977560
1350549180,0.977540,0.977610,0.977540,0.977570
1350549240,0.977550,0.977580,0.977550,0.977580
1350549300,0.977550,0.977600,0.977550,0.977570
1350549360,0.977580,0.977580,0.977540,0.977560
1350549420,0.977580,0.977670,0.977430,0.977440
1350549480,0.977450,0.977550,0.977440,0.977480
1350549540,0.977490,0.977510,0.977440,0.977460
1350549600,0.977450,0.977500,0.977450,0.977480
1350549660,0.977490,0.977490,0.977480,0.977480
1350549720,0.977510,0.977560,0.977510,0.977550
1350549780,0.977540,0.977620,0.977540,0.977550
1350549840,0.977540,0.977550,0.977540,0.977550
1350549900,0.977540,0.977750,0.977540,0.977750
1350549960,0.977760,0.978170,0.977740,0.978170
1350550020,0.978240,0.978440,0.978240,0.978440
1350550080,0.978470,0.978480,0.978230,0.978240
1350550140,0.978230,0.978240,0.978130,0.978140
1350550200,0.978130,0.978140,0.977820,0.977850
1350550260,0.977840,0.977850,0.977630,0.977650
1350550320,0.977670,0.977760,0.977420,0.977760
1350550380,0.977740,0.977770,0.977640,0.977640
1350550440,0.977650,0.977670,0.977580,0.977660
1350550500,0.977650,0.977850,0.977650,0.977850
1350550560,0.977840,0.977890,0.977810,0.977890
1350550620,0.977870,0.978010,0.977820,0.977960
1350550680,0.977970,0.978010,0.977940,0.977950
1350550740,0.977940,0.978090,0.977900,0.978090
1350550800,0.978190,0.978280,0.978170,0.978250
1350550860,0.978240,0.978450,0.978240,0.978440
1350550920,0.978430,0.978430,0.978240,0.978250
1350550980,0.978240,0.978280,0.978170,0.978200
1350551040,0.978210,0.978250,0.978210,0.978230
1350551100,0.978250,0.978260,0.978130,0.978260
1350551160,0.978250,0.978310,0.978160,0.978310
1350551220,0.978300,0.978320,0.978250,0.978270
1350551280,0.978260,0.978270,0.978230,0.978260
1350551340,0.978270,0.978290,0.978260,0.978270
1350551400,0.978260,0.978280,0.978090,0.978140
1350551460,0.978130,0.978150,0.978130,0.978140
1350551520,0.978150,0.978150,0.978070,0.978090
1350551580,0.978070,0.978070,0.978030,0.978040
1350551640,0.978030,0.978040,0.978030,0.978040
1350551700,0.978030,0.978050,0.977950,0.977950
1350551760,0.977940,0.977950,0.977840,0.977850
1350551820,0.977880,0.977880,0.977460,0.977460
1350551880,0.977470,0.977590,0.977460,0.977570
1350551940,0.977580,0.977600,0.977510,0.977570
1350552000,0.977580,0.977580,0.977450,0.977460
1350552060,0.977480,0.977600,0.977450,0.977560
1350552120,0.977570,0.977570,0.977440,0.977470
1350552180,0.977450,0.977570,0.977450,0.977550
1350552240,0.977570,0.977570,0.977440,0.977450
1350552300,0.977440,0.977450,0.977350,0.977380
1350552360,0.977390,0.977490,0.977380,0.977380
1350552420,0.977370,0.977450,0.977350,0.977450
1350552480,0.977460,0.977600,0.977450,0.977540
1350552540,0.977550,0.977550,0.977470,0.977540
1350552600,0.977550,0.977680,0.977490,0.977500
1350552660,0.977510,0.977630,0.977450,0.977550
1350552720,0.977580,0.977770,0.977550,0.977770
1350552780,0.977760,0.977930,0.977760,0.977890
1350552840,0.977880,0.977890,0.977840,0.977870
1350552900,0.977890,0.978090,0.977890,0.978050
1350552960,0.978060,0.978240,0.978060,0.978150
1350553020,0.978120,0.978290,0.978120,0.978250
1350553080,0.978200,0.978260,0.978170,0.978250
1350553140,0.978280,0.978330,0.978110,0.978140
1350553200,0.978130,0.978130,0.977750,0.977760
1350553260,0.977750,0.977750,0.977540,0.977550
1350553320,0.977560,0.977710,0.977560,0.977660
1350553380,0.977670,0.977800,0.977650,0.977790
1350553440,0.977780,0.977850,0.977700,0.977740
1350553500,0.977770,0.977800,0.977630,0.977790
1350553560,0.977800,0.977800,0.977650,0.977680
1350553620,0.977670,0.977690,0.977640,0.977640
1350553680,0.977650,0.977660,0.977640,0.977660
1350553740,0.977650,0.977660,0.977540,0.977560
1350553800,0.977550,0.977610,0.977550,0.977610
1350553860,0.977600,0.977610,0.977600,0.977610
1350553920,0.977600,0.977640,0.977570,0.977570
1350553980,0.977560,0.977620,0.977540,0.977610
1350554040,0.977620,0.977680,0.977600,0.977600
1350554100,0.977570,0.977600,0.977540,0.977570
1350554160,0.977560,0.977710,0.977550,0.977660
1350554220,0.977650,0.977870,0.977650,0.977860
1350554280,0.977840,0.977860,0.977650,0.977680
1350554340,0.977690,0.977690,0.977540,0.977540
1350554400,0.977550,0.977550,0.977360,0.977450
1350554460,0.977440,0.977520,0.977440,0.977520
1350554520,0.977510,0.977580,0.977440,0.977500
1350554580,0.977510,0.977690,0.977500,0.977690
1350554640,0.977680,0.977760,0.977650,0.977760
1350554700,0.977750,0.977760,0.977730,0.977750
1350554760,0.977740,0.977750,0.977740,0.977750
1350554820,0.977740,0.977740,0.977640,0.977640
1350554880,0.977650,0.977660,0.977630,0.977650
1350554940,0.977660,0.977660,0.977540,0.977550
1350555000,0.977560,0.977560,0.977510,0.977540
1350555060,0.977550,0.977550,0.977530,0.977540
1350555120,0.977530,0.977540,0.977390,0.977460
1350555180,0.977450,0.977480,0.977440,0.977480
1350555240,0.977450,0.977500,0.977450,0.977490
1350555300,0.977480,0.977480,0.977440,0.977460
1350555360,0.977440,0.977480,0.977440,0.977460
1350555420,0.977440,0.977470,0.977400,0.977400
1350555480,0.977430,0.977450,0.977350,0.977400
1350555540,0.977380,0.977480,0.977350,0.977480
1350555600,0.977450,0.977460,0.977350,0.977370
1350555660,0.977360,0.977370,0.977330,0.977330
1350555720,0.977340,0.977340,0.977330,0.977340
1350555780,0.977330,0.977340,0.977290,0.977310
1350555840,0.977290,0.977300,0.977130,0.977140
1350555900,0.977130,0.977260,0.977130,0.977230
1350555960,0.977240,0.977240,0.977180,0.977200
1350556020,0.977170,0.977300,0.977150,0.977250
1350556080,0.977240,0.977320,0.977210,0.977230
1350556140,0.977300,0.977310,0.977210,0.977280
1350556200,0.977290,0.977390,0.977210,0.977330
1350556260,0.977340,0.977400,0.977250,0.977300
1350556320,0.977350,0.977370,0.977320,0.977360
1350556380,0.977350,0.977570,0.977350,0.977450
1350556440,0.977430,0.977500,0.977420,0.977470
1350556500,0.977460,0.977570,0.977450,0.977500
1350556560,0.977490,0.977490,0.977450,0.977470
1350556620,0.977450,0.977480,0.977450,0.977480
1350556680,0.977470,0.977540,0.977450,0.977500
1350556740,0.977490,0.977500,0.977390,0.977410
1350556800,0.977400,0.977410,0.977390,0.977400
1350556860,0.977410,0.977480,0.977400,0.977470
1350556920,0.977480,0.977570,0.977470,0.977550
1350556980,0.977570,0.977580,0.977540,0.977560
1350557040,0.977570,0.977570,0.977530,0.977550
1350557100,0.977540,0.977540,0.977440,0.977490
1350557160,0.977500,0.977520,0.977460,0.977460
1350557220,0.977450,0.977490,0.977440,0.977480
1350557280,0.977490,0.977500,0.977450,0.977460
1350557340,0.977450,0.977560,0.977440,0.977560
1350557400,0.977550,0.977560,0.977550,0.977560
1350557460,0.977550,0.977600,0.977550,0.977560
1350557520,0.977570,0.977670,0.977550,0.977640
1350557580,0.977620,0.977630,0.977540,0.977580
1350557640,0.977590,0.977640,0.977570,0.977620
1350557700,0.977630,0.977640,0.977620,0.977640
1350557760,0.977650,0.977690,0.977610,0.977640
1350557820,0.977630,0.977720,0.977540,0.977560
1350557880,0.977580,0.977670,0.977580,0.977660
1350557940,0.977710,0.977710,0.977640,0.977660
1350558000,0.977670,0.977800,0.977650,0.977790
1350558060,0.977780,0.977790,0.977740,0.977750
1350558120,0.977760,0.977810,0.977750,0.977810
1350558180,0.977820,0.977970,0.977820,0.977850
1350558240,0.977860,0.977880,0.977780,0.977880
1350558300,0.977910,0.978150,0.977910,0.978140
1350558360,0.978130,0.978150,0.978050,0.978050
1350558420,0.978040,0.978110,0.978030,0.978110
1350558480,0.978130,0.978280,0.978130,0.978250
1350558540,0.978260,0.978360,0.978250,0.978330
1350558600,0.978340,0.978370,0.978280,0.978320
1350558660,0.978300,0.978310,0.978240,0.978260
1350558720,0.978240,0.978300,0.978230,0.978230
1350558780,0.978220,0.978220,0.978220,0.978220
1350558840,0.978210,0.978210,0.978130,0.978140
1350558900,0.978130,0.978210,0.978130,0.978150
1350558960,0.978140,0.978210,0.978130,0.978140
1350559020,0.978130,0.978170,0.978120,0.978140
1350559080,0.978170,0.978170,0.978040,0.978050
1350559140,0.978060,0.978160,0.978060,0.978140
1350559200,0.978150,0.978350,0.978140,0.978350
1350559260,0.978360,0.978450,0.978340,0.978420
1350559320,0.978410,0.978430,0.978310,0.978320
1350559380,0.978310,0.978320,0.978110,0.978120
1350559440,0.978110,0.978130,0.978040,0.978050
1350559500,0.978040,0.978120,0.978030,0.978030
1350559560,0.978020,0.978080,0.978020,0.978080
1350559620,0.978090,0.978090,0.978040,0.978050
1350559680,0.978060,0.978070,0.978040,0.978050
1350559740,0.978060,0.978280,0.978050,0.978280
1350559800,0.978260,0.978260,0.978180,0.978250
1350559860,0.978240,0.978370,0.978200,0.978370
1350559920,0.978380,0.978400,0.978330,0.978370
1350559980,0.978360,0.978460,0.978340,0.978430
1350560040,0.978420,0.978470,0.978370,0.978370
1350560100,0.978360,0.978380,0.978340,0.978340
1350560160,0.978330,0.978350,0.978250,0.978270
1350560220,0.978250,0.978270,0.978240,0.978260
1350560280,0.978270,0.978270,0.978170,0.978180
1350560340,0.978190,0.978250,0.978180,0.978180
1350560400,0.978150,0.978270,0.978150,0.978260
1350560460,0.978250,0.978320,0.978240,0.978260
1350560520,0.978250,0.978270,0.978180,0.978240
1350560580,0.978250,0.978360,0.978240,0.978310
1350560640,0.978280,0.978350,0.978250,0.978350
1350560700,0.978340,0.978450,0.978340,0.978450
1350560760,0.978440,0.978590,0.978440,0.978580
1350560820,0.978590,0.978790,0.978590,0.978710
1350560880,0.978720,0.978720,0.978610,0.978620
1350560940,0.978610,0.978620,0.978410,0.978540
1350561000,0.978580,0.978680,0.978560,0.978560
1350561060,0.978590,0.978710,0.978580,0.978700
1350561120,0.978690,0.978770,0.978690,0.978740
1350561180,0.978750,0.978750,0.978700,0.978710
1350561240,0.978700,0.978790,0.978540,0.978750
1350561300,0.978740,0.978790,0.978720,0.978740
1350561360,0.978750,0.978750,0.978730,0.978730
1350561420,0.978740,0.978740,0.978710,0.978730
1350561480,0.978720,0.978730,0.978630,0.978660
1350561540,0.978640,0.978720,0.978620,0.978720
1350561600,0.978730,0.978800,0.978680,0.978800
1350561660,0.978810,0.978890,0.978780,0.978840
1350561720,0.978850,0.978880,0.978780,0.978780
1350561780,0.978770,0.978950,0.978660,0.978890
1350561840,0.978860,0.978910,0.978820,0.978820
1350561900,0.978850,0.978870,0.978800,0.978820
1350561960,0.978880,0.978890,0.978810,0.978880
1350562020,0.978810,0.978820,0.978710,0.978740
1350562080,0.978760,0.978830,0.978730,0.978730
1350562140,0.978740,0.978910,0.978720,0.978880
1350562200,0.978870,0.978900,0.978830,0.978900
1350562260,0.978890,0.978890,0.978890,0.978890
1350562320,0.978880,0.978880,0.978850,0.978880
1350562380,0.978900,0.978940,0.978840,0.978880
1350562440,0.978910,0.978910,0.978830,0.978860
1350562500,0.978820,0.978820,0.978510,0.978520
1350562560,0.978510,0.978830,0.978510,0.978790
1350562620,0.978780,0.978820,0.978700,0.978700
1350562680,0.978710,0.978800,0.978700,0.978780
1350562740,0.978790,0.978800,0.978770,0.978800
1350562800,0.978790,0.978820,0.978510,0.978780
1350562860,0.978770,0.978770,0.978700,0.978700
1350562920,0.978710,0.978730,0.978700,0.978710
1350562980,0.978700,0.978720,0.978700,0.978720
1350563040,0.978730,0.978810,0.978700,0.978810
1350563100,0.978830,0.978870,0.978790,0.978850
1350563160,0.978860,0.978990,0.978850,0.978930
1350563220,0.978920,0.978940,0.978790,0.978870
1350563280,0.978890,0.978930,0.978800,0.978890
1350563340,0.978880,0.978980,0.978840,0.978920
1350563400,0.978930,0.979650,0.978930,0.979580
1350563460,0.979570,0.979590,0.979490,0.979560
1350563520,0.979570,0.979700,0.979530,0.979670
1350563580,0.979680,0.979740,0.979620,0.979710
1350563640,0.979690,0.979800,0.979600,0.979790
1350563700,0.979750,0.980120,0.979740,0.980120
1350563760,0.980130,0.980220,0.979990,0.979990
1350563820,0.979980,0.979980,0.979620,0.979700
1350563880,0.979680,0.979790,0.979600,0.979680
1350563940,0.979670,0.979800,0.979620,0.979690
1350564000,0.979700,0.979780,0.979650,0.979670
1350564060,0.979660,0.979670,0.979530,0.979600
1350564120,0.979630,0.979690,0.979550,0.979620
1350564180,0.979610,0.979730,0.979610,0.979670
1350564240,0.979680,0.979680,0.979630,0.979670
1350564300,0.979690,0.979720,0.979670,0.979670
1350564360,0.979650,0.979800,0.979650,0.979760
1350564420,0.979770,0.979790,0.979740,0.979770
1350564480,0.979790,0.979950,0.979650,0.979770
1350564540,0.979760,0.979780,0.979650,0.979670
1350564600,0.979680,0.979900,0.979650,0.979870
1350564660,0.979890,0.979960,0.979830,0.979890
1350564720,0.979900,0.979960,0.979900,0.979950
1350564780,0.979940,0.980150,0.979940,0.980120
1350564840,0.980110,0.980110,0.979920,0.979970
1350564900,0.979950,0.980170,0.979950,0.980060
1350564960,0.980050,0.980370,0.980040,0.980250
1350565020,0.980220,0.980250,0.980120,0.980150
1350565080,0.980160,0.980230,0.980120,0.980160
1350565140,0.980180,0.980290,0.980150,0.980230
1350565200,0.980210,0.980340,0.980160,0.980250
1350565260,0.980290,0.980530,0.980290,0.980520
1350565320,0.980540,0.980570,0.980500,0.980570
1350565380,0.980600,0.980600,0.980430,0.980530
1350565440,0.980540,0.980550,0.980430,0.980490
1350565500,0.980530,0.980620,0.980480,0.980590
1350565560,0.980580,0.980630,0.980510,0.980580
1350565620,0.980630,0.980730,0.980530,0.980720
1350565680,0.980730,0.980880,0.980720,0.980830
1350565740,0.980820,0.980870,0.980780,0.980810
1350565800,0.980820,0.981020,0.980800,0.981020
1350565860,0.981010,0.981120,0.980940,0.980940
1350565920,0.980950,0.980970,0.980910,0.980930
1350565980,0.980970,0.981000,0.980910,0.980960
1350566040,0.980940,0.981010,0.980890,0.980900
1350566100,0.980890,0.980900,0.980560,0.980590
1350566160,0.980580,0.980580,0.980330,0.980420
1350566220,0.980410,0.980410,0.980310,0.980340
1350566280,0.980330,0.980350,0.980310,0.980350
1350566340,0.980340,0.980350,0.980230,0.980240
1350566400,0.980230,0.980370,0.980180,0.980270
1350566460,0.980250,0.980360,0.980220,0.980250
1350566520,0.980240,0.980370,0.980240,0.980360
1350566580,0.980350,0.980370,0.980250,0.980260
1350566640,0.980240,0.980360,0.980210,0.980340
1350566700,0.980350,0.980360,0.980220,0.980230
1350566760,0.980250,0.980250,0.980120,0.980170
1350566820,0.980160,0.980200,0.980060,0.980060
1350566880,0.980070,0.980070,0.980020,0.980030
1350566940,0.980060,0.980200,0.980020,0.980160
1350567000,0.980170,0.980740,0.980160,0.980730
1350567060,0.980720,0.980720,0.980550,0.980620
1350567120,0.980600,0.980600,0.980380,0.980520
1350567180,0.980540,0.980620,0.980430,0.980440
1350567240,0.980430,0.980530,0.980400,0.980440
1350567300,0.980420,0.980420,0.980080,0.980150
1350567360,0.980160,0.980160,0.980050,0.980080
1350567420,0.980010,0.980180,0.979970,0.980140
1350567480,0.980150,0.980420,0.980140,0.980350
1350567540,0.980340,0.980460,0.980310,0.980430
1350567600,0.980440,0.980650,0.980440,0.980650
1350567660,0.980640,0.980640,0.980440,0.980520
1350567720,0.980510,0.980880,0.980510,0.980750
1350567780,0.980740,0.980760,0.980630,0.980660
1350567840,0.980670,0.980670,0.980390,0.980450
1350567900,0.980440,0.980510,0.980400,0.980500
1350567960,0.980460,0.980530,0.980410,0.980520
1350568020,0.980530,0.980680,0.980520,0.980620
1350568080,0.980630,0.980700,0.980460,0.980530
1350568140,0.980550,0.980720,0.980520,0.980560
1350568200,0.980570,0.980720,0.980570,0.980650
1350568260,0.980660,0.980790,0.980640,0.980660
1350568320,0.980670,0.980710,0.980610,0.980630
1350568380,0.980620,0.980630,0.980610,0.980610
1350568440,0.980620,0.980700,0.980610,0.980610
1350568500,0.980620,0.980700,0.980600,0.980610
1350568560,0.980600,0.980610,0.980550,0.980590
1350568620,0.980580,0.980590,0.980410,0.980410
1350568680,0.980420,0.980420,0.980400,0.980420
1350568740,0.980410,0.980480,0.980300,0.980420
1350568800,0.980440,0.980440,0.979410,0.979780
1350568860,0.979730,0.980260,0.979520,0.980260
1350568920,0.980250,0.980570,0.980220,0.980250
1350568980,0.980230,0.980320,0.979980,0.979980
1350569040,0.979970,0.980190,0.979940,0.980060
1350569100,0.980070,0.980440,0.980050,0.980250
1350569160,0.980270,0.980410,0.980210,0.980260
1350569220,0.980270,0.980360,0.980130,0.980250
1350569280,0.980240,0.980540,0.980150,0.980540
1350569340,0.980550,0.980560,0.980050,0.980070
1350569400,0.980060,0.980220,0.979970,0.980040
1350569460,0.980030,0.980190,0.979920,0.980180
1350569520,0.980170,0.980360,0.980150,0.980360
1350569580,0.980400,0.980460,0.980320,0.980390
1350569640,0.980370,0.980690,0.980350,0.980620
1350569700,0.980600,0.980970,0.980580,0.980970
1350569760,0.980960,0.981410,0.980960,0.981390
1350569820,0.981450,0.981500,0.981340,0.981470
1350569880,0.981480,0.981510,0.981220,0.981290
1350569940,0.981310,0.981480,0.981300,0.981350
1350570000,0.981330,0.981510,0.981300,0.981310
1350570060,0.981320,0.981320,0.981220,0.981260
1350570120,0.981250,0.981260,0.981020,0.981030
1350570180,0.981040,0.981150,0.981030,0.981130
1350570240,0.981150,0.981310,0.981130,0.981200
1350570300,0.981150,0.981210,0.981020,0.981190
1350570360,0.981200,0.981210,0.981020,0.981030
1350570420,0.981040,0.981150,0.981030,0.981130
1350570480,0.981140,0.981230,0.981120,0.981210
1350570540,0.981200,0.981230,0.981130,0.981150
1350570600,0.981170,0.982040,0.981090,0.981950
1350570660,0.981960,0.982550,0.981950,0.982490
1350570720,0.982520,0.982580,0.982060,0.982060
1350570780,0.982110,0.982260,0.981820,0.981990
1350570840,0.981980,0.982190,0.981970,0.982190
1350570900,0.982180,0.982190,0.981950,0.981970
1350570960,0.981980,0.982310,0.981800,0.981800
1350571020,0.981810,0.982270,0.981810,0.982230
1350571080,0.982210,0.982210,0.982060,0.982110
1350571140,0.982100,0.982110,0.982010,0.982060
1350571200,0.982070,0.982300,0.982010,0.982230
1350571260,0.982280,0.982300,0.982220,0.982250
1350571320,0.982260,0.982400,0.982230,0.982230
1350571380,0.982260,0.982270,0.982140,0.982160
1350571440,0.982170,0.982280,0.982090,0.982200
1350571500,0.982220,0.982290,0.982220,0.982260
1350571560,0.982250,0.982630,0.982240,0.982630
1350571620,0.982640,0.982690,0.982520,0.982520
1350571680,0.982530,0.982540,0.982350,0.982380
1350571740,0.982360,0.982410,0.982210,0.982260
1350571800,0.982250,0.982340,0.982110,0.982170
1350571860,0.982160,0.982210,0.982140,0.982150
1350571920,0.982140,0.982210,0.982120,0.982170
1350571980,0.982160,0.982490,0.982140,0.982490
1350572040,0.982480,0.982490,0.982390,0.982430
1350572100,0.982390,0.982440,0.982220,0.982260
1350572160,0.982240,0.982300,0.982040,0.982060
1350572220,0.982070,0.982260,0.981990,0.982160
1350572280,0.982180,0.982390,0.982180,0.982290
1350572340,0.982280,0.982300,0.981950,0.982110
1350572400,0.982100,0.982210,0.981900,0.981920
1350572460,0.981930,0.982060,0.981820,0.982010
1350572520,0.982000,0.982080,0.981870,0.982080
1350572580,0.982060,0.982090,0.981890,0.981950
1350572640,0.981920,0.981920,0.981550,0.981570
1350572700,0.981580,0.981600,0.981490,0.981600
1350572760,0.981590,0.981700,0.981510,0.981700
1350572820,0.981690,0.981790,0.981690,0.981790
1350572880,0.981800,0.981820,0.981690,0.981730
1350572940,0.981740,0.981760,0.981590,0.981630
1350573000,0.981620,0.981620,0.981440,0.981470
1350573060,0.981440,0.981700,0.981430,0.981640
1350573120,0.981620,0.981680,0.981590,0.981660
1350573180,0.981670,0.981670,0.981460,0.981460
1350573240,0.981430,0.981460,0.981330,0.981330
1350573300,0.981310,0.981370,0.981120,0.981180
1350573360,0.981160,0.981190,0.981020,0.981030
1350573420,0.981040,0.981080,0.980980,0.981020
1350573480,0.981030,0.981080,0.980920,0.981040
1350573540,0.981030,0.981230,0.981000,0.981180
1350573600,0.981110,0.981220,0.981110,0.981200
1350573660,0.981180,0.981330,0.981180,0.981320
1350573720,0.981300,0.981310,0.981270,0.981300
1350573780,0.981310,0.981350,0.981130,0.981240
1350573840,0.981230,0.981500,0.981230,0.981400
1350573900,0.981390,0.981390,0.981250,0.981330
1350573960,0.981290,0.981600,0.981250,0.981550
1350574020,0.981530,0.981590,0.981480,0.981580
1350574080,0.981590,0.981810,0.981590,0.981710
1350574140,0.981700,0.981790,0.981620,0.981760
1350574200,0.981790,0.981800,0.981670,0.981670
1350574260,0.981680,0.981700,0.981670,0.981680
1350574320,0.981670,0.981680,0.981540,0.981550
1350574380,0.981560,0.981620,0.981500,0.981510
1350574440,0.981500,0.981590,0.981420,0.981560
1350574500,0.981540,0.981560,0.981410,0.981440
1350574560,0.981460,0.981460,0.981350,0.981450
1350574620,0.981440,0.981460,0.981350,0.981410
1350574680,0.981420,0.981470,0.981400,0.981400
1350574740,0.981410,0.981410,0.981350,0.981380
1350574800,0.981400,0.981410,0.981350,0.981380
1350574860,0.981390,0.981400,0.981310,0.981360
1350574920,0.981380,0.981410,0.981380,0.981380
1350574980,0.981360,0.981360,0.981230,0.981270
1350575040,0.981280,0.981380,0.981250,0.981380
1350575100,0.981390,0.981400,0.981290,0.981290
1350575160,0.981280,0.981290,0.981190,0.981290
1350575220,0.981280,0.981290,0.981100,0.981150
1350575280,0.981140,0.981170,0.981090,0.981110
1350575340,0.981090,0.981100,0.980930,0.981040
1350575400,0.981030,0.981120,0.980980,0.980990
1350575460,0.981000,0.981060,0.980910,0.981000
1350575520,0.980990,0.981080,0.980960,0.981070
1350575580,0.981050,0.981110,0.981050,0.981100
1350575640,0.981110,0.981190,0.981070,0.981150
1350575700,0.981160,0.981160,0.981040,0.981080
1350575760,0.981090,0.981090,0.980960,0.980980
1350575820,0.980990,0.981000,0.980790,0.980850
1350575880,0.980830,0.980890,0.980730,0.980770
1350575940,0.980740,0.980750,0.980550,0.980590
1350576000,0.980600,0.980690,0.980490,0.980540
1350576060,0.980510,0.980690,0.980510,0.980630
1350576120,0.980600,0.980630,0.980380,0.980390
1350576180,0.980450,0.980650,0.980450,0.980640
1350576240,0.980600,0.980680,0.980590,0.980680
1350576300,0.980670,0.980700,0.980640,0.980700
1350576360,0.980710,0.980770,0.980630,0.980650
1350576420,0.980640,0.980730,0.980600,0.980630
1350576480,0.980620,0.980650,0.980610,0.980620
1350576540,0.980650,0.980650,0.980610,0.980620
1350576600,0.980630,0.980660,0.980580,0.980630
1350576660,0.980650,0.980650,0.980410,0.980450
1350576720,0.980440,0.980500,0.980430,0.980480
1350576780,0.980450,0.980470,0.980260,0.980280
1350576840,0.980290,0.980430,0.980250,0.980390
1350576900,0.980370,0.980410,0.980300,0.980350
1350576960,0.980340,0.980420,0.980300,0.980420
1350577020,0.980430,0.980430,0.980370,0.980410
1350577080,0.980420,0.980520,0.980420,0.980520
1350577140,0.980490,0.980680,0.980470,0.980680
1350577200,0.980690,0.980780,0.980640,0.980760
1350577260,0.980750,0.981060,0.980750,0.981010
1350577320,0.981030,0.981050,0.980950,0.981010
1350577380,0.981030,0.981100,0.980840,0.980890
1350577440,0.980900,0.980930,0.980890,0.980910
1350577500,0.980920,0.981060,0.980920,0.981050
1350577560,0.981040,0.981090,0.980850,0.980870
1350577620,0.980860,0.980910,0.980820,0.980830
1350577680,0.980810,0.980820,0.980700,0.980700
1350577740,0.980690,0.980770,0.980690,0.980730
1350577800,0.980720,0.980730,0.980610,0.980720
1350577860,0.980710,0.981000,0.980710,0.981000
1350577920,0.980990,0.981180,0.980990,0.981150
1350577980,0.981180,0.981500,0.981140,0.981460
1350578040,0.981470,0.981790,0.981290,0.981350
1350578100,0.981340,0.981420,0.981280,0.981400
1350578160,0.981410,0.981460,0.981200,0.981360
1350578220,0.981350,0.981560,0.981350,0.981490
1350578280,0.981500,0.981670,0.981380,0.981380
1350578340,0.981410,0.981570,0.981390,0.981440
1350578400,0.981460,0.981470,0.981300,0.981380
1350578460,0.981370,0.981470,0.981270,0.981290
1350578520,0.981280,0.981360,0.981280,0.981280
1350578580,0.981270,0.981290,0.981210,0.981210
1350578640,0.981180,0.981320,0.981110,0.981210
1350578700,0.981220,0.981380,0.981190,0.981210
1350578760,0.981220,0.981270,0.981170,0.981250
1350578820,0.981230,0.981410,0.981230,0.981320
1350578880,0.981300,0.981360,0.981270,0.981360
1350578940,0.981370,0.981490,0.981350,0.981450
1350579000,0.981470,0.981470,0.981420,0.981460
1350579060,0.981440,0.981460,0.981190,0.981200
1350579120,0.981210,0.981280,0.981150,0.981270
1350579180,0.981250,0.981480,0.981230,0.981380
1350579240,0.981390,0.981450,0.981360,0.981360
1350579300,0.981340,0.981380,0.981280,0.981330
1350579360,0.981340,0.981430,0.981340,0.981430
1350579420,0.981450,0.981600,0.981450,0.981570
1350579480,0.981530,0.981600,0.981470,0.981570
1350579540,0.981600,0.981620,0.981510,0.981510
1350579600,0.981500,0.981500,0.981230,0.981250
1350579660,0.981260,0.981260,0.981190,0.981190
1350579720,0.981210,0.981300,0.981210,0.981240
1350579780,0.981250,0.981260,0.981200,0.981200
1350579840,0.981210,0.981400,0.981200,0.981400
1350579900,0.981390,0.981730,0.981390,0.981670
1350579960,0.981650,0.981890,0.981650,0.981880
1350580020,0.981870,0.981920,0.981750,0.981770
1350580080,0.981760,0.981800,0.981700,0.981700
1350580140,0.981760,0.981780,0.981760,0.981770
1350580200,0.981760,0.982160,0.981760,0.982160
1350580260,0.982150,0.982170,0.981930,0.981960
1350580320,0.981990,0.982100,0.981990,0.982060
1350580380,0.982050,0.982150,0.982040,0.982070
1350580440,0.982060,0.982100,0.982050,0.982090
1350580500,0.982100,0.982250,0.981980,0.982000
1350580560,0.982030,0.982260,0.982030,0.982260
1350580620,0.982300,0.982300,0.982200,0.982210
1350580680,0.982220,0.982220,0.982000,0.982000
1350580740,0.982010,0.982010,0.981830,0.981960
1350580800,0.981970,0.981970,0.981750,0.981880
1350580860,0.981870,0.981890,0.981800,0.981880
1350580920,0.981870,0.981970,0.981870,0.981950
1350580980,0.981960,0.982000,0.981940,0.981970
1350581040,0.981960,0.981980,0.981860,0.981860
1350581100,0.981870,0.981910,0.981820,0.981910
1350581160,0.981950,0.981950,0.981790,0.981800
1350581220,0.981850,0.981900,0.981800,0.981860
1350581280,0.981850,0.981850,0.981740,0.981760
1350581340,0.981770,0.981770,0.981700,0.981760
1350581400,0.981770,0.981960,0.981720,0.981960
1350581460,0.981970,0.982000,0.981880,0.981980
1350581520,0.981990,0.981990,0.981850,0.981920
1350581580,0.981940,0.981990,0.981940,0.981990
1350581640,0.982000,0.982060,0.981990,0.982050
1350581700,0.982020,0.982050,0.981990,0.982000
1350581760,0.982010,0.982010,0.981890,0.981960
1350581820,0.981950,0.981990,0.981920,0.981990
1350581880,0.981980,0.981980,0.981950,0.981950
1350581940,0.981970,0.982260,0.981970,0.982250
1350582000,0.982260,0.982270,0.982210,0.982220
1350582060,0.982240,0.982370,0.982240,0.982360
1350582120,0.982350,0.982450,0.982350,0.982450
1350582180,0.982480,0.982490,0.982360,0.982380
1350582240,0.982400,0.982420,0.982330,0.982350
1350582300,0.982360,0.982380,0.982000,0.982000
1350582360,0.981990,0.982110,0.981940,0.982110
1350582420,0.982070,0.982070,0.981940,0.981960
1350582480,0.981970,0.982070,0.981950,0.982060
1350582540,0.982050,0.982330,0.982050,0.982320
1350582600,0.982300,0.982300,0.982150,0.982250
1350582660,0.982260,0.982360,0.982210,0.982220
1350582720,0.982230,0.982350,0.982160,0.982340
1350582780,0.982350,0.982470,0.982340,0.982450
1350582840,0.982470,0.982570,0.982430,0.982560
1350582900,0.982570,0.982570,0.982400,0.982400
1350582960,0.982410,0.982510,0.982410,0.982460
1350583020,0.982450,0.982560,0.982410,0.982410
1350583080,0.982420,0.982450,0.982300,0.982300
1350583140,0.982340,0.982500,0.982340,0.982440
1350583200,0.982460,0.982500,0.982410,0.982440
1350583260,0.982450,0.982580,0.982390,0.982390
1350583320,0.982400,0.982490,0.982400,0.982400
1350583380,0.982390,0.982600,0.982390,0.982510
1350583440,0.982500,0.982510,0.982390,0.982390
1350583500,0.982380,0.982460,0.982250,0.982460
1350583560,0.982480,0.982570,0.982480,0.982500
1350583620,0.982560,0.982590,0.982490,0.982590
1350583680,0.982580,0.982590,0.982530,0.982570
1350583740,0.982580,0.982590,0.982490,0.982580
1350583800,0.982560,0.982560,0.982480,0.982500
1350583860,0.982510,0.982510,0.982420,0.982490
1350583920,0.982480,0.982640,0.982440,0.982630
1350583980,0.982640,0.982900,0.982610,0.982850
1350584040,0.982840,0.982940,0.982710,0.982880
1350584100,0.982870,0.982910,0.982790,0.982810
1350584160,0.982800,0.982820,0.982790,0.982790
1350584220,0.982800,0.982810,0.982680,0.982690
1350584280,0.982680,0.982690,0.982390,0.982540
1350584340,0.982550,0.982790,0.982540,0.982790
1350584400,0.982780,0.983060,0.982730,0.983010
1350584460,0.982980,0.983050,0.982970,0.983030
1350584520,0.983040,0.983150,0.983010,0.983120
1350584580,0.983170,0.983190,0.983110,0.983110
1350584640,0.983120,0.983140,0.983110,0.983110
1350584700,0.983140,0.983170,0.983110,0.983110
1350584760,0.983160,0.983210,0.983110,0.983210
1350584820,0.983200,0.983700,0.983200,0.983640
1350584880,0.983650,0.983830,0.983600,0.983770
1350584940,0.983800,0.983920,0.983760,0.983880
1350585000,0.983870,0.983910,0.983750,0.983760
1350585060,0.983770,0.983900,0.983700,0.983900
1350585120,0.983890,0.983920,0.983870,0.983910
1350585180,0.983900,0.984460,0.983890,0.984410
1350585240,0.984420,0.984500,0.984330,0.984430
1350585300,0.984440,0.985220,0.984440,0.985170
1350585360,0.985120,0.985260,0.984910,0.985020
1350585420,0.985010,0.985570,0.984970,0.985150
1350585480,0.985130,0.985380,0.984990,0.985090
1350585540,0.985080,0.985080,0.984800,0.984900
1350585600,0.984940,0.985010,0.984900,0.984940
1350585660,0.984950,0.985090,0.984910,0.985010
1350585720,0.985040,0.985290,0.985000,0.985240
1350585780,0.985230,0.985360,0.985200,0.985250
1350585840,0.985240,0.985250,0.985100,0.985160
1350585900,0.985150,0.985210,0.984790,0.984810
1350585960,0.984820,0.985000,0.984700,0.984700
1350586020,0.984710,0.984750,0.984510,0.984690
1350586080,0.984650,0.985180,0.984650,0.985010
1350586140,0.985000,0.985290,0.984950,0.985270
1350586200,0.985250,0.985250,0.984950,0.984980
1350586260,0.984970,0.985130,0.984960,0.985040
1350586320,0.985050,0.985060,0.984600,0.984920
1350586380,0.984940,0.985030,0.984900,0.984900
1350586440,0.984930,0.985010,0.984930,0.985000
1350586500,0.985010,0.985170,0.985000,0.985150
1350586560,0.985160,0.985290,0.985160,0.985240
1350586620,0.985250,0.985310,0.985130,0.985130
1350586680,0.985110,0.985130,0.984800,0.984940
1350586740,0.984910,0.985220,0.984890,0.985140
1350586800,0.985130,0.985190,0.985040,0.985180
1350586860,0.985190,0.985290,0.985090,0.985290
1350586920,0.985280,0.985370,0.985210,0.985290
1350586980,0.985300,0.985480,0.985200,0.985200
1350587040,0.985210,0.985380,0.985100,0.985360
1350587100,0.985350,0.985760,0.985310,0.985550
1350587160,0.985560,0.985610,0.985530,0.985550
1350587220,0.985540,0.985580,0.985490,0.985550
1350587280,0.985510,0.985520,0.985380,0.985440
1350587340,0.985410,0.985440,0.985200,0.985220
1350587400,0.985240,0.985520,0.985240,0.985410
1350587460,0.985400,0.985570,0.985350,0.985560
1350587520,0.985550,0.985570,0.985380,0.985390
1350587580,0.985360,0.985450,0.985320,0.985440
1350587640,0.985410,0.985450,0.985370,0.985450
1350587700,0.985440,0.985510,0.985410,0.985500
1350587760,0.985510,0.985770,0.985510,0.985640
1350587820,0.985630,0.985800,0.985620,0.985730
1350587880,0.985680,0.985740,0.985610,0.985740
1350587940,0.985750,0.985800,0.985710,0.985750
1350588000,0.985760,0.985760,0.985560,0.985650
1350588060,0.985660,0.985750,0.985620,0.985710
1350588120,0.985730,0.985760,0.985650,0.985740
1350588180,0.985750,0.985760,0.985600,0.985600
1350588240,0.985610,0.985650,0.985480,0.985640
1350588300,0.985620,0.985630,0.985450,0.985560
1350588360,0.985570,0.985650,0.985560,0.985640
1350588420,0.985630,0.985660,0.985590,0.985610
1350588480,0.985630,0.985650,0.985540,0.985640
1350588540,0.985650,0.985750,0.985640,0.985740
1350588600,0.985750,0.985760,0.985610,0.985610
1350588660,0.985620,0.985740,0.985620,0.985650
1350588720,0.985640,0.985650,0.985540,0.985630
1350588780,0.985610,0.985610,0.985510,0.985540
1350588840,0.985530,0.985600,0.985530,0.985540
1350588900,0.985530,0.985700,0.985500,0.985650
1350588960,0.985640,0.985660,0.985630,0.985640
1350589020,0.985630,0.985640,0.985340,0.985430
1350589080,0.985450,0.985470,0.985290,0.985330
1350589140,0.985340,0.985350,0.985220,0.985350
1350589200,0.985340,0.985340,0.985240,0.985250
1350589260,0.985280,0.985340,0.985130,0.985130
1350589320,0.985110,0.985130,0.984810,0.984950
1350589380,0.984960,0.984960,0.984750,0.984870
1350589440,0.984890,0.984950,0.984810,0.984860
1350589500,0.984870,0.985050,0.984850,0.984980
1350589560,0.984950,0.984960,0.984870,0.984940
1350589620,0.984920,0.984950,0.984810,0.984880
1350589680,0.984890,0.984960,0.984890,0.984960
1350589740,0.984970,0.984970,0.984910,0.984950
1350589800,0.984960,0.985010,0.984840,0.984960
1350589860,0.984950,0.984970,0.984880,0.984940
1350589920,0.984950,0.984950,0.984840,0.984950
1350589980,0.984940,0.984950,0.984930,0.984950
1350590040,0.984940,0.984970,0.984840,0.984840
1350590100,0.984830,0.984900,0.984810,0.984900
1350590160,0.984890,0.984980,0.984850,0.984960
1350590220,0.984950,0.985110,0.984820,0.984840
1350590280,0.984820,0.984990,0.984820,0.984940
1350590340,0.984970,0.984990,0.984730,0.984760
1350590400,0.984740,0.984940,0.984740,0.984930
1350590460,0.984950,0.985070,0.984920,0.985040
1350590520,0.985030,0.985080,0.984950,0.984950
1350590580,0.984980,0.984980,0.984940,0.984950
1350590640,0.984920,0.985080,0.984920,0.985030
1350590700,0.985040,0.985050,0.985020,0.985040
1350590760,0.985050,0.985050,0.984990,0.985000
1350590820,0.985030,0.985190,0.985020,0.985190
1350590880,0.985180,0.985290,0.985170,0.985210
1350590940,0.985230,0.985380,0.985230,0.985300
1350591000,0.985280,0.985300,0.985280,0.985280
1350591060,0.985290,0.985390,0.985270,0.985290
1350591120,0.985330,0.985380,0.985330,0.985370
1350591180,0.985360,0.985370,0.985290,0.985320
1350591240,0.985330,0.985330,0.985270,0.985290
1350591300,0.985280,0.985300,0.985270,0.985290
1350591360,0.985300,0.985310,0.985290,0.985290
1350591420,0.985330,0.985330,0.985280,0.985290
1350591480,0.985280,0.985340,0.985280,0.985310
1350591540,0.985340,0.985490,0.985340,0.985450
1350591600,0.985460,0.985570,0.985460,0.985470
1350591660,0.985460,0.985480,0.985400,0.985400
1350591720,0.985440,0.985470,0.985360,0.985440
1350591780,0.985450,0.985480,0.985440,0.985440
1350591840,0.985450,0.985460,0.985420,0.985450
1350591900,0.985460,0.985460,0.985420,0.985450
1350591960,0.985460,0.985460,0.985400,0.985400
1350592020,0.985410,0.985410,0.985400,0.985400
1350592080,0.985410,0.985410,0.985400,0.985410
1350592140,0.985400,0.985400,0.985390,0.985390
1350592200,0.985400,0.985460,0.985380,0.985460
1350592260,0.985450,0.985680,0.985430,0.985590
1350592320,0.985600,0.985630,0.985560,0.985600
1350592380,0.985620,0.985650,0.985620,0.985640
1350592440,0.985650,0.985780,0.985630,0.985740
1350592500,0.985700,0.985740,0.985690,0.985740
1350592560,0.985720,0.985740,0.985720,0.985720
1350592620,0.985730,0.985760,0.985710,0.985720
1350592680,0.985740,0.985750,0.985640,0.985660
1350592740,0.985670,0.985670,0.985630,0.985640
1350592800,0.985650,0.985670,0.985640,0.985660
1350592860,0.985670,0.985790,0.985620,0.985620
1350592920,0.985670,0.985770,0.985650,0.985650
1350592980,0.985660,0.985730,0.985660,0.985690
1350593040,0.985680,0.985680,0.985550,0.985590
1350593100,0.985600,0.985600,0.985590,0.985590
1350593160,0.985600,0.985600,0.985530,0.985530
1350593220,0.985520,0.985570,0.985520,0.985570
1350593280,0.985580,0.985580,0.985520,0.985530
1350593340,0.985520,0.985590,0.985520,0.985540
1350593400,0.985520,0.985570,0.985520,0.985530
1350593460,0.985560,0.985570,0.985510,0.985520
1350593520,0.985490,0.985490,0.985490,0.985490
1350593580,0.985510,0.985510,0.985410,0.985410
1350593640,0.985420,0.985440,0.985410,0.985420
1350593700,0.985430,0.985440,0.985270,0.985270
1350593760,0.985220,0.985310,0.985130,0.985140
1350593820,0.985120,0.985200,0.985110,0.985130
1350593880,0.985100,0.985170,0.985090,0.985130
1350593940,0.985110,0.985200,0.985030,0.985150
1350594000,0.985140,0.985210,0.984990,0.985040
1350594060,0.985010,0.985020,0.984940,0.984960
1350594120,0.984930,0.985190,0.984930,0.985040
1350594180,0.985100,0.985160,0.985100,0.985140
1350594300,0.985130,0.985190,0.985110,0.985140
1350594420,0.984910,0.985030,0.984890,0.985030
1350594480,0.985020,0.985020,0.985020,0.985020
1350594540,0.985030,0.985030,0.985000,0.985020
1350594600,0.985180,0.985190,0.985050,0.985140
1350594660,0.985370,0.985370,0.985010,0.985090
1350594720,0.985100,0.985100,0.985090,0.985090
1350594780,0.985130,0.985150,0.985110,0.985110
1350594840,0.985100,0.985110,0.984960,0.984960
1350594900,0.985070,0.985360,0.985070,0.985300
1350594960,0.985340,0.985340,0.985300,0.985300
1350595020,0.985290,0.985300,0.985290,0.985290
1350595080,0.985320,0.985340,0.985290,0.985290
1350595140,0.985300,0.985330,0.985080,0.985270
1350595200,0.985320,0.985320,0.985270,0.985270
1350595260,0.985320,0.985320,0.985270,0.985290
1350595320,0.985280,0.985370,0.985280,0.985340
1350595380,0.985320,0.985530,0.985320,0.985430
1350595440,0.985420,0.985430,0.985110,0.985230
1350595500,0.985220,0.985560,0.985220,0.985380
1350595560,0.985390,0.985390,0.985380,0.985380
1350595620,0.985390,0.985540,0.985380,0.985480
1350595680,0.985430,0.985680,0.985380,0.985480
1350595740,0.985470,0.985470,0.985420,0.985470
1350595800,0.985480,0.985630,0.985470,0.985540
1350595860,0.985550,0.985630,0.985550,0.985620
1350595920,0.985610,0.985630,0.985610,0.985630
1350595980,0.985620,0.985620,0.985610,0.985620
1350596040,0.985510,0.985620,0.985510,0.985620
1350596100,0.985600,0.985600,0.985500,0.985590
1350596160,0.985500,0.985590,0.985410,0.985480
1350596220,0.985470,0.985470,0.985440,0.985440
1350596280,0.985450,0.985570,0.985450,0.985570
1350596340,0.985600,0.985600,0.985470,0.985480
1350596400,0.985470,0.985480,0.985470,0.985480
1350596460,0.985490,0.985500,0.985470,0.985500
1350596520,0.985480,0.985500,0.985400,0.985440
1350596580,0.985430,0.985430,0.985430,0.985430
1350596640,0.985400,0.985510,0.985400,0.985500
1350596700,0.985490,0.985500,0.985480,0.985480
1350596760,0.985500,0.985510,0.985490,0.985500
1350596820,0.985490,0.985660,0.985460,0.985530
1350596880,0.985520,0.985530,0.985480,0.985510
1350596940,0.985500,0.985520,0.985500,0.985510
1350597000,0.985500,0.985520,0.985470,0.985470
1350597060,0.985480,0.985650,0.985470,0.985620
1350597120,0.985610,0.985610,0.985510,0.985580
1350597180,0.985600,0.985600,0.985570,0.985570
1350597240,0.985580,0.985720,0.985580,0.985650
1350597300,0.985630,0.985670,0.985620,0.985620
1350597360,0.985600,0.985630,0.985580,0.985630
1350597420,0.985610,0.985680,0.985610,0.985620
1350597480,0.985640,0.985680,0.985610,0.985620
1350597540,0.985640,0.985680,0.985640,0.985670
1350597600,0.985620,0.985630,0.985340,0.985430
1350597660,0.985420,0.985420,0.985400,0.985410
1350597720,0.985400,0.985410,0.985350,0.985350
1350597780,0.985370,0.985380,0.985340,0.985350
1350597840,0.985300,0.985300,0.985200,0.985230
1350597900,0.985220,0.985260,0.985190,0.985220
1350597960,0.985230,0.985240,0.985210,0.985220
1350598020,0.985230,0.985230,0.985200,0.985220
1350598080,0.985210,0.985220,0.985190,0.985220
1350598140,0.985230,0.985230,0.985060,0.985150
1350598200,0.985170,0.985170,0.985130,0.985140
1350598260,0.985180,0.985180,0.985090,0.985090
1350598320,0.985100,0.985140,0.985060,0.985080
1350598380,0.985070,0.985100,0.985070,0.985090
1350598440,0.985080,0.985190,0.985070,0.985090
1350598500,0.985100,0.985100,0.985060,0.985060
1350598560,0.985050,0.985090,0.985030,0.985040
1350598620,0.985050,0.985080,0.985040,0.985080
1350598680,0.985090,0.985100,0.985050,0.985050
1350598740,0.985040,0.985070,0.985000,0.985000
1350598800,0.985010,0.985050,0.985000,0.985000
1350598860,0.985010,0.985060,0.985010,0.985010
1350598920,0.985000,0.985030,0.985000,0.985030
1350598980,0.985020,0.985040,0.985010,0.985030
1350599040,0.985020,0.985090,0.985010,0.985050
1350599100,0.985040,0.985120,0.985040,0.985100
1350599160,0.985090,0.985090,0.985070,0.985070
1350599220,0.985080,0.985090,0.985070,0.985070
1350599280,0.985080,0.985090,0.985070,0.985070
1350599340,0.985090,0.985120,0.985070,0.985100
1350599400,0.985090,0.985110,0.985090,0.985110
1350599460,0.985100,0.985110,0.985100,0.985100
1350599520,0.985110,0.985110,0.985100,0.985100
1350599580,0.985110,0.985120,0.985110,0.985110
1350599640,0.985120,0.985140,0.985110,0.985110
1350599700,0.985120,0.985130,0.985110,0.985120
1350599760,0.985130,0.985150,0.985120,0.985130
1350599820,0.985140,0.985160,0.985050,0.985060
1350599880,0.985040,0.985080,0.985020,0.985030
1350599940,0.985040,0.985040,0.985020,0.985040
1350600000,0.985030,0.985060,0.985020,0.985040
1350600060,0.985030,0.985040,0.985020,0.985030
1350600120,0.985040,0.985050,0.985020,0.985030
1350600180,0.985040,0.985050,0.985020,0.985030
1350600240,0.985020,0.985030,0.984980,0.984980
1350600300,0.985000,0.985020,0.984880,0.984880
1350600360,0.984890,0.984890,0.984890,0.984890
1350600420,0.984880,0.984880,0.984790,0.984790
1350600480,0.984760,0.984760,0.984720,0.984720
1350600540,0.984700,0.984710,0.984700,0.984710
1350600600,0.984700,0.984700,0.984600,0.984670
1350600660,0.984680,0.984680,0.984630,0.984640
1350600720,0.984670,0.984730,0.984610,0.984720
1350600780,0.984740,0.984750,0.984690,0.984690
1350600840,0.984670,0.984690,0.984660,0.984670
1350600900,0.984680,0.984710,0.984650,0.984660
1350600960,0.984670,0.984680,0.984620,0.984660
1350601020,0.984670,0.984680,0.984620,0.984640
1350601080,0.984650,0.984690,0.984640,0.984690
1350601140,0.984700,0.984700,0.984680,0.984680
1350601200,0.984670,0.984850,0.984670,0.984830
1350601260,0.984840,0.984890,0.984820,0.984890
1350601320,0.984900,0.984940,0.984900,0.984920
1350601380,0.984910,0.984910,0.984890,0.984910
1350601440,0.984890,0.984900,0.984850,0.984860
1350601500,0.984880,0.984880,0.984700,0.984800
1350601560,0.984760,0.984760,0.984580,0.984660
1350601620,0.984640,0.984680,0.984620,0.984660
1350601680,0.984690,0.984690,0.984640,0.984660
1350601740,0.984670,0.984670,0.984490,0.984550
1350601800,0.984500,0.984560,0.984490,0.984560
1350601860,0.984550,0.984560,0.984510,0.984530
1350601920,0.984540,0.984540,0.984530,0.984530
1350601980,0.984540,0.984540,0.984450,0.984520
1350602040,0.984530,0.984570,0.984340,0.984410
1350602100,0.984420,0.984430,0.984410,0.984430
1350602160,0.984440,0.984450,0.984420,0.984450
1350602220,0.984460,0.984460,0.984410,0.984420
1350602280,0.984430,0.984430,0.984410,0.984420
1350602340,0.984410,0.984490,0.984410,0.984450
1350602400,0.984460,0.984470,0.984450,0.984460
1350602460,0.984450,0.984470,0.984450,0.984470
1350602520,0.984460,0.984570,0.984460,0.984560
1350602580,0.984570,0.984580,0.984540,0.984560
1350602640,0.984570,0.984570,0.984510,0.984510
1350602820,0.984520,0.984530,0.984510,0.984530
1350602880,0.984520,0.984530,0.984510,0.984530
1350602940,0.984520,0.984610,0.984520,0.984600
1350603000,0.984620,0.984720,0.984620,0.984630
1350603060,0.984640,0.984640,0.984630,0.984640
1350603120,0.984630,0.984650,0.984630,0.984640
1350603180,0.984630,0.984640,0.984630,0.984640
1350603240,0.984650,0.984690,0.984650,0.984670
1350603300,0.984660,0.984670,0.984660,0.984670
1350603360,0.984660,0.984700,0.984660,0.984700
1350603420,0.984690,0.984700,0.984600,0.984630
1350603480,0.984640,0.984650,0.984630,0.984630
1350603540,0.984650,0.984650,0.984630,0.984640
1350603600,0.984660,0.984660,0.984640,0.984640
1350603660,0.984660,0.984660,0.984640,0.984660
1350603720,0.984700,0.984710,0.984680,0.984680
1350603780,0.984690,0.984710,0.984690,0.984710
1350603840,0.984700,0.984710,0.984700,0.984700
1350603900,0.984710,0.984720,0.984710,0.984710
1350603960,0.984700,0.984720,0.984680,0.984680
1350604020,0.984690,0.984710,0.984680,0.984710
1350604080,0.984700,0.984700,0.984690,0.984700
1350604140,0.984690,0.984710,0.984690,0.984700
1350604200,0.984710,0.984710,0.984700,0.984710
1350604260,0.984720,0.984830,0.984710,0.984710
1350604320,0.984720,0.984720,0.984600,0.984620
1350604380,0.984630,0.984650,0.984620,0.984650
1350604440,0.984640,0.984670,0.984620,0.984640
1350604500,0.984620,0.984650,0.984620,0.984640
1350604560,0.984650,0.984710,0.984630,0.984700
1350604620,0.984710,0.984710,0.984700,0.984700
1350604680,0.984690,0.984730,0.984690,0.984700
1350604740,0.984710,0.984710,0.984700,0.984710
1350604800,0.984700,0.984810,0.984700,0.984760
1350604860,0.984770,0.984800,0.984730,0.984800
1350604920,0.984790,0.984790,0.984730,0.984770
1350604980,0.984790,0.984810,0.984790,0.984800
1350605040,0.984790,0.984810,0.984750,0.984750
1350605100,0.984790,0.984830,0.984790,0.984800
1350605160,0.984830,0.984830,0.984700,0.984710
1350605220,0.984760,0.984760,0.984720,0.984730
1350605280,0.984720,0.984730,0.984710,0.984730
1350605340,0.984720,0.984740,0.984720,0.984730
1350605400,0.984740,0.984830,0.984740,0.984820
1350605460,0.984800,0.984810,0.984730,0.984810
1350605520,0.984820,0.984830,0.984820,0.984830
1350605580,0.984820,0.984830,0.984700,0.984720
1350605640,0.984730,0.984730,0.984720,0.984720
1350605700,0.984730,0.984730,0.984710,0.984720
1350605760,0.984710,0.984730,0.984690,0.984690
1350605820,0.984720,0.984730,0.984720,0.984730
1350605880,0.984720,0.984730,0.984710,0.984710
1350605940,0.984730,0.984730,0.984720,0.984720
1350606000,0.984730,0.984730,0.984710,0.984720
1350606060,0.984710,0.984730,0.984630,0.984730
1350606120,0.984720,0.984850,0.984720,0.984820
1350606180,0.984830,0.984860,0.984820,0.984830
1350606240,0.984820,0.984860,0.984800,0.984800
1350606300,0.984820,0.984820,0.984790,0.984790
1350606360,0.984800,0.984800,0.984790,0.984790
1350606420,0.984800,0.984800,0.984700,0.984720
1350606480,0.984730,0.984810,0.984720,0.984760
1350606540,0.984770,0.984780,0.984700,0.984780
1350606600,0.984790,0.984820,0.984780,0.984810
1350606660,0.984820,0.984820,0.984700,0.984720
1350606720,0.984730,0.984730,0.984710,0.984730
1350606780,0.984720,0.984740,0.984720,0.984730
1350606840,0.984740,0.984750,0.984720,0.984740
1350606900,0.984730,0.984740,0.984720,0.984740
1350606960,0.984730,0.984800,0.984710,0.984800
1350607020,0.984780,0.984910,0.984770,0.984830
1350607080,0.984810,0.984900,0.984810,0.984840
1350607140,0.984820,0.984830,0.984820,0.984820
1350607200,0.984830,0.984830,0.984820,0.984820
1350607260,0.984830,0.984830,0.984740,0.984750
1350607320,0.984740,0.984740,0.984730,0.984730
1350607380,0.984720,0.984730,0.984540,0.984540
1350607440,0.984550,0.984570,0.984430,0.984450
1350607500,0.984490,0.984540,0.984490,0.984490
1350607560,0.984450,0.984530,0.984450,0.984530
1350607620,0.984540,0.984540,0.984500,0.984540
1350607680,0.984530,0.984550,0.984530,0.984540
1350607740,0.984550,0.984640,0.984540,0.984640
1350607800,0.984630,0.984720,0.984630,0.984720
1350607860,0.984750,0.984820,0.984750,0.984810
1350607920,0.984820,0.984920,0.984780,0.984920
1350607980,0.984940,0.985020,0.984940,0.984990
1350608040,0.985070,0.985080,0.984990,0.985020
1350608100,0.985000,0.985020,0.984970,0.984970
1350608160,0.984980,0.985030,0.984980,0.985020
1350608220,0.985030,0.985030,0.984980,0.985020
1350608280,0.985030,0.985050,0.985020,0.985030
1350608340,0.985020,0.985220,0.985020,0.985220
1350608400,0.985230,0.985500,0.985230,0.985390
1350608460,0.985400,0.985420,0.985320,0.985330
1350608520,0.985350,0.985400,0.985350,0.985390
1350608580,0.985400,0.985490,0.985390,0.985410
1350608640,0.985420,0.985500,0.985410,0.985490
1350608700,0.985500,0.985600,0.985490,0.985590
1350608760,0.985600,0.985710,0.985530,0.985700
1350608820,0.985710,0.985710,0.985400,0.985420
1350608880,0.985440,0.985460,0.985340,0.985390
1350608940,0.985400,0.985450,0.985370,0.985420
1350609000,0.985440,0.985460,0.985420,0.985440
1350609060,0.985450,0.985470,0.985420,0.985450
1350609120,0.985470,0.985480,0.985220,0.985250
1350609180,0.985240,0.985280,0.984940,0.984940
1350609240,0.984930,0.985020,0.984930,0.985010
1350609300,0.985040,0.985130,0.984970,0.984990
1350609360,0.984980,0.985010,0.984980,0.985000
1350609420,0.985030,0.985220,0.985020,0.985210
1350609480,0.985220,0.985260,0.985210,0.985260
1350609540,0.985280,0.985370,0.985280,0.985290
1350609600,0.985330,0.985410,0.985330,0.985410
1350609660,0.985420,0.985470,0.985410,0.985420
1350609720,0.985410,0.985410,0.985360,0.985360
1350609780,0.985350,0.985380,0.985330,0.985360
1350609840,0.985340,0.985370,0.985320,0.985360
1350609900,0.985350,0.985350,0.985320,0.985330
1350609960,0.985310,0.985310,0.985200,0.985280
1350610020,0.985290,0.985290,0.985200,0.985210
1350610080,0.985200,0.985210,0.985200,0.985210
1350610140,0.985220,0.985240,0.985210,0.985220
1350610200,0.985230,0.985250,0.985170,0.985170
1350610260,0.985200,0.985250,0.985180,0.985180
1350610320,0.985190,0.985190,0.985180,0.985190
1350610380,0.985220,0.985230,0.985210,0.985220
1350610500,0.985230,0.985280,0.985230,0.985280
1350610560,0.985290,0.985310,0.985240,0.985240
1350610620,0.985250,0.985310,0.985230,0.985300
1350610680,0.985290,0.985290,0.985230,0.985250
1350610740,0.985240,0.985250,0.985100,0.985120
1350610800,0.985100,0.985120,0.984930,0.984960
1350610860,0.984970,0.984970,0.984920,0.984930
1350610920,0.984940,0.985100,0.984940,0.984970
1350610980,0.984990,0.984990,0.984970,0.984990
1350611040,0.984980,0.984990,0.984970,0.984980
1350611100,0.984970,0.985000,0.984970,0.984990
1350611160,0.984970,0.984990,0.984970,0.984980
1350611220,0.984960,0.984990,0.984960,0.984990
1350611280,0.984980,0.984990,0.984980,0.984990
1350611340,0.984980,0.985000,0.984980,0.984990
1350611400,0.985000,0.985000,0.984980,0.984990
1350611460,0.985000,0.985000,0.984920,0.984920
1350611520,0.984900,0.984920,0.984890,0.984910
1350611580,0.984920,0.984920,0.984910,0.984920
1350611700,0.984930,0.984930,0.984920,0.984920
1350611760,0.984930,0.985050,0.984930,0.984980
1350611820,0.984960,0.984960,0.984870,0.984960
1350611880,0.984980,0.985060,0.984960,0.985030
1350611940,0.985010,0.985010,0.984920,0.984930
1350612000,0.984940,0.985020,0.984900,0.985020
1350612060,0.985010,0.985020,0.985000,0.985020
1350612120,0.985010,0.985020,0.984930,0.984950
1350612180,0.984990,0.985050,0.984990,0.985030
1350612240,0.985020,0.985030,0.985020,0.985030
1350612300,0.985020,0.985050,0.985020,0.985030
1350612360,0.985040,0.985040,0.984990,0.985020
1350612420,0.985010,0.985060,0.985010,0.985020
1350612480,0.985010,0.985060,0.985010,0.985020
1350612540,0.985050,0.985050,0.985020,0.985020
1350612600,0.984990,0.985020,0.984850,0.984850
1350612660,0.984840,0.984850,0.984820,0.984830
1350612720,0.984820,0.984850,0.984810,0.984840
1350612780,0.984830,0.984900,0.984830,0.984840
1350612840,0.984830,0.984850,0.984820,0.984840
1350612900,0.984830,0.984840,0.984830,0.984840
1350612960,0.984830,0.984850,0.984830,0.984840
1350613020,0.984830,0.984840,0.984830,0.984840
1350613080,0.984830,0.984840,0.984830,0.984840
1350613140,0.984830,0.984900,0.984830,0.984900
1350613200,0.984910,0.984950,0.984900,0.984920
1350613260,0.984910,0.985010,0.984910,0.984930
1350613320,0.984940,0.984940,0.984940,0.984940
1350613380,0.984960,0.984960,0.984930,0.984930
1350613440,0.984940,0.984940,0.984930,0.984940
1350613500,0.984930,0.984940,0.984930,0.984940
1350613560,0.984930,0.984930,0.984930,0.984930
1350613620,0.984910,0.984910,0.984830,0.984830
1350613680,0.984840,0.984840,0.984800,0.984810
1350613740,0.984780,0.984780,0.984720,0.984730
1350613800,0.984720,0.984740,0.984720,0.984740
1350613860,0.984730,0.984740,0.984720,0.984740
1350613920,0.984730,0.984740,0.984730,0.984730
1350613980,0.984740,0.984750,0.984730,0.984740
1350614040,0.984790,0.984800,0.984780,0.984780
1350614100,0.984790,0.984790,0.984780,0.984790
1350614160,0.984800,0.984870,0.984800,0.984830
1350614220,0.984820,0.984830,0.984820,0.984820
1350614280,0.984830,0.984860,0.984820,0.984820
1350614340,0.984830,0.984830,0.984740,0.984750
1350614400,0.984740,0.984830,0.984740,0.984830
1350614460,0.984840,0.984890,0.984830,0.984860
1350614520,0.984840,0.984850,0.984820,0.984830
1350614580,0.984840,0.984850,0.984830,0.984840
1350614640,0.984830,0.984850,0.984830,0.984840
1350614700,0.984830,0.984840,0.984830,0.984840
1350614760,0.984830,0.984850,0.984830,0.984840
1350614820,0.984830,0.984840,0.984820,0.984830
1350614880,0.984820,0.984900,0.984820,0.984900
1350614940,0.984890,0.984890,0.984880,0.984880
1350615000,0.984910,0.984920,0.984910,0.984910
1350615060,0.984900,0.984930,0.984890,0.984910
1350615120,0.984920,0.984920,0.984910,0.984910
1350615180,0.984920,0.984920,0.984910,0.984920
1350615240,0.984910,0.984920,0.984910,0.984910
1350615300,0.984930,0.984930,0.984910,0.984920
1350615360,0.984910,0.985090,0.984910,0.985090
1350615420,0.985080,0.985110,0.985080,0.985110
1350615480,0.985120,0.985130,0.985030,0.985040
1350615540,0.985050,0.985070,0.985030,0.985060
1350615600,0.985080,0.985290,0.985070,0.985290
1350615660,0.985300,0.985310,0.985280,0.985290
1350615720,0.985260,0.985290,0.985100,0.985100
1350615780,0.985090,0.985090,0.984890,0.984920
1350615840,0.984930,0.985090,0.984930,0.985010
1350615900,0.985020,0.985200,0.985020,0.985200
1350615960,0.985230,0.985320,0.985220,0.985320
1350616020,0.985310,0.985310,0.985310,0.985310
1350616080,0.985320,0.985400,0.985310,0.985400
1350616140,0.985380,0.985420,0.985380,0.985420
1350616200,0.985410,0.985540,0.985400,0.985530
1350616260,0.985520,0.985530,0.985520,0.985520
1350616320,0.985540,0.985630,0.985530,0.985620
1350616380,0.985610,0.985690,0.985600,0.985690
1350616440,0.985680,0.985700,0.985680,0.985690
1350616500,0.985700,0.985700,0.985620,0.985640
1350616560,0.985630,0.985650,0.985620,0.985620
1350616620,0.985630,0.985630,0.985610,0.985610
1350616680,0.985600,0.985600,0.985380,0.985480
1350616740,0.985490,0.985490,0.985320,0.985360
1350616800,0.985380,0.985470,0.985320,0.985320
1350616920,0.985330,0.985330,0.985320,0.985330
1350616980,0.985380,0.985500,0.985380,0.985420
1350617040,0.985410,0.985410,0.985410,0.985410
1350617160,0.985390,0.985470,0.985390,0.985470
1350617220,0.985480,0.985570,0.985480,0.985570
1350617340,0.985580,0.985600,0.985580,0.985580
1350617400,0.985590,0.985600,0.985580,0.985590
1350617460,0.985600,0.985600,0.985520,0.985520
1350617520,0.985530,0.985530,0.985500,0.985520
1350617580,0.985500,0.985510,0.985500,0.985500
1350617640,0.985490,0.985520,0.985480,0.985520
1350617700,0.985490,0.985520,0.985490,0.985490
1350617760,0.985480,0.985490,0.985430,0.985440
1350617820,0.985450,0.985450,0.985430,0.985440
1350617880,0.985430,0.985470,0.985430,0.985460
1350617940,0.985450,0.985470,0.985450,0.985460
1350618000,0.985450,0.985490,0.985450,0.985470
1350618060,0.985430,0.985450,0.985420,0.985440
1350618120,0.985430,0.985440,0.985430,0.985440
1350618180,0.985430,0.985450,0.985410,0.985450
1350618240,0.985440,0.985510,0.985420,0.985490
1350618360,0.985480,0.985480,0.985450,0.985480
1350618420,0.985490,0.985490,0.985480,0.985490
1350618480,0.985480,0.985500,0.985430,0.985440
1350618540,0.985430,0.985470,0.985420,0.985460
1350618600,0.985480,0.985490,0.985480,0.985490
1350618660,0.985500,0.985500,0.985430,0.985430
1350618720,0.985420,0.985420,0.985420,0.985420
1350618780,0.985410,0.985410,0.985410,0.985410
1350618840,0.985400,0.985400,0.985350,0.985370
1350618900,0.985350,0.985390,0.985350,0.985380
1350618960,0.985370,0.985370,0.985350,0.985370
1350619020,0.985350,0.985380,0.985350,0.985370
1350619080,0.985360,0.985380,0.985350,0.985380
1350619140,0.985350,0.985380,0.985230,0.985230
