time,open,high,low,close
1276142400,1.203300,1.203500,1.203200,1.203500
1276142460,1.203600,1.203900,1.203500,1.203800
1276142520,1.203700,1.203700,1.203300,1.203300
1276142580,1.203400,1.203400,1.203000,1.203200
1276142640,1.203100,1.203200,1.203000,1.203000
1276142700,1.202900,1.203200,1.202800,1.203200
1276142760,1.203100,1.203100,1.203000,1.203000
1276142820,1.202900,1.203000,1.202900,1.203000
1276142880,1.203100,1.203400,1.203100,1.203300
1276142940,1.203200,1.203200,1.203100,1.203200
1276143000,1.203300,1.203400,1.203200,1.203300
1276143060,1.203400,1.203500,1.203400,1.203400
1276143120,1.203300,1.203400,1.203300,1.203300
1276143180,1.203400,1.203800,1.203300,1.203500
1276143240,1.203600,1.203700,1.203300,1.203400
1276143300,1.203500,1.203700,1.203500,1.203700
1276143360,1.203600,1.203700,1.203300,1.203700
1276143420,1.203600,1.203800,1.203400,1.203700
1276143480,1.203800,1.204500,1.203800,1.204400
1276143540,1.204500,1.204500,1.204400,1.204400
1276143600,1.204300,1.204500,1.204300,1.204400
1276143660,1.204300,1.204600,1.204300,1.204600
1276143720,1.204500,1.204600,1.204400,1.204500
1276143780,1.204600,1.205000,1.204500,1.204800
1276143840,1.204700,1.204700,1.203800,1.204100
1276143900,1.204000,1.204000,1.203700,1.203700
1276143960,1.203600,1.203700,1.203600,1.203600
1276144020,1.203500,1.204200,1.203400,1.204000
1276144080,1.204100,1.204700,1.204000,1.204700
1276144140,1.204800,1.204900,1.204500,1.204700
1276144200,1.204600,1.204800,1.204300,1.204700
1276144260,1.204800,1.204900,1.204500,1.204500
1276144320,1.204400,1.204700,1.204100,1.204700
1276144380,1.204800,1.205200,1.204700,1.205200
1276144440,1.205100,1.205100,1.204700,1.204700
1276144500,1.204600,1.204900,1.204600,1.204800
1276144560,1.204700,1.204800,1.204600,1.204700
1276144620,1.204800,1.204900,1.204600,1.204600
1276144680,1.204700,1.204700,1.204500,1.204600
1276144740,1.204500,1.204600,1.204500,1.204500
1276144800,1.204400,1.204400,1.204300,1.204300
1276144860,1.204400,1.204500,1.204200,1.204300
1276144920,1.204200,1.204300,1.204100,1.204100
1276144980,1.204200,1.204800,1.204000,1.204700
1276145040,1.204800,1.205200,1.204600,1.205000
1276145100,1.204900,1.204900,1.204800,1.204800
1276145160,1.204700,1.204800,1.204600,1.204700
1276145220,1.204600,1.204800,1.204600,1.204600
1276145280,1.204700,1.204800,1.204600,1.204700
1276145340,1.204600,1.204700,1.204400,1.204400
1276145400,1.204500,1.204500,1.204300,1.204400
1276145460,1.204300,1.204500,1.204300,1.204500
1276145520,1.204400,1.204500,1.204200,1.204200
1276145580,1.204300,1.204500,1.204200,1.204400
1276145640,1.204300,1.204800,1.204300,1.204700
1276145700,1.204600,1.205000,1.204600,1.204900
1276145760,1.205000,1.205500,1.204900,1.205400
1276145820,1.205300,1.205400,1.205200,1.205200
1276145880,1.205100,1.205300,1.205100,1.205200
1276145940,1.205100,1.205200,1.205000,1.205200
1276146000,1.205100,1.205100,1.204800,1.204800
1276146060,1.204900,1.204900,1.204700,1.204800
1276146120,1.204700,1.204800,1.204600,1.204600
1276146180,1.204500,1.204600,1.204200,1.204500
1276146240,1.204600,1.204600,1.204300,1.204500
1276146300,1.204600,1.204700,1.204300,1.204400
1276146360,1.204300,1.204400,1.204300,1.204400
1276146420,1.204500,1.204500,1.204400,1.204500
1276146480,1.204400,1.204400,1.204300,1.204300
1276146540,1.204200,1.204300,1.204200,1.204300
1276146600,1.204400,1.204400,1.204200,1.204300
1276146660,1.204400,1.204400,1.204300,1.204300
1276146720,1.204400,1.204400,1.204200,1.204200
1276146780,1.204100,1.204100,1.204100,1.204100
1276146840,1.204200,1.204200,1.204100,1.204100
1276146900,1.204000,1.204100,1.204000,1.204100
1276146960,1.204000,1.204100,1.204000,1.204000
1276147020,1.203900,1.203900,1.203800,1.203900
1276147080,1.204000,1.204000,1.203900,1.204000
1276147140,1.204100,1.204300,1.204000,1.204200
1276147200,1.204300,1.204300,1.204200,1.204200
1276147260,1.204300,1.204400,1.204200,1.204200
1276147320,1.204300,1.204300,1.204100,1.204100
1276147380,1.204000,1.204000,1.203700,1.203900
1276147440,1.203800,1.203800,1.203800,1.203800
1276147500,1.203700,1.203800,1.203600,1.203700
1276147620,1.203800,1.203900,1.203800,1.203900
1276147680,1.203800,1.204100,1.203800,1.204000
1276147740,1.203900,1.203900,1.203900,1.203900
1276147800,1.203800,1.203900,1.203800,1.203800
1276147860,1.203900,1.204200,1.203900,1.204100
1276147920,1.204000,1.204100,1.204000,1.204000
1276147980,1.204100,1.204200,1.204100,1.204200
1276148040,1.204300,1.204300,1.204200,1.204300
1276148100,1.204400,1.204700,1.204400,1.204600
1276148160,1.204700,1.204800,1.204700,1.204700
1276148220,1.204600,1.204700,1.204600,1.204700
1276148280,1.204600,1.204800,1.204600,1.204700
1276148340,1.204800,1.204900,1.204700,1.204900
1276148400,1.204800,1.204900,1.204800,1.204900
1276148460,1.204800,1.204900,1.204700,1.204700
1276148640,1.204600,1.204700,1.204600,1.204700
1276148700,1.204800,1.204800,1.204700,1.204800
1276148760,1.204700,1.205200,1.204700,1.205100
1276148820,1.205200,1.205500,1.205100,1.205400
1276148880,1.205500,1.205700,1.205500,1.205600
1276148940,1.205700,1.206000,1.205600,1.206000
1276149000,1.206100,1.206200,1.206000,1.206200
1276149060,1.206100,1.206200,1.206000,1.206000
1276149120,1.206100,1.206100,1.205900,1.206100
1276149180,1.206000,1.206100,1.206000,1.206000
1276149240,1.205900,1.205900,1.205700,1.205800
1276149300,1.205700,1.205700,1.205500,1.205700
1276149360,1.205600,1.205600,1.205500,1.205500
1276149420,1.205600,1.205600,1.205400,1.205600
1276149480,1.205700,1.205800,1.205600,1.205700
1276149540,1.205600,1.206200,1.205600,1.206200
1276149600,1.206100,1.206100,1.205700,1.205800
1276149660,1.205700,1.206000,1.205700,1.205800
1276149720,1.205700,1.205800,1.205600,1.205600
1276149780,1.205700,1.205700,1.205500,1.205500
1276149840,1.205600,1.205600,1.205300,1.205300
1276149900,1.205200,1.205200,1.204700,1.204700
1276149960,1.204800,1.205200,1.204800,1.205000
1276150020,1.204900,1.205200,1.204900,1.205100
1276150080,1.205000,1.205200,1.204900,1.205100
1276150140,1.205200,1.205300,1.205200,1.205300
1276150200,1.205200,1.205300,1.205200,1.205200
1276150260,1.205300,1.205300,1.204900,1.205100
1276150320,1.205000,1.205000,1.204900,1.204900
1276150380,1.205000,1.205200,1.204900,1.205000
1276150440,1.205100,1.205200,1.205100,1.205200
1276150500,1.205300,1.205300,1.204700,1.204800
1276150560,1.204900,1.205000,1.204700,1.205000
1276150620,1.204900,1.204900,1.204000,1.204000
1276150680,1.203900,1.204500,1.203900,1.204000
1276150740,1.204100,1.204400,1.204000,1.204400
1276150800,1.204300,1.204400,1.203600,1.204000
1276150860,1.203900,1.204300,1.203700,1.204300
1276150920,1.204200,1.204400,1.204000,1.204000
1276150980,1.204100,1.204200,1.203800,1.204100
1276151040,1.204200,1.204400,1.204100,1.204100
1276151100,1.204000,1.204200,1.203900,1.204100
1276151160,1.204200,1.204400,1.204100,1.204100
1276151220,1.204200,1.204300,1.204000,1.204000
1276151280,1.203900,1.204200,1.203600,1.204100
1276151340,1.204200,1.204300,1.204100,1.204100
1276151400,1.204000,1.204300,1.204000,1.204200
1276151460,1.204300,1.204500,1.204300,1.204500
1276151520,1.204400,1.204500,1.204300,1.204400
1276151580,1.204300,1.204400,1.204200,1.204200
1276151640,1.204300,1.204300,1.204000,1.204200
1276151700,1.204300,1.204400,1.204300,1.204300
1276151760,1.204400,1.204400,1.204200,1.204300
1276151820,1.204400,1.204400,1.204300,1.204300
1276151880,1.204200,1.204300,1.204100,1.204100
1276151940,1.204200,1.204300,1.203700,1.203700
1276152000,1.203800,1.203800,1.203300,1.203300
1276152060,1.203200,1.203600,1.203200,1.203300
1276152120,1.203400,1.203500,1.203300,1.203500
1276152180,1.203400,1.203600,1.203400,1.203400
1276152240,1.203500,1.203900,1.203500,1.203600
1276152300,1.203700,1.203900,1.203600,1.203800
1276152360,1.203900,1.203900,1.203600,1.203700
1276152420,1.203600,1.203900,1.203600,1.203800
1276152480,1.203900,1.203900,1.203700,1.203800
1276152540,1.203900,1.204200,1.203900,1.204000
1276152600,1.203900,1.203900,1.203300,1.203400
1276152660,1.203500,1.203500,1.202700,1.202900
1276152720,1.203000,1.203100,1.202800,1.202900
1276152780,1.203000,1.203000,1.202600,1.203000
1276152840,1.203100,1.203400,1.202900,1.203000
1276152900,1.202900,1.203200,1.202900,1.203200
1276152960,1.203300,1.203400,1.203100,1.203200
1276153020,1.203100,1.203200,1.203000,1.203200
1276153080,1.203300,1.203700,1.203200,1.203700
1276153140,1.203600,1.203800,1.203500,1.203600
1276153200,1.203500,1.203800,1.203500,1.203700
1276153260,1.203600,1.204500,1.203600,1.204400
1276153320,1.204500,1.204700,1.204400,1.204500
1276153380,1.204600,1.205100,1.204500,1.204900
1276153440,1.204800,1.205000,1.204600,1.205000
1276153500,1.205100,1.205400,1.204900,1.205200
1276153560,1.205100,1.205600,1.204900,1.205200
1276153620,1.205100,1.205200,1.205000,1.205100
1276153680,1.205200,1.205500,1.205000,1.205400
1276153740,1.205300,1.205300,1.204700,1.204900
1276153800,1.205000,1.205400,1.205000,1.205300
1276153860,1.205200,1.205200,1.204700,1.204700
1276153920,1.204800,1.204900,1.204500,1.204700
1276153980,1.204600,1.204700,1.204100,1.204100
1276154040,1.204200,1.204500,1.204200,1.204300
1276154100,1.204200,1.204200,1.204000,1.204000
1276154160,1.204100,1.204100,1.203400,1.203500
1276154220,1.203600,1.203600,1.203500,1.203500
1276154280,1.203400,1.203700,1.203400,1.203600
1276154340,1.203700,1.203900,1.203600,1.203700
1276154400,1.203800,1.203800,1.203400,1.203500
1276154460,1.203400,1.203500,1.202600,1.202900
1276154520,1.202800,1.202900,1.202500,1.202700
1276154580,1.202600,1.202600,1.202200,1.202400
1276154640,1.202500,1.202500,1.202200,1.202300
1276154700,1.202400,1.202900,1.202400,1.202800
1276154760,1.202700,1.202700,1.202400,1.202700
1276154820,1.202600,1.203000,1.202600,1.203000
1276154880,1.203100,1.203100,1.202900,1.203000
1276154940,1.202900,1.203000,1.202600,1.202700
1276155000,1.202800,1.202800,1.202400,1.202500
1276155060,1.202600,1.203500,1.202500,1.203500
1276155120,1.203400,1.203900,1.203300,1.203500
1276155180,1.203400,1.203800,1.203400,1.203600
1276155240,1.203500,1.203700,1.203300,1.203600
1276155300,1.203500,1.203700,1.203300,1.203700
1276155360,1.203600,1.203600,1.203100,1.203200
1276155420,1.203300,1.203300,1.202800,1.202800
1276155480,1.202600,1.203300,1.202600,1.203300
1276155540,1.203200,1.203600,1.203200,1.203600
1276155600,1.203500,1.203900,1.203500,1.203700
1276155660,1.203600,1.203600,1.203300,1.203300
1276155720,1.203200,1.203200,1.202700,1.203000
1276155780,1.203100,1.203100,1.202600,1.202700
1276155840,1.202800,1.203000,1.202700,1.203000
1276155900,1.203100,1.203400,1.203100,1.203200
1276155960,1.203100,1.203300,1.202900,1.202900
1276156020,1.203100,1.203800,1.203100,1.203400
1276156080,1.203500,1.203600,1.202500,1.202500
1276156140,1.202600,1.203200,1.202600,1.202700
1276156200,1.202800,1.203000,1.202600,1.202700
1276156260,1.202600,1.202700,1.202200,1.202300
1276156320,1.202200,1.202300,1.202000,1.202100
1276156380,1.202000,1.202000,1.201700,1.201900
1276156440,1.202000,1.202200,1.201900,1.202000
1276156500,1.202100,1.202100,1.201700,1.201800
1276156560,1.201900,1.202100,1.201500,1.201600
1276156620,1.201700,1.201900,1.201500,1.201800
1276156680,1.201700,1.201800,1.201500,1.201500
1276156740,1.201600,1.201600,1.200700,1.201200
1276156800,1.201000,1.201300,1.200700,1.201200
1276156860,1.201100,1.201500,1.201000,1.201300
1276156920,1.201400,1.201400,1.201100,1.201300
1276156980,1.201200,1.201600,1.201200,1.201500
1276157040,1.201600,1.201700,1.201500,1.201600
1276157100,1.201700,1.202200,1.201700,1.201900
1276157160,1.201800,1.201900,1.201600,1.201600
1276157220,1.201700,1.202000,1.201700,1.201900
1276157280,1.201800,1.201900,1.201300,1.201400
1276157340,1.201300,1.201400,1.201000,1.201300
1276157400,1.201400,1.201600,1.201300,1.201600
1276157460,1.201500,1.202000,1.201500,1.201900
1276157520,1.201800,1.201800,1.201500,1.201600
1276157580,1.201700,1.202100,1.201700,1.201900
1276157640,1.201800,1.202000,1.201800,1.202000
1276157700,1.201900,1.202000,1.201800,1.202000
1276157760,1.202100,1.202100,1.201700,1.201800
1276157820,1.201900,1.201900,1.201500,1.201500
1276157880,1.201600,1.201600,1.201400,1.201500
1276157940,1.201600,1.201700,1.201500,1.201700
1276158000,1.201600,1.201800,1.201600,1.201700
1276158060,1.201600,1.201600,1.201400,1.201500
1276158120,1.201600,1.202200,1.201500,1.202000
1276158180,1.202100,1.202600,1.202100,1.202500
1276158240,1.202400,1.202500,1.202400,1.202500
1276158300,1.202400,1.202700,1.202400,1.202500
1276158360,1.202400,1.202500,1.202400,1.202400
1276158420,1.202300,1.202500,1.202300,1.202500
1276158480,1.202400,1.202700,1.202400,1.202700
1276158540,1.202800,1.203100,1.202600,1.202600
1276158600,1.202700,1.202700,1.202400,1.202600
1276158660,1.202500,1.202700,1.202400,1.202500
1276158720,1.202400,1.203100,1.202300,1.203100
1276158780,1.203000,1.203200,1.202900,1.203100
1276158840,1.203000,1.203100,1.202900,1.203100
1276158900,1.203200,1.203500,1.203100,1.203500
1276158960,1.203400,1.203500,1.203000,1.203100
1276159020,1.203000,1.204400,1.203000,1.204400
1276159080,1.204500,1.204700,1.204200,1.204600
1276159140,1.204500,1.205000,1.204500,1.205000
1276159200,1.205100,1.205300,1.204800,1.205300
1276159260,1.205400,1.206300,1.205400,1.206200
1276159320,1.206300,1.206800,1.206200,1.206200
1276159380,1.206100,1.206100,1.205600,1.205800
1276159440,1.205700,1.206100,1.205700,1.206000
1276159500,1.205900,1.206800,1.205900,1.206800
1276159560,1.206900,1.207100,1.206500,1.206800
1276159620,1.206700,1.206900,1.206400,1.206400
1276159680,1.206300,1.206500,1.206200,1.206400
1276159740,1.206500,1.206800,1.206400,1.206400
1276159800,1.206300,1.206400,1.205900,1.206000
1276159860,1.205900,1.206000,1.205500,1.205500
1276159920,1.205600,1.205600,1.205300,1.205600
1276159980,1.205500,1.205500,1.205100,1.205300
1276160040,1.205200,1.205300,1.205000,1.205000
1276160100,1.205100,1.205300,1.204800,1.205000
1276160160,1.205100,1.205100,1.204500,1.204600
1276160220,1.204700,1.205000,1.204500,1.204900
1276160280,1.205000,1.205100,1.204700,1.205100
1276160340,1.205200,1.205500,1.205000,1.205500
1276160400,1.205600,1.205600,1.205300,1.205600
1276160460,1.205500,1.205700,1.205300,1.205300
1276160520,1.205400,1.205400,1.205200,1.205200
1276160580,1.205300,1.205800,1.205300,1.205600
1276160640,1.205500,1.205600,1.205100,1.205200
1276160700,1.205100,1.205300,1.204900,1.204900
1276160760,1.205000,1.205200,1.204900,1.205100
1276160820,1.205200,1.205400,1.205100,1.205300
1276160880,1.205400,1.205500,1.205300,1.205400
1276160940,1.205500,1.205900,1.205400,1.205900
1276161000,1.206000,1.206800,1.205900,1.206800
1276161060,1.206900,1.207000,1.206500,1.206500
1276161120,1.206600,1.206900,1.206300,1.206800
1276161180,1.206700,1.207100,1.206700,1.207000
1276161240,1.206900,1.206900,1.206400,1.206600
1276161300,1.206700,1.207000,1.206700,1.207000
1276161360,1.207100,1.207900,1.207000,1.207500
1276161420,1.207600,1.208400,1.207300,1.208300
1276161480,1.208400,1.208600,1.208200,1.208400
1276161540,1.208300,1.208700,1.208200,1.208300
1276161600,1.208400,1.208400,1.208000,1.208100
1276161660,1.208000,1.208000,1.207500,1.207600
1276161720,1.207700,1.208300,1.207700,1.208300
1276161780,1.208200,1.208400,1.207700,1.207800
1276161840,1.207900,1.208200,1.207700,1.208000
1276161900,1.207900,1.208100,1.207900,1.208000
1276161960,1.207900,1.208000,1.207700,1.207700
1276162020,1.207800,1.207900,1.207600,1.207600
1276162080,1.207700,1.207700,1.207100,1.207700
1276162140,1.207800,1.207900,1.207500,1.207900
1276162200,1.207800,1.208300,1.207600,1.208300
1276162260,1.208400,1.208400,1.208000,1.208000
1276162320,1.208100,1.208300,1.208000,1.208300
1276162380,1.208400,1.208400,1.208000,1.208100
1276162440,1.208000,1.208200,1.207800,1.208000
1276162500,1.207900,1.207900,1.207400,1.207500
1276162560,1.207600,1.207700,1.207100,1.207200
1276162620,1.207100,1.207100,1.206500,1.206800
1276162680,1.206900,1.207500,1.206900,1.207500
1276162740,1.207600,1.207600,1.207000,1.207000
1276162800,1.207100,1.207200,1.207000,1.207200
1276162860,1.207100,1.207100,1.206900,1.207000
1276162920,1.207100,1.207300,1.207100,1.207300
1276162980,1.207200,1.207500,1.207200,1.207400
1276163040,1.207500,1.207700,1.207400,1.207500
1276163100,1.207600,1.207600,1.207200,1.207300
1276163160,1.207400,1.207500,1.207200,1.207400
1276163220,1.207300,1.207500,1.207000,1.207000
1276163280,1.207100,1.207200,1.207000,1.207000
1276163340,1.207100,1.207100,1.206800,1.207000
1276163400,1.207100,1.207300,1.207100,1.207100
1276163460,1.207000,1.207200,1.206800,1.207000
1276163520,1.207100,1.207100,1.207000,1.207000
1276163580,1.207100,1.207200,1.207000,1.207200
1276163640,1.207300,1.207300,1.207000,1.207000
1276163700,1.207100,1.207300,1.206800,1.206900
1276163760,1.207000,1.207200,1.206900,1.207100
1276163820,1.207200,1.207300,1.206900,1.207100
1276163880,1.207200,1.207300,1.206900,1.207000
1276163940,1.207100,1.207100,1.206700,1.206800
1276164000,1.206900,1.206900,1.206400,1.206500
1276164060,1.206400,1.206600,1.206400,1.206500
1276164120,1.206600,1.206600,1.205500,1.205500
1276164180,1.205600,1.205700,1.205500,1.205500
1276164240,1.205600,1.205800,1.205600,1.205600
1276164300,1.205700,1.205700,1.204900,1.205300
1276164360,1.205400,1.205600,1.205100,1.205600
1276164420,1.205300,1.205300,1.204600,1.204700
1276164480,1.204800,1.205300,1.204800,1.205300
1276164540,1.205400,1.205500,1.205200,1.205500
1276164600,1.205400,1.205400,1.205100,1.205200
1276164660,1.205100,1.205300,1.204700,1.205200
1276164720,1.205300,1.205300,1.205000,1.205100
1276164780,1.205200,1.205500,1.205200,1.205400
1276164840,1.205300,1.205400,1.205100,1.205200
1276164900,1.205100,1.205800,1.205100,1.205500
1276164960,1.205600,1.205900,1.205500,1.205900
1276165020,1.206000,1.206100,1.205900,1.206100
1276165080,1.206000,1.206000,1.205500,1.205600
1276165140,1.205500,1.205800,1.205400,1.205700
1276165200,1.205800,1.206000,1.205800,1.205800
1276165260,1.205700,1.205700,1.205300,1.205400
1276165320,1.205500,1.205500,1.205000,1.205300
1276165380,1.205200,1.205400,1.205100,1.205200
1276165440,1.205100,1.205100,1.204300,1.204300
1276165500,1.204400,1.205200,1.204400,1.204900
1276165560,1.205000,1.205100,1.204600,1.204700
1276165620,1.204800,1.204900,1.204500,1.204500
1276165680,1.204400,1.205100,1.204400,1.205100
1276165740,1.205000,1.205300,1.205000,1.205100
1276165800,1.205200,1.205300,1.205000,1.205200
1276165860,1.205300,1.205300,1.205000,1.205000
1276165920,1.205100,1.205200,1.205000,1.205000
1276165980,1.205100,1.205100,1.205000,1.205000
1276166040,1.205100,1.205100,1.205100,1.205100
1276166100,1.205200,1.205900,1.205100,1.205500
1276166160,1.205400,1.206400,1.205400,1.206200
1276166220,1.206300,1.206600,1.206200,1.206600
1276166280,1.206700,1.206700,1.206400,1.206500
1276166340,1.206400,1.206600,1.206300,1.206300
1276166400,1.206200,1.206300,1.205900,1.206300
1276166460,1.206400,1.206600,1.206000,1.206300
1276166520,1.206200,1.206400,1.206100,1.206400
1276166580,1.206300,1.206900,1.206000,1.206100
1276166640,1.206200,1.206500,1.205700,1.205700
1276166700,1.205600,1.205600,1.205400,1.205600
1276166760,1.205500,1.205700,1.205100,1.205100
1276166820,1.205000,1.205200,1.204800,1.205000
1276166880,1.204900,1.205300,1.204900,1.205300
1276166940,1.205200,1.205300,1.205000,1.205300
1276167000,1.205200,1.205200,1.205000,1.205100
1276167060,1.205000,1.205000,1.204400,1.204500
1276167120,1.204400,1.205000,1.204300,1.204900
1276167180,1.204800,1.204900,1.204700,1.204800
1276167240,1.204900,1.204900,1.204400,1.204700
1276167300,1.204800,1.204900,1.204300,1.204600
1276167360,1.204500,1.204700,1.204300,1.204300
1276167420,1.204200,1.204500,1.204200,1.204400
1276167480,1.204300,1.204500,1.204300,1.204400
1276167540,1.204500,1.204700,1.204400,1.204500
1276167600,1.204600,1.204600,1.204300,1.204500
1276167660,1.204400,1.204700,1.204400,1.204600
1276167720,1.204700,1.204700,1.204600,1.204700
1276167780,1.204600,1.204700,1.204500,1.204600
1276167840,1.204500,1.204700,1.204500,1.204600
1276167900,1.204500,1.204700,1.204500,1.204500
1276167960,1.204400,1.204700,1.204400,1.204600
1276168020,1.204500,1.204700,1.204500,1.204700
1276168080,1.204600,1.204700,1.204300,1.204600
1276168140,1.204700,1.204800,1.204600,1.204600
1276168200,1.204500,1.204700,1.204500,1.204600
1276168260,1.204700,1.204800,1.204600,1.204800
1276168320,1.204900,1.205100,1.204800,1.205000
1276168380,1.205100,1.205200,1.204900,1.205000
1276168440,1.204900,1.205100,1.204900,1.205000
1276168500,1.204900,1.205000,1.204900,1.205000
1276168560,1.204900,1.204900,1.204600,1.204700
1276168620,1.204600,1.204700,1.204600,1.204600
1276168680,1.204700,1.204700,1.204500,1.204500
1276168740,1.204400,1.204600,1.204400,1.204600
1276168800,1.204700,1.204700,1.204400,1.204500
1276168860,1.204400,1.204500,1.204100,1.204300
1276168920,1.204200,1.204200,1.203200,1.203300
1276168980,1.203400,1.203800,1.203400,1.203700
1276169040,1.203800,1.203800,1.203300,1.203300
1276169100,1.203200,1.203200,1.202700,1.202900
1276169160,1.202800,1.203100,1.202500,1.203000
1276169220,1.203100,1.203100,1.202800,1.203000
1276169280,1.203100,1.203700,1.203100,1.203700
1276169340,1.203800,1.203900,1.203100,1.203200
1276169400,1.203300,1.203400,1.202900,1.203100
1276169460,1.203000,1.203000,1.202600,1.202700
1276169520,1.202600,1.203200,1.202600,1.202700
1276169580,1.202800,1.203200,1.202500,1.202600
1276169640,1.202700,1.202700,1.202300,1.202600
1276169700,1.202700,1.203000,1.202700,1.203000
1276169760,1.203100,1.203200,1.203000,1.203000
1276169820,1.202900,1.203000,1.202800,1.202800
1276169880,1.202900,1.203200,1.202700,1.203000
1276169940,1.203100,1.203700,1.203000,1.203700
1276170000,1.203600,1.204500,1.203300,1.204300
1276170060,1.204200,1.204600,1.204100,1.204400
1276170120,1.204300,1.204600,1.204200,1.204600
1276170180,1.204500,1.204600,1.204400,1.204600
1276170240,1.204500,1.204600,1.204400,1.204500
1276170300,1.204600,1.205200,1.204400,1.204500
1276170360,1.204400,1.204500,1.203700,1.204400
1276170420,1.204500,1.204700,1.204000,1.204100
1276170480,1.204200,1.204300,1.204000,1.204300
1276170540,1.204100,1.204400,1.204000,1.204300
1276170600,1.204200,1.204300,1.204100,1.204200
1276170660,1.204300,1.204300,1.203600,1.203900
1276170720,1.203800,1.203800,1.203300,1.203300
1276170780,1.203200,1.203600,1.203100,1.203500
1276170840,1.203600,1.203800,1.203600,1.203700
1276170900,1.203800,1.203800,1.203400,1.203500
1276170960,1.203400,1.203500,1.203300,1.203300
1276171020,1.203400,1.203600,1.203300,1.203500
1276171080,1.203400,1.203400,1.203300,1.203400
1276171140,1.203300,1.203300,1.202600,1.202700
1276171200,1.202600,1.203000,1.202600,1.202900
1276171260,1.203000,1.203500,1.203000,1.203200
1276171320,1.203100,1.203200,1.202900,1.203000
1276171380,1.203100,1.203600,1.203100,1.203500
1276171440,1.203400,1.203600,1.203400,1.203600
1276171500,1.203500,1.203800,1.203400,1.203400
1276171560,1.203500,1.203700,1.203400,1.203600
1276171620,1.203700,1.203700,1.203400,1.203600
1276171680,1.203500,1.203600,1.203500,1.203500
1276171740,1.203400,1.203400,1.203200,1.203200
1276171800,1.203300,1.203400,1.203100,1.203300
1276171860,1.203400,1.203400,1.203200,1.203300
1276171920,1.203400,1.203700,1.203400,1.203700
1276171980,1.203600,1.203800,1.203600,1.203700
1276172040,1.203600,1.204700,1.203300,1.204400
1276172100,1.204300,1.204300,1.203800,1.204200
1276172160,1.204300,1.204500,1.204200,1.204300
1276172220,1.204400,1.204500,1.204200,1.204500
1276172280,1.204400,1.204700,1.204400,1.204700
1276172340,1.204600,1.204700,1.204400,1.204500
1276172400,1.204400,1.204500,1.204300,1.204500
1276172460,1.204600,1.205000,1.204500,1.204800
1276172520,1.204700,1.205300,1.204700,1.205300
1276172580,1.205400,1.205700,1.205400,1.205600
1276172640,1.205500,1.205600,1.205000,1.205100
1276172700,1.205200,1.205200,1.205100,1.205200
1276172760,1.205100,1.205100,1.204800,1.204900
1276172820,1.204800,1.205100,1.204800,1.204900
1276172880,1.205000,1.205000,1.204800,1.204900
1276172940,1.205000,1.205200,1.204900,1.205000
1276173000,1.204800,1.205500,1.204700,1.205100
1276173060,1.205200,1.205200,1.204800,1.205000
1276173120,1.205100,1.205600,1.205100,1.205500
1276173180,1.205600,1.205600,1.205100,1.205100
1276173240,1.205200,1.205300,1.205000,1.205300
1276173300,1.205200,1.205200,1.204700,1.204700
1276173360,1.204800,1.204800,1.203900,1.204200
1276173420,1.204300,1.204300,1.203700,1.204200
1276173480,1.204100,1.204100,1.203500,1.203700
1276173540,1.203800,1.204100,1.203600,1.204100
1276173600,1.204200,1.204200,1.203600,1.203700
1276173660,1.203800,1.203900,1.203600,1.203700
1276173720,1.203600,1.203800,1.203200,1.203300
1276173780,1.203200,1.203400,1.202800,1.202900
1276173840,1.203000,1.203300,1.202700,1.203000
1276173900,1.203100,1.203100,1.202700,1.202800
1276173960,1.202900,1.203100,1.202600,1.202800
1276174020,1.202700,1.203000,1.202500,1.202600
1276174080,1.202700,1.202900,1.202500,1.202600
1276174140,1.202700,1.203400,1.202700,1.203200
1276174200,1.203300,1.204100,1.203300,1.203900
1276174260,1.203800,1.204200,1.203800,1.204000
1276174320,1.204100,1.204200,1.203600,1.204000
1276174380,1.203900,1.203900,1.203700,1.203800
1276174440,1.203700,1.205200,1.203700,1.205000
1276174500,1.205100,1.205600,1.204900,1.205500
1276174560,1.205300,1.205700,1.205200,1.205600
1276174620,1.205700,1.206400,1.205600,1.206300
1276174680,1.206200,1.207500,1.206200,1.207300
1276174740,1.207200,1.207500,1.206600,1.207500
1276174800,1.207600,1.208000,1.206500,1.206500
1276174860,1.206600,1.207200,1.206200,1.206200
1276174920,1.206300,1.206500,1.206000,1.206100
1276174980,1.206200,1.206500,1.206100,1.206200
1276175040,1.206300,1.206500,1.206100,1.206400
1276175100,1.206500,1.206900,1.206300,1.206900
1276175160,1.207000,1.207100,1.206500,1.206900
1276175220,1.206800,1.207600,1.206700,1.207600
1276175280,1.207700,1.208000,1.207200,1.207400
1276175340,1.207300,1.208100,1.207000,1.207900
1276175400,1.208000,1.208000,1.207500,1.207500
1276175460,1.207600,1.208100,1.207600,1.208000
1276175520,1.208100,1.209000,1.208100,1.208700
1276175580,1.208600,1.208700,1.208200,1.208300
1276175640,1.208200,1.208300,1.207700,1.207800
1276175700,1.207700,1.208700,1.207600,1.208600
1276175760,1.208500,1.209000,1.208500,1.208800
1276175820,1.208900,1.209500,1.208900,1.209200
1276175880,1.209300,1.209300,1.208900,1.209000
1276175940,1.209100,1.209400,1.209000,1.209300
1276176000,1.209200,1.209400,1.209100,1.209300
1276176060,1.209200,1.209400,1.209000,1.209300
1276176120,1.209400,1.209800,1.209400,1.209500
1276176180,1.209400,1.209600,1.209400,1.209500
1276176240,1.209600,1.209800,1.209400,1.209700
1276176300,1.209800,1.209800,1.209500,1.209600
1276176360,1.209500,1.209500,1.209300,1.209400
1276176420,1.209300,1.209400,1.209100,1.209100
1276176480,1.209000,1.209600,1.208900,1.209300
1276176540,1.209400,1.209500,1.209200,1.209200
1276176600,1.209300,1.209400,1.209200,1.209400
1276176660,1.209500,1.210300,1.209400,1.210300
1276176720,1.210400,1.210900,1.210200,1.210700
1276176780,1.210600,1.210700,1.210300,1.210500
1276176840,1.210600,1.210600,1.210200,1.210500
1276176900,1.210600,1.210600,1.209800,1.209900
1276176960,1.210000,1.210000,1.209700,1.209700
1276177020,1.209600,1.209700,1.209300,1.209700
1276177080,1.209800,1.209900,1.209400,1.209600
1276177140,1.209700,1.209800,1.209500,1.209600
1276177200,1.209700,1.209900,1.209600,1.209700
1276177260,1.209600,1.209700,1.209400,1.209700
1276177320,1.209800,1.210000,1.209600,1.209700
1276177380,1.209800,1.210000,1.209500,1.209900
1276177440,1.210000,1.210500,1.210000,1.210500
1276177500,1.210600,1.211400,1.210500,1.211400
1276177560,1.211300,1.211800,1.211300,1.211500
1276177620,1.211600,1.211600,1.211100,1.211400
1276177680,1.211300,1.211600,1.211100,1.211500
1276177740,1.211400,1.211700,1.211400,1.211700
1276177800,1.211800,1.212500,1.211700,1.212100
1276177860,1.212000,1.212000,1.211500,1.211800
1276177920,1.211900,1.212700,1.211700,1.212600
1276177980,1.212700,1.213000,1.212400,1.212800
1276178040,1.212700,1.212700,1.211800,1.211900
1276178100,1.212000,1.212700,1.212000,1.212400
1276178160,1.212300,1.212400,1.211900,1.212100
1276178220,1.212200,1.212400,1.211900,1.212200
1276178280,1.212100,1.212300,1.211900,1.212000
1276178340,1.212100,1.212800,1.212000,1.212700
1276178400,1.212800,1.213300,1.212700,1.212900
1276178460,1.213000,1.213100,1.212400,1.212500
1276178520,1.212600,1.212800,1.212100,1.212400
1276178580,1.212300,1.212400,1.211900,1.211900
1276178640,1.211800,1.211900,1.211500,1.211500
1276178700,1.211600,1.211900,1.211500,1.211900
1276178760,1.212000,1.212200,1.211700,1.211900
1276178820,1.211800,1.211800,1.211500,1.211600
1276178880,1.211700,1.212100,1.211700,1.211700
1276178940,1.211600,1.211700,1.211100,1.211300
1276179000,1.211200,1.211200,1.210600,1.210600
1276179060,1.210700,1.210800,1.210300,1.210400
1276179120,1.210500,1.210500,1.209900,1.209900
1276179180,1.209800,1.210300,1.209800,1.209800
1276179240,1.209900,1.210500,1.209700,1.210500
1276179300,1.210600,1.210600,1.210000,1.210000
1276179360,1.209900,1.210200,1.209700,1.209900
1276179420,1.210000,1.210000,1.209800,1.210000
1276179480,1.210100,1.210500,1.210100,1.210400
1276179540,1.210500,1.210800,1.210400,1.210600
1276179600,1.210500,1.210600,1.210100,1.210600
1276179660,1.210500,1.210800,1.210300,1.210500
1276179720,1.210600,1.210700,1.210400,1.210700
1276179780,1.210600,1.210800,1.210400,1.210500
1276179840,1.210400,1.210700,1.210400,1.210600
1276179900,1.210700,1.210700,1.210100,1.210100
1276179960,1.210200,1.210200,1.209700,1.209900
1276180020,1.210000,1.210100,1.209700,1.209800
1276180080,1.209900,1.210300,1.209900,1.210200
1276180140,1.210300,1.210500,1.210300,1.210300
1276180200,1.210400,1.210800,1.210400,1.210800
1276180260,1.210900,1.211000,1.210700,1.211000
1276180320,1.210900,1.211400,1.210800,1.211100
1276180380,1.211000,1.211200,1.210800,1.211100
1276180440,1.211200,1.211300,1.211100,1.211200
1276180500,1.211100,1.211200,1.210900,1.211000
1276180560,1.211100,1.211500,1.211000,1.211500
1276180620,1.211400,1.211400,1.211000,1.211100
1276180680,1.211000,1.211000,1.210700,1.210800
1276180740,1.210700,1.211000,1.210600,1.210900
1276180800,1.210800,1.211500,1.210700,1.211400
1276180860,1.211300,1.211400,1.211100,1.211300
1276180920,1.211400,1.211400,1.211100,1.211300
1276180980,1.211400,1.211700,1.211400,1.211600
1276181040,1.211700,1.212400,1.211700,1.212400
1276181100,1.212300,1.212300,1.211800,1.212100
1276181160,1.212200,1.212300,1.211700,1.211800
1276181220,1.211700,1.211700,1.211200,1.211200
1276181280,1.211100,1.211300,1.210900,1.211200
1276181340,1.211300,1.211300,1.211000,1.211100
1276181400,1.211000,1.211200,1.210900,1.211100
1276181460,1.211200,1.211200,1.211000,1.211000
1276181520,1.210900,1.211000,1.210200,1.210200
1276181580,1.210300,1.210600,1.210100,1.210500
1276181640,1.210400,1.210700,1.210400,1.210700
1276181700,1.210600,1.210600,1.210500,1.210500
1276181760,1.210400,1.210500,1.210100,1.210200
1276181820,1.210300,1.210500,1.210200,1.210300
1276181880,1.210400,1.210500,1.210200,1.210500
1276181940,1.210400,1.210700,1.210300,1.210300
1276182000,1.210400,1.211200,1.210300,1.211100
1276182060,1.211200,1.211400,1.211100,1.211200
1276182120,1.211100,1.211600,1.211100,1.211300
1276182180,1.211200,1.211500,1.211000,1.211400
1276182240,1.211500,1.211500,1.211300,1.211400
1276182300,1.211500,1.212100,1.211500,1.212100
1276182360,1.212000,1.212100,1.211900,1.212000
1276182420,1.211900,1.212000,1.211800,1.211900
1276182480,1.211800,1.211900,1.211800,1.211800
1276182540,1.211900,1.212000,1.211800,1.211800
1276182600,1.211900,1.212200,1.211800,1.212200
1276182660,1.212100,1.212200,1.212000,1.212200
1276182720,1.212100,1.212700,1.212100,1.212500
1276182780,1.212600,1.212600,1.211900,1.212200
1276182840,1.212100,1.212200,1.211900,1.211900
1276182900,1.212000,1.212000,1.211800,1.211900
1276182960,1.211800,1.212000,1.211800,1.212000
1276183020,1.211900,1.212200,1.211800,1.211800
1276183080,1.211900,1.211900,1.211800,1.211900
1276183140,1.211800,1.211800,1.211600,1.211700
1276183200,1.211800,1.211800,1.211600,1.211700
1276183260,1.211600,1.211700,1.211400,1.211500
1276183320,1.211400,1.211700,1.211300,1.211400
1276183380,1.211300,1.211400,1.211300,1.211400
1276183440,1.211300,1.211800,1.211300,1.211700
1276183500,1.211600,1.212100,1.211600,1.212000
1276183560,1.211900,1.212000,1.211600,1.211600
1276183620,1.211700,1.211700,1.211300,1.211300
1276183680,1.211400,1.211400,1.210800,1.210800
1276183740,1.210700,1.211000,1.210600,1.210900
1276183800,1.211000,1.211100,1.210700,1.210700
1276183860,1.210800,1.211000,1.210700,1.210800
1276183920,1.210700,1.210800,1.210600,1.210800
1276183980,1.210900,1.211200,1.210900,1.210900
1276184040,1.210800,1.210800,1.210600,1.210700
1276184100,1.210600,1.210700,1.210500,1.210500
1276184160,1.210400,1.210400,1.209900,1.210100
1276184220,1.210200,1.210500,1.210100,1.210100
1276184280,1.210200,1.210400,1.210100,1.210200
1276184340,1.210100,1.210800,1.210100,1.210700
1276184400,1.210600,1.210600,1.210200,1.210400
1276184460,1.210300,1.210600,1.210300,1.210400
1276184520,1.210300,1.210300,1.210000,1.210000
1276184580,1.210100,1.210500,1.209500,1.209500
1276184640,1.209600,1.209600,1.209100,1.209200
1276184700,1.209100,1.209400,1.208700,1.208800
1276184760,1.208900,1.209200,1.208600,1.209100
1276184820,1.209000,1.209100,1.208900,1.209000
1276184880,1.209100,1.209600,1.209000,1.209400
1276184940,1.209500,1.209500,1.209200,1.209300
1276185000,1.209400,1.210000,1.209400,1.209800
1276185060,1.209900,1.210200,1.209900,1.210000
1276185120,1.210100,1.210100,1.210000,1.210100
1276185180,1.210200,1.210600,1.210200,1.210300
1276185240,1.210400,1.210700,1.210300,1.210700
1276185300,1.210600,1.210700,1.210400,1.210600
1276185360,1.210700,1.210800,1.210500,1.210800
1276185420,1.210700,1.210900,1.210700,1.210900
1276185480,1.211000,1.211100,1.210900,1.210900
1276185540,1.210800,1.210900,1.210500,1.210900
1276185600,1.210800,1.211000,1.210800,1.210800
1276185660,1.210700,1.210800,1.210600,1.210600
1276185720,1.210700,1.210900,1.210500,1.210500
1276185780,1.210400,1.210500,1.209900,1.209900
1276185840,1.209800,1.209800,1.209600,1.209600
1276185900,1.209700,1.209800,1.209300,1.209300
1276185960,1.209200,1.209200,1.208700,1.208800
1276186020,1.208900,1.209300,1.208700,1.208800
1276186080,1.208700,1.208700,1.208300,1.208600
1276186140,1.208500,1.208700,1.208400,1.208500
1276186200,1.208600,1.208800,1.208600,1.208700
1276186260,1.208600,1.208700,1.208400,1.208500
1276186320,1.208600,1.208900,1.208600,1.208700
1276186380,1.208600,1.208700,1.208400,1.208700
1276186440,1.208600,1.208700,1.208400,1.208700
1276186500,1.208800,1.209000,1.208800,1.209000
1276186560,1.209100,1.209400,1.208900,1.209400
1276186620,1.209300,1.209300,1.209000,1.209200
1276186680,1.209300,1.209500,1.208800,1.208800
1276186740,1.208900,1.208900,1.208200,1.208300
1276186800,1.208400,1.208600,1.208300,1.208300
1276186860,1.208400,1.209000,1.208300,1.208900
1276186920,1.208800,1.208900,1.208600,1.208900
1276186980,1.208800,1.209200,1.208800,1.209100
1276187040,1.209200,1.209200,1.209100,1.209200
1276187100,1.209300,1.209300,1.209200,1.209300
1276187160,1.209200,1.209300,1.208800,1.208900
1276187220,1.209000,1.209100,1.208900,1.209100
1276187280,1.209300,1.209600,1.209200,1.209400
1276187340,1.209500,1.210200,1.209500,1.210200
1276187400,1.210100,1.210100,1.209900,1.210100
1276187460,1.210200,1.210200,1.210100,1.210200
1276187520,1.210300,1.210400,1.210200,1.210300
1276187580,1.210200,1.210200,1.209700,1.209800
1276187640,1.209700,1.209800,1.209500,1.209500
1276187700,1.209600,1.209600,1.209400,1.209500
1276187760,1.209400,1.209500,1.208900,1.208900
1276187820,1.209000,1.209100,1.208800,1.209100
1276187880,1.209200,1.209200,1.208900,1.209000
1276187940,1.209100,1.209200,1.208800,1.209200
1276188000,1.209100,1.209200,1.209000,1.209000
1276188060,1.209100,1.209100,1.208200,1.208200
1276188120,1.208300,1.208800,1.208200,1.208300
1276188180,1.208200,1.208500,1.208200,1.208300
1276188240,1.208400,1.208400,1.207900,1.207900
1276188300,1.208000,1.208200,1.207800,1.207900
1276188360,1.207800,1.208100,1.207600,1.208000
1276188420,1.208100,1.208400,1.208100,1.208400
1276188480,1.208300,1.208400,1.208000,1.208100
1276188540,1.208200,1.208300,1.208000,1.208200
1276188600,1.208100,1.208200,1.207900,1.208000
1276188660,1.207900,1.208000,1.207600,1.207700
1276188720,1.207800,1.208200,1.207700,1.208100
1276188780,1.208200,1.208500,1.208000,1.208500
1276188840,1.208400,1.208700,1.208300,1.208700
1276188900,1.208600,1.208600,1.208100,1.208100
1276188960,1.208000,1.208400,1.208000,1.208400
1276189020,1.208300,1.208400,1.208100,1.208300
1276189080,1.208200,1.208500,1.208200,1.208400
1276189140,1.208500,1.208600,1.208100,1.208100
1276189200,1.208000,1.208400,1.207800,1.208100
1276189260,1.208000,1.208200,1.207900,1.208100
1276189320,1.208000,1.208200,1.208000,1.208100
1276189380,1.208200,1.208300,1.208100,1.208200
1276189440,1.208100,1.208200,1.207900,1.207900
1276189500,1.208000,1.208000,1.207900,1.208000
1276189560,1.207900,1.207900,1.207700,1.207800
1276189620,1.207700,1.208000,1.207500,1.208000
1276189680,1.208100,1.208200,1.207700,1.207900
1276189740,1.208100,1.208300,1.207600,1.207800
1276189800,1.207900,1.208100,1.207700,1.208100
1276189860,1.208200,1.208200,1.207900,1.208200
1276189920,1.208300,1.208600,1.208200,1.208300
1276189980,1.208400,1.208500,1.208000,1.208500
1276190040,1.208600,1.208700,1.208500,1.208600
1276190100,1.208700,1.208700,1.208500,1.208600
1276190160,1.208500,1.208500,1.208400,1.208400
1276190220,1.208500,1.208500,1.208100,1.208100
1276190280,1.208000,1.208200,1.207800,1.208100
1276190340,1.208200,1.208500,1.208200,1.208300
1276190400,1.208200,1.208600,1.208200,1.208500
1276190460,1.208600,1.208700,1.208400,1.208500
1276190520,1.208400,1.208600,1.208400,1.208600
1276190580,1.208700,1.208700,1.208400,1.208600
1276190640,1.208700,1.208700,1.208600,1.208600
1276190700,1.208500,1.208600,1.208400,1.208500
1276190760,1.208400,1.208400,1.208300,1.208300
1276190820,1.208400,1.208400,1.208200,1.208300
1276190880,1.208200,1.208400,1.208200,1.208300
1276190940,1.208400,1.208400,1.208200,1.208300
1276191000,1.208400,1.208600,1.208400,1.208500
1276191060,1.208600,1.208700,1.208500,1.208600
1276191120,1.208700,1.208700,1.208600,1.208700
1276191180,1.208600,1.208800,1.208500,1.208800
1276191240,1.208900,1.208900,1.208800,1.208800
1276191300,1.208700,1.208900,1.208700,1.208800
1276191360,1.208900,1.208900,1.208700,1.208800
1276191420,1.208900,1.208900,1.208700,1.208700
1276191480,1.208800,1.208900,1.208700,1.208800
1276191540,1.208900,1.208900,1.208800,1.208900
1276191600,1.209000,1.209000,1.208600,1.208700
1276191660,1.208600,1.208700,1.208600,1.208700
1276191720,1.208600,1.208700,1.208500,1.208600
1276191780,1.208700,1.208800,1.208600,1.208800
1276191840,1.208900,1.208900,1.208800,1.208900
1276191900,1.208800,1.209600,1.208800,1.209600
1276191960,1.209700,1.209900,1.209500,1.209700
1276192020,1.209800,1.210200,1.209800,1.210100
1276192080,1.210000,1.210400,1.210000,1.210100
1276192140,1.210200,1.210600,1.210200,1.210600
1276192200,1.210500,1.210600,1.210400,1.210600
1276192260,1.210400,1.210800,1.210300,1.210800
1276192320,1.210700,1.211000,1.210700,1.211000
1276192380,1.210900,1.211000,1.210400,1.210400
1276192440,1.210500,1.210900,1.210400,1.210800
1276192500,1.210900,1.210900,1.210600,1.210800
1276192560,1.210700,1.211000,1.210700,1.211000
1276192620,1.210900,1.211100,1.210800,1.210900
1276192680,1.211000,1.211600,1.210900,1.211400
1276192740,1.211300,1.211300,1.210900,1.211000
1276192800,1.210900,1.210900,1.210700,1.210800
1276192860,1.210700,1.210700,1.210700,1.210700
1276192920,1.210800,1.210800,1.210600,1.210700
1276192980,1.210800,1.210800,1.210700,1.210800
1276193040,1.210700,1.210900,1.210700,1.210700
1276193100,1.210600,1.210700,1.210600,1.210600
1276193160,1.210500,1.210600,1.210500,1.210600
1276193220,1.210500,1.210600,1.210400,1.210500
1276193280,1.210400,1.210500,1.210300,1.210300
1276193340,1.210400,1.210400,1.209800,1.209800
1276193400,1.209900,1.210300,1.209900,1.210200
1276193460,1.210300,1.210300,1.210000,1.210100
1276193520,1.210000,1.210300,1.209700,1.210000
1276193580,1.209900,1.209900,1.209600,1.209800
1276193640,1.209900,1.210200,1.209900,1.210000
1276193700,1.209900,1.210000,1.209800,1.209900
1276193760,1.210100,1.210700,1.210100,1.210700
1276193820,1.210600,1.210600,1.210100,1.210100
1276193880,1.210200,1.210400,1.210000,1.210400
1276193940,1.210300,1.210400,1.209900,1.210000
1276194000,1.209900,1.210300,1.209900,1.210100
1276194060,1.210000,1.210100,1.210000,1.210100
1276194120,1.210200,1.210700,1.210200,1.210500
1276194180,1.210400,1.210500,1.210300,1.210500
1276194240,1.210600,1.210600,1.210100,1.210300
1276194300,1.210400,1.210400,1.210300,1.210300
1276194360,1.210400,1.210700,1.210400,1.210600
1276194420,1.210500,1.210700,1.210500,1.210600
1276194480,1.210700,1.210800,1.210500,1.210600
1276194540,1.210700,1.210700,1.210500,1.210600
1276194600,1.210700,1.210800,1.210600,1.210700
1276194660,1.210800,1.211100,1.210800,1.211000
1276194720,1.211100,1.211300,1.211100,1.211300
1276194780,1.211200,1.211300,1.211200,1.211200
1276194840,1.211300,1.211300,1.211100,1.211300
1276194900,1.211200,1.211400,1.211200,1.211400
1276194960,1.211300,1.211400,1.211200,1.211400
1276195020,1.211300,1.211600,1.211300,1.211600
1276195080,1.211700,1.211700,1.211600,1.211700
1276195140,1.211600,1.211700,1.211400,1.211400
1276195200,1.211500,1.211600,1.211400,1.211400
1276195260,1.211500,1.211700,1.211500,1.211700
1276195320,1.211600,1.211700,1.211600,1.211600
1276195380,1.211700,1.211800,1.211600,1.211700
1276195440,1.211800,1.211800,1.211700,1.211800
1276195500,1.211700,1.211800,1.211500,1.211600
1276195560,1.211500,1.211600,1.211500,1.211500
1276195620,1.211600,1.211700,1.211500,1.211500
1276195680,1.211700,1.211700,1.211500,1.211600
1276195740,1.211500,1.211700,1.211500,1.211600
1276195800,1.211500,1.211600,1.211000,1.211100
1276195860,1.211000,1.211100,1.210900,1.210900
1276195920,1.210800,1.210900,1.210600,1.210700
1276195980,1.210600,1.210700,1.210400,1.210500
1276196040,1.210600,1.210900,1.210600,1.210800
1276196100,1.210700,1.210700,1.210300,1.210400
1276196160,1.210500,1.210500,1.210100,1.210300
1276196220,1.210200,1.210300,1.209900,1.210000
1276196280,1.209900,1.210000,1.209900,1.210000
1276196340,1.209900,1.209900,1.209400,1.209500
1276196400,1.209400,1.209800,1.209400,1.209700
1276196460,1.209600,1.209600,1.209200,1.209300
1276196520,1.209200,1.209400,1.209200,1.209400
1276196580,1.209300,1.209600,1.209200,1.209400
1276196640,1.209500,1.209500,1.209100,1.209200
1276196700,1.209100,1.209700,1.209100,1.209700
1276196760,1.209800,1.209800,1.209500,1.209700
1276196820,1.209600,1.209700,1.209500,1.209600
1276196880,1.209500,1.210300,1.209500,1.210300
1276196940,1.210200,1.210300,1.210100,1.210300
1276197000,1.210200,1.210300,1.209900,1.210300
1276197060,1.210200,1.210200,1.209500,1.209700
1276197120,1.209600,1.209600,1.209500,1.209600
1276197180,1.209500,1.209500,1.209300,1.209400
1276197240,1.209500,1.209500,1.209500,1.209500
1276197300,1.209400,1.209800,1.209400,1.209800
1276197360,1.209900,1.210000,1.209800,1.209800
1276197420,1.210000,1.210300,1.209900,1.210300
1276197480,1.210400,1.210400,1.210200,1.210300
1276197540,1.210400,1.210800,1.210400,1.210700
1276197600,1.210800,1.211000,1.210800,1.210900
1276197660,1.210800,1.210900,1.210700,1.210900
1276197720,1.210800,1.210900,1.210600,1.210900
1276197780,1.210800,1.211000,1.210600,1.210600
1276197840,1.210700,1.210700,1.210600,1.210700
1276197900,1.210600,1.210700,1.210500,1.210500
1276197960,1.210600,1.210700,1.210500,1.210700
1276198020,1.210600,1.210900,1.210600,1.210800
1276198080,1.210900,1.211000,1.210600,1.210700
1276198140,1.210600,1.210700,1.210600,1.210600
1276198200,1.210700,1.211400,1.210700,1.211200
1276198260,1.211300,1.211400,1.211200,1.211300
1276198320,1.211200,1.211300,1.211100,1.211200
1276198380,1.211100,1.211200,1.211000,1.211100
1276198440,1.211200,1.211300,1.211000,1.211300
1276198500,1.211200,1.211300,1.211100,1.211200
1276198560,1.211100,1.211400,1.211100,1.211400
1276198620,1.211300,1.211500,1.211300,1.211400
1276198680,1.211500,1.211500,1.210900,1.211000
1276198740,1.210900,1.211000,1.210900,1.211000
1276198800,1.210900,1.211100,1.210900,1.211000
1276198860,1.211100,1.211500,1.211100,1.211400
1276198920,1.211500,1.211600,1.211400,1.211500
1276198980,1.211600,1.211900,1.211600,1.211900
1276199040,1.211800,1.212600,1.211800,1.212500
1276199100,1.212400,1.212800,1.212300,1.212700
1276199160,1.212800,1.212900,1.212700,1.212800
1276199220,1.212700,1.213100,1.212700,1.212900
1276199280,1.212800,1.213200,1.212800,1.212900
1276199340,1.213000,1.213000,1.212800,1.212900
1276199400,1.212800,1.212800,1.212500,1.212600
1276199460,1.212700,1.212800,1.212500,1.212700
1276199520,1.212800,1.212800,1.212600,1.212700
1276199580,1.212800,1.213200,1.212700,1.213200
1276199640,1.213100,1.213200,1.213100,1.213200
1276199700,1.213300,1.213700,1.213300,1.213700
1276199760,1.213800,1.214100,1.213700,1.213800
1276199820,1.213700,1.213800,1.213500,1.213800
1276199880,1.213700,1.213800,1.213500,1.213700
1276199940,1.213600,1.214000,1.213600,1.214000
1276200000,1.213900,1.214000,1.213300,1.213600
1276200060,1.213700,1.213700,1.213600,1.213700
1276200120,1.213800,1.213800,1.213600,1.213600
1276200180,1.213700,1.213700,1.213500,1.213500
1276200240,1.213400,1.213500,1.213300,1.213300
1276200300,1.213200,1.213300,1.213100,1.213200
1276200360,1.213100,1.213100,1.212900,1.212900
1276200420,1.213100,1.213500,1.213000,1.213500
1276200480,1.213600,1.213600,1.213400,1.213500
1276200540,1.213600,1.213600,1.213300,1.213300
1276200600,1.213200,1.213200,1.212600,1.212800
1276200660,1.212700,1.212900,1.212700,1.212800
1276200720,1.212900,1.212900,1.212600,1.212800
1276200780,1.212700,1.212800,1.212200,1.212200
1276200840,1.212300,1.212400,1.212300,1.212400
1276200900,1.212300,1.212600,1.212300,1.212600
1276200960,1.212500,1.212600,1.212400,1.212500
1276201020,1.212400,1.212400,1.212200,1.212200
1276201080,1.212000,1.212100,1.211600,1.211700
1276201140,1.211600,1.211700,1.210900,1.211600
1276201200,1.211700,1.211700,1.211500,1.211600
1276201260,1.211700,1.211700,1.211600,1.211600
1276201320,1.211700,1.211700,1.211600,1.211600
1276201380,1.211500,1.211500,1.211100,1.211200
1276201440,1.211100,1.211200,1.210600,1.210800
1276201500,1.210700,1.211200,1.210600,1.211100
1276201560,1.211200,1.211300,1.211000,1.211100
1276201620,1.211200,1.211300,1.211100,1.211200
1276201680,1.211300,1.211300,1.211100,1.211200
1276201740,1.211300,1.211300,1.211200,1.211200
1276201800,1.211300,1.211400,1.211300,1.211300
1276201860,1.211400,1.211400,1.211100,1.211200
1276201920,1.211300,1.211400,1.211200,1.211400
1276201980,1.211500,1.211900,1.211500,1.211900
1276202040,1.212000,1.212400,1.212000,1.212400
1276202100,1.212500,1.212500,1.212200,1.212400
1276202160,1.212300,1.212400,1.212300,1.212300
1276202220,1.212400,1.212500,1.212400,1.212400
1276202280,1.212500,1.213200,1.212500,1.213100
1276202340,1.213000,1.213100,1.212800,1.212900
1276202400,1.212800,1.212800,1.212600,1.212600
1276202460,1.212500,1.212600,1.212500,1.212600
1276202520,1.212700,1.213100,1.212700,1.213000
1276202580,1.212900,1.212900,1.212900,1.212900
1276202640,1.212800,1.213000,1.212800,1.212900
1276202700,1.212800,1.213000,1.212700,1.212900
1276202760,1.212800,1.212900,1.212700,1.212800
1276202820,1.212900,1.212900,1.212600,1.212600
1276202880,1.212500,1.212600,1.212200,1.212200
1276202940,1.212300,1.212300,1.212200,1.212200
1276203000,1.212300,1.212300,1.212300,1.212300
1276203060,1.212400,1.212500,1.212200,1.212200
1276203120,1.212300,1.212600,1.212200,1.212600
1276203180,1.212700,1.212800,1.212500,1.212600
1276203240,1.212700,1.212800,1.212700,1.212700
1276203300,1.212600,1.212600,1.212500,1.212500
1276203360,1.212600,1.212600,1.212500,1.212600
1276203420,1.212700,1.212700,1.212700,1.212700
1276203480,1.212600,1.212600,1.212400,1.212400
1276203540,1.212500,1.212500,1.212100,1.212300
1276203600,1.212800,1.212800,1.212200,1.212500
1276203660,1.212300,1.212500,1.212300,1.212500
1276203720,1.212400,1.212400,1.212000,1.212000
1276203780,1.211900,1.211900,1.211700,1.211800
1276203840,1.211600,1.211900,1.211500,1.211900
1276203900,1.211800,1.212100,1.211700,1.211700
1276203960,1.211800,1.211800,1.211500,1.211800
1276204020,1.211700,1.211800,1.211700,1.211800
1276204080,1.211900,1.211900,1.211700,1.211700
1276204140,1.211800,1.211900,1.211600,1.211800
1276204200,1.211700,1.211800,1.211500,1.211500
1276204320,1.211400,1.211400,1.211000,1.211000
1276204380,1.210900,1.211100,1.210800,1.211100
1276204440,1.211000,1.211000,1.210800,1.210900
1276204500,1.210800,1.210900,1.210800,1.210900
1276204560,1.210800,1.210800,1.210600,1.210800
1276204620,1.210900,1.210900,1.210700,1.210800
1276204680,1.210600,1.210800,1.210600,1.210800
1276204740,1.210700,1.210900,1.210700,1.210900
1276204800,1.210800,1.210800,1.210700,1.210700
1276204860,1.210600,1.211300,1.210600,1.211200
1276204920,1.211100,1.211200,1.210800,1.211100
1276204980,1.211200,1.211200,1.211100,1.211100
1276205040,1.211200,1.211300,1.211200,1.211200
1276205100,1.211300,1.211300,1.211000,1.211200
1276205280,1.211300,1.211300,1.211200,1.211200
1276205340,1.211300,1.211300,1.211100,1.211100
1276205400,1.211000,1.211000,1.210900,1.210900
1276205460,1.210800,1.211000,1.210800,1.210800
1276205520,1.210900,1.210900,1.210900,1.210900
1276205580,1.211000,1.211000,1.211000,1.211000
1276205640,1.210900,1.211700,1.210900,1.211700
1276205700,1.211600,1.211700,1.211500,1.211700
1276205760,1.211600,1.211600,1.211400,1.211500
1276205880,1.211600,1.211600,1.211500,1.211500
1276205940,1.211400,1.211400,1.211400,1.211400
1276206000,1.211300,1.211300,1.211200,1.211200
1276206060,1.211100,1.211100,1.211100,1.211100
1276206120,1.211000,1.211200,1.211000,1.211200
1276206180,1.211100,1.211200,1.211100,1.211200
1276206240,1.211100,1.211200,1.211100,1.211200
1276206360,1.211100,1.211100,1.211100,1.211100
1276206480,1.211000,1.211100,1.211000,1.211100
1276206540,1.211000,1.211100,1.210600,1.210600
1276206660,1.210700,1.210900,1.210600,1.210900
1276206720,1.211000,1.211300,1.210900,1.211000
1276206780,1.210800,1.210800,1.210800,1.210800
1276206840,1.210900,1.211000,1.210900,1.210900
1276206900,1.211000,1.211000,1.211000,1.211000
1276206960,1.210900,1.210900,1.210800,1.210800
1276207020,1.210700,1.210800,1.210600,1.210600
1276207140,1.210700,1.210800,1.210700,1.210700
1276207200,1.210600,1.210700,1.210600,1.210600
1276207260,1.210500,1.210800,1.210500,1.210700
1276207320,1.210800,1.210900,1.210800,1.210900
1276207380,1.210800,1.210800,1.210800,1.210800
1276207440,1.210900,1.211000,1.210900,1.210900
1276207500,1.210800,1.210800,1.210800,1.210800
1276207560,1.210900,1.210900,1.210800,1.210900
1276207800,1.211000,1.211000,1.210900,1.211000
1276207860,1.210900,1.211000,1.210900,1.210900
1276207920,1.211000,1.211000,1.210900,1.211000
1276207980,1.210900,1.210900,1.210600,1.210700
1276208100,1.210800,1.210800,1.210600,1.210600
1276208160,1.210500,1.210500,1.210500,1.210500
1276208220,1.210400,1.210500,1.210000,1.210200
1276208280,1.210300,1.210800,1.210300,1.210700
1276208340,1.210600,1.210600,1.210600,1.210600
1276208400,1.210700,1.210700,1.210700,1.210700
1276208520,1.210600,1.210600,1.210600,1.210600
1276208580,1.210500,1.210500,1.210500,1.210500
1276208640,1.210400,1.210500,1.210300,1.210500
1276208700,1.210600,1.210600,1.210200,1.210400
1276208760,1.210500,1.210500,1.210100,1.210200
1276208820,1.210100,1.210300,1.210100,1.210200
1276208940,1.210100,1.210200,1.210100,1.210200
1276209000,1.210300,1.210400,1.210300,1.210400
1276209060,1.210300,1.210800,1.210300,1.210800
1276209120,1.210900,1.211100,1.210900,1.211000
1276209180,1.210900,1.211300,1.210900,1.211200
1276209240,1.211100,1.211200,1.210900,1.211000
1276209300,1.211100,1.211400,1.210900,1.210900
1276209360,1.211000,1.211000,1.210900,1.211000
1276209420,1.211200,1.211300,1.211100,1.211100
1276209540,1.211000,1.211000,1.210600,1.210700
1276209600,1.210600,1.210700,1.210600,1.210700
1276209720,1.210600,1.210600,1.210400,1.210600
1276209780,1.210500,1.210500,1.210400,1.210500
1276209840,1.210400,1.210400,1.210300,1.210300
1276209900,1.210200,1.210200,1.210200,1.210200
1276209960,1.210100,1.210200,1.210100,1.210100
1276210020,1.210200,1.210300,1.209900,1.210300
1276210080,1.210400,1.210400,1.210200,1.210300
1276210140,1.210400,1.210400,1.210300,1.210300
1276210200,1.210400,1.210600,1.210300,1.210300
1276210260,1.210400,1.210700,1.210400,1.210500
1276210320,1.210600,1.210600,1.210300,1.210400
1276210440,1.210500,1.210500,1.210500,1.210500
1276210500,1.210400,1.210600,1.210300,1.210400
1276210560,1.210500,1.210600,1.210500,1.210600
1276210620,1.210700,1.211000,1.210600,1.210900
1276210680,1.210700,1.210700,1.210200,1.210300
1276210740,1.210400,1.210400,1.210200,1.210300
1276210800,1.210400,1.210600,1.210300,1.210400
1276210860,1.210100,1.210200,1.210000,1.210100
1276210920,1.210200,1.210300,1.210100,1.210100
1276210980,1.210200,1.210200,1.210100,1.210200
1276211040,1.210300,1.210600,1.210300,1.210500
1276211100,1.210600,1.210600,1.210500,1.210500
1276211160,1.210600,1.210800,1.210600,1.210600
1276211220,1.210700,1.210700,1.210600,1.210700
1276211280,1.210600,1.210700,1.210600,1.210600
1276211340,1.210500,1.210600,1.210500,1.210600
1276211460,1.210700,1.210800,1.210700,1.210800
1276211520,1.210900,1.211000,1.210900,1.211000
1276211580,1.210900,1.211100,1.210900,1.211100
1276211640,1.211000,1.211100,1.210800,1.210800
1276211700,1.210700,1.210700,1.210700,1.210700
1276211760,1.210800,1.210800,1.210800,1.210800
1276211820,1.210700,1.210800,1.210700,1.210700
1276211880,1.210800,1.211100,1.210800,1.211000
1276211940,1.211100,1.211400,1.211100,1.211300
1276212000,1.211400,1.211400,1.211300,1.211300
1276212060,1.211400,1.211500,1.211400,1.211400
1276212120,1.211500,1.211500,1.211400,1.211400
1276212180,1.211500,1.211500,1.211400,1.211400
1276212240,1.211500,1.211700,1.211500,1.211700
1276212300,1.211800,1.212200,1.211800,1.212200
1276212360,1.212300,1.212300,1.212200,1.212200
1276212420,1.212100,1.212200,1.212000,1.212100
1276212480,1.212000,1.212000,1.212000,1.212000
1276212540,1.212200,1.212500,1.212100,1.212400
1276212600,1.212500,1.212500,1.212300,1.212300
1276212660,1.212200,1.212200,1.211900,1.212000
1276212720,1.211900,1.212000,1.211900,1.211900
1276212780,1.212000,1.212000,1.212000,1.212000
1276212840,1.212100,1.212400,1.212000,1.212100
1276212900,1.212200,1.212400,1.212000,1.212000
1276212960,1.211900,1.212100,1.211900,1.212000
1276213020,1.212100,1.212100,1.212000,1.212000
1276213080,1.211900,1.212000,1.211900,1.212000
1276213140,1.211900,1.212000,1.211900,1.211900
1276213200,1.212000,1.212000,1.211900,1.211900
1276213260,1.212000,1.212000,1.211600,1.211600
1276213320,1.211500,1.211500,1.211400,1.211500
1276213380,1.211400,1.211500,1.211300,1.211500
1276213440,1.211400,1.211500,1.211400,1.211500
1276213500,1.211400,1.211500,1.211400,1.211500
1276213560,1.211400,1.211500,1.211400,1.211500
1276213680,1.211600,1.212000,1.211500,1.212000
1276213740,1.212100,1.212100,1.212000,1.212000
1276213800,1.212100,1.212100,1.211900,1.211900
1276213860,1.211800,1.211800,1.211800,1.211800
1276213920,1.211900,1.212000,1.211900,1.211900
1276213980,1.212000,1.212000,1.211800,1.212000
1276214040,1.211900,1.212000,1.211900,1.212000
1276214100,1.211900,1.212000,1.211900,1.212000
1276214160,1.212100,1.212700,1.212100,1.212700
1276214220,1.212800,1.213300,1.212700,1.213200
1276214280,1.213100,1.213200,1.212900,1.213100
1276214340,1.213200,1.213200,1.213000,1.213000
1276214400,1.212900,1.213000,1.212800,1.212900
1276214460,1.212800,1.212800,1.212500,1.212500
1276214520,1.212400,1.212500,1.212300,1.212300
1276214580,1.212200,1.212500,1.212200,1.212500
1276214640,1.212600,1.212700,1.212600,1.212700
1276214700,1.212600,1.212900,1.212600,1.212800
1276214760,1.212700,1.213600,1.212700,1.213500
1276214820,1.213600,1.214100,1.213400,1.213500
1276214880,1.213600,1.213700,1.213300,1.213400
1276214940,1.213300,1.213500,1.213300,1.213500
1276215000,1.213400,1.213500,1.213400,1.213400
1276215060,1.213300,1.213700,1.213300,1.213700
1276215120,1.213600,1.214700,1.213600,1.214400
1276215180,1.214300,1.214300,1.213700,1.214100
1276215240,1.214000,1.214100,1.213800,1.214000
1276215300,1.213900,1.214000,1.213800,1.214000
1276215360,1.213900,1.214000,1.213700,1.213900
1276215420,1.213800,1.213800,1.213200,1.213400
1276215480,1.213300,1.213400,1.213300,1.213400
1276215540,1.213300,1.213400,1.212900,1.213300
1276215600,1.213200,1.213300,1.213100,1.213300
1276215660,1.213200,1.213300,1.213000,1.213000
1276215720,1.212900,1.213000,1.212400,1.212600
1276215780,1.212500,1.212600,1.212400,1.212600
1276215840,1.212700,1.212800,1.212400,1.212500
1276215900,1.212400,1.212800,1.212400,1.212600
1276215960,1.212700,1.213000,1.212700,1.212700
1276216020,1.212600,1.213000,1.212600,1.212800
1276216080,1.212900,1.213100,1.212900,1.213000
1276216140,1.212900,1.213000,1.212800,1.212900
1276216200,1.213000,1.213000,1.212800,1.212800
1276216260,1.212900,1.212900,1.212700,1.212900
1276216320,1.213000,1.213100,1.212900,1.213000
1276216380,1.212900,1.213100,1.212800,1.212900
1276216440,1.212800,1.213000,1.212800,1.213000
1276216500,1.212900,1.213100,1.212900,1.213000
1276216560,1.213100,1.213500,1.213100,1.213200
1276216620,1.213300,1.213300,1.213100,1.213100
1276216680,1.213200,1.213200,1.213200,1.213200
1276216740,1.213300,1.213400,1.213200,1.213300
1276216800,1.213200,1.213300,1.213000,1.213000
1276216860,1.213100,1.213100,1.212900,1.213000
1276216920,1.212900,1.212900,1.212400,1.212500
1276216980,1.212400,1.212400,1.212200,1.212200
1276217040,1.212300,1.212300,1.212100,1.212100
1276217100,1.212000,1.212000,1.211800,1.211900
1276217160,1.212000,1.212000,1.211100,1.211100
1276217220,1.211000,1.211200,1.210800,1.211200
1276217280,1.211300,1.211600,1.211200,1.211300
1276217340,1.211400,1.211400,1.211300,1.211300
1276217400,1.211200,1.211300,1.211100,1.211100
1276217460,1.211000,1.211200,1.211000,1.211100
1276217520,1.211200,1.211300,1.211100,1.211200
1276217580,1.211100,1.211400,1.211100,1.211200
1276217640,1.211300,1.211300,1.211100,1.211200
1276217700,1.211100,1.211400,1.211100,1.211300
1276217760,1.211400,1.211400,1.211200,1.211300
1276217820,1.211400,1.211500,1.211400,1.211500
1276217880,1.211600,1.211600,1.211400,1.211500
1276217940,1.211400,1.211600,1.211400,1.211600
1276218000,1.211700,1.211800,1.211600,1.211600
1276218060,1.211700,1.211700,1.211700,1.211700
1276218120,1.211800,1.211800,1.211700,1.211800
1276218180,1.211700,1.211900,1.211700,1.211900
1276218240,1.211800,1.211900,1.211500,1.211500
1276218300,1.211400,1.211400,1.211100,1.211200
1276218360,1.211300,1.211300,1.211200,1.211200
1276218420,1.211100,1.211100,1.210700,1.210700
1276218480,1.210800,1.210800,1.210500,1.210500
1276218540,1.210600,1.210700,1.210600,1.210700
1276218600,1.210600,1.210800,1.210600,1.210800
1276218660,1.210900,1.210900,1.210500,1.210600
1276218720,1.210500,1.210600,1.210100,1.210200
1276218780,1.210100,1.210300,1.210100,1.210200
1276218840,1.210300,1.210400,1.210200,1.210300
1276218900,1.210200,1.210400,1.210200,1.210400
1276218960,1.210300,1.210400,1.210200,1.210400
1276219020,1.210500,1.210500,1.210300,1.210300
1276219080,1.210200,1.210500,1.210200,1.210500
1276219140,1.210400,1.210600,1.210400,1.210400
1276219200,1.210300,1.210400,1.210200,1.210400
1276219260,1.210500,1.210800,1.210500,1.210600
1276219320,1.210700,1.211000,1.210700,1.210900
1276219380,1.210800,1.210900,1.210600,1.210700
1276219440,1.210800,1.211000,1.210800,1.210900
1276219500,1.210800,1.210800,1.210700,1.210800
1276219560,1.210700,1.210800,1.210600,1.210700
1276219620,1.210800,1.210900,1.210800,1.210800
1276219680,1.210900,1.211000,1.210900,1.210900
1276219740,1.211000,1.211000,1.210900,1.211000
1276219860,1.211100,1.211100,1.211100,1.211100
1276219920,1.211000,1.211100,1.210700,1.210700
1276219980,1.210800,1.210800,1.210600,1.210700
1276220040,1.210600,1.210600,1.210400,1.210500
1276220100,1.210400,1.210400,1.210300,1.210300
1276220160,1.210400,1.210400,1.210400,1.210400
1276220220,1.210500,1.210600,1.210500,1.210600
1276220280,1.210700,1.210900,1.210700,1.210800
1276220340,1.210700,1.210800,1.210700,1.210800
1276220400,1.210900,1.211000,1.210900,1.211000
1276220460,1.211100,1.211200,1.211000,1.211100
1276220520,1.211200,1.211200,1.211100,1.211100
1276220580,1.211200,1.211200,1.211000,1.211000
1276220640,1.210900,1.211000,1.210600,1.210700
1276220700,1.210600,1.210600,1.210300,1.210500
1276220760,1.210400,1.210500,1.210300,1.210300
1276220880,1.210400,1.210400,1.210000,1.210100
1276220940,1.210000,1.210100,1.210000,1.210000
1276221000,1.210100,1.210300,1.210000,1.210200
1276221060,1.210300,1.210400,1.210300,1.210400
1276221120,1.210500,1.210500,1.210300,1.210300
1276221180,1.210200,1.210300,1.210000,1.210300
1276221240,1.210400,1.210400,1.210300,1.210400
1276221300,1.210300,1.210400,1.210300,1.210400
1276221360,1.210500,1.210700,1.210500,1.210700
1276221420,1.210600,1.210600,1.210300,1.210400
1276221480,1.210300,1.210400,1.210300,1.210400
1276221540,1.210300,1.210400,1.210100,1.210300
1276221600,1.210400,1.210700,1.210400,1.210700
1276221660,1.210600,1.210600,1.210200,1.210400
1276221720,1.210500,1.210500,1.210200,1.210400
1276221780,1.210300,1.210300,1.210200,1.210200
1276221840,1.210100,1.210200,1.210100,1.210100
1276221900,1.210000,1.210200,1.210000,1.210100
1276221960,1.210000,1.210100,1.209600,1.209800
1276222020,1.209700,1.209800,1.209600,1.209800
1276222080,1.209700,1.210200,1.209700,1.210100
1276222140,1.210000,1.210200,1.210000,1.210100
1276222200,1.210000,1.210300,1.210000,1.210200
1276222260,1.210100,1.210200,1.209900,1.209900
1276222320,1.209800,1.209900,1.209800,1.209900
1276222380,1.209800,1.209900,1.209800,1.209900
1276222440,1.210000,1.210200,1.210000,1.210100
1276222500,1.210200,1.210400,1.210200,1.210300
1276222560,1.210400,1.210400,1.210200,1.210200
1276222620,1.210300,1.210300,1.210200,1.210200
1276222740,1.210300,1.210400,1.210200,1.210200
1276222800,1.210300,1.210300,1.210000,1.210100
1276222860,1.210000,1.210100,1.210000,1.210100
1276222920,1.210000,1.210000,1.209900,1.209900
1276222980,1.209800,1.209800,1.209400,1.209500
1276223040,1.209600,1.209700,1.209500,1.209600
1276223100,1.209700,1.209800,1.209600,1.209700
1276223160,1.209600,1.209700,1.209300,1.209300
1276223220,1.209200,1.209300,1.209200,1.209200
1276223280,1.209300,1.209400,1.209200,1.209300
1276223340,1.209400,1.209400,1.209300,1.209300
1276223400,1.209200,1.209400,1.209200,1.209400
1276223460,1.209200,1.209400,1.209200,1.209400
1276223520,1.209300,1.209400,1.209200,1.209300
1276223580,1.209200,1.209500,1.209200,1.209500
1276223640,1.209600,1.209600,1.209400,1.209400
1276223700,1.209500,1.209800,1.209500,1.209600
1276223760,1.209700,1.209700,1.209700,1.209700
1276223820,1.209600,1.209700,1.209600,1.209700
1276223880,1.209600,1.210000,1.209600,1.210000
1276223940,1.209900,1.209900,1.209700,1.209900
1276224000,1.210000,1.210000,1.210000,1.210000
1276224060,1.209900,1.209900,1.209600,1.209700
1276224120,1.209600,1.209700,1.209500,1.209500
1276224180,1.209600,1.209700,1.209500,1.209500
1276224240,1.209600,1.209600,1.209500,1.209600
1276224300,1.209500,1.209500,1.209400,1.209500
1276224360,1.209600,1.209700,1.209600,1.209700
1276224420,1.209800,1.210000,1.209600,1.209600
1276224480,1.209700,1.209800,1.209700,1.209800
1276224540,1.209700,1.209800,1.209700,1.209800
1276224600,1.209900,1.209900,1.209900,1.209900
1276224660,1.209800,1.209900,1.209800,1.209900
1276224720,1.209800,1.210200,1.209800,1.210000
1276224780,1.210100,1.210300,1.210100,1.210200
1276224840,1.210100,1.210300,1.210000,1.210300
1276224900,1.210200,1.210200,1.210100,1.210200
1276224960,1.210100,1.210200,1.210000,1.210200
1276225020,1.210100,1.210200,1.210000,1.210100
1276225080,1.210200,1.210200,1.209900,1.210000
1276225140,1.209900,1.210000,1.209900,1.210000
1276225200,1.210100,1.210300,1.210100,1.210300
1276225260,1.210400,1.210700,1.210400,1.210500
1276225320,1.210600,1.210600,1.210300,1.210300
1276225380,1.210400,1.210500,1.210400,1.210500
1276225440,1.210600,1.210600,1.210300,1.210300
1276225500,1.210400,1.210400,1.210200,1.210200
1276225560,1.210100,1.210200,1.210000,1.210100
1276225620,1.210200,1.210300,1.210200,1.210300
1276225680,1.210200,1.210400,1.210200,1.210300
1276225740,1.210200,1.211300,1.210200,1.211200
1276225800,1.211300,1.211300,1.210700,1.210800
1276225860,1.210900,1.211200,1.210800,1.211100
1276225920,1.211000,1.211000,1.210800,1.210900
1276225980,1.210800,1.210800,1.210600,1.210700
1276226040,1.210600,1.210800,1.210600,1.210700
1276226100,1.210800,1.211200,1.210700,1.211200
1276226160,1.211100,1.211100,1.210300,1.210300
1276226220,1.210400,1.210400,1.210300,1.210300
1276226280,1.210400,1.210400,1.210400,1.210400
1276226340,1.210300,1.210300,1.210300,1.210300
1276226460,1.210400,1.210400,1.210200,1.210300
1276226520,1.210400,1.210400,1.210300,1.210400
1276226580,1.210300,1.210300,1.210100,1.210300
1276226640,1.210200,1.210300,1.210200,1.210200
1276226700,1.210100,1.210100,1.210100,1.210100
1276226760,1.210000,1.210000,1.209800,1.209800
1276226820,1.209900,1.209900,1.209700,1.209700
1276226880,1.209600,1.209700,1.209600,1.209700
1276226940,1.209600,1.209800,1.209600,1.209800
1276227000,1.209700,1.209800,1.209700,1.209700
1276227060,1.209800,1.210000,1.209700,1.209900
1276227120,1.210000,1.210000,1.209900,1.209900
1276227240,1.210000,1.210000,1.209900,1.210000
1276227300,1.210100,1.210100,1.210100,1.210100
1276227360,1.210000,1.210700,1.210000,1.210600
1276227420,1.210500,1.210500,1.210400,1.210500
1276227480,1.210600,1.210600,1.210600,1.210600
1276227540,1.210500,1.210600,1.210500,1.210500
1276227600,1.210400,1.210500,1.210400,1.210400
1276227660,1.210300,1.210400,1.210300,1.210400
1276227720,1.210500,1.210500,1.210400,1.210500
1276227780,1.210400,1.210400,1.210400,1.210400
1276227840,1.210300,1.210300,1.210300,1.210300
1276227900,1.210400,1.210400,1.210300,1.210400
1276227960,1.210300,1.210400,1.210300,1.210300
1276228020,1.210400,1.210400,1.210000,1.210100
1276228080,1.210200,1.210200,1.209800,1.209800
1276228140,1.209900,1.209900,1.209900,1.209900
1276228260,1.210000,1.210100,1.210000,1.210100
1276228320,1.210000,1.210100,1.210000,1.210100
1276228380,1.210000,1.210000,1.209700,1.210000
1276228440,1.210100,1.210100,1.210000,1.210000
1276228500,1.210100,1.210100,1.210000,1.210000
1276228560,1.210100,1.210100,1.210000,1.210000
1276228620,1.209900,1.210100,1.209900,1.210100
1276228680,1.210000,1.210300,1.210000,1.210300
1276228740,1.210200,1.210200,1.209900,1.210000
