time,open,high,low,close
1521000000,1.398390,1.398420,1.398320,1.398370
1521000060,1.398340,1.398360,1.398340,1.398360
1521000120,1.398380,1.398400,1.398350,1.398400
1521000180,1.398400,1.398400,1.398340,1.398390
1521000240,1.398390,1.398390,1.398340,1.398350
1521000300,1.398340,1.398390,1.398310,1.398390
1521000360,1.398390,1.398410,1.398310,1.398390
1521000420,1.398390,1.398390,1.398340,1.398340
1521000480,1.398350,1.398370,1.398350,1.398360
1521000540,1.398350,1.398380,1.398200,1.398200
1521000600,1.398190,1.398200,1.398160,1.398170
1521000660,1.398160,1.398160,1.398070,1.398070
1521000720,1.398060,1.398060,1.398040,1.398060
1521000780,1.398070,1.398210,1.398070,1.398170
1521000840,1.398180,1.398270,1.398180,1.398270
1521000900,1.398300,1.398380,1.398300,1.398380
1521000960,1.398360,1.398360,1.398350,1.398360
1521001020,1.398360,1.398370,1.398350,1.398370
1521001080,1.398380,1.398380,1.398290,1.398290
1521001140,1.398250,1.398270,1.398230,1.398270
1521001200,1.398280,1.398380,1.398280,1.398370
1521001260,1.398390,1.398390,1.398390,1.398390
1521001320,1.398340,1.398400,1.398340,1.398400
1521001380,1.398420,1.398520,1.398420,1.398480
1521001440,1.398480,1.398480,1.398360,1.398380
1521001500,1.398380,1.398400,1.398360,1.398360
1521001560,1.398370,1.398380,1.398370,1.398370
1521001620,1.398390,1.398480,1.398390,1.398420
1521001680,1.398420,1.398420,1.398340,1.398360
1521001740,1.398360,1.398370,1.398340,1.398360
1521001800,1.398370,1.398610,1.398360,1.398610
1521001860,1.398610,1.398610,1.398500,1.398580
1521001920,1.398580,1.398580,1.398500,1.398520
1521001980,1.398500,1.398580,1.398490,1.398490
1521002040,1.398490,1.398570,1.398490,1.398570
1521002100,1.398580,1.398580,1.398510,1.398510
1521002160,1.398510,1.398600,1.398490,1.398600
1521002220,1.398600,1.398600,1.398600,1.398600
1521002280,1.398600,1.398600,1.398540,1.398550
1521002340,1.398560,1.398700,1.398560,1.398700
1521002400,1.398700,1.398800,1.398650,1.398800
1521002460,1.398800,1.398800,1.398760,1.398800
1521002520,1.398800,1.398820,1.398800,1.398820
1521002580,1.398820,1.398900,1.398740,1.398880
1521002640,1.398880,1.398950,1.398820,1.398870
1521002700,1.398870,1.398870,1.398850,1.398860
1521002760,1.398860,1.398860,1.398780,1.398780
1521002820,1.398780,1.398880,1.398780,1.398880
1521002880,1.398880,1.398930,1.398690,1.398690
1521002940,1.398690,1.398690,1.398630,1.398630
1521003000,1.398630,1.398660,1.398630,1.398650
1521003060,1.398650,1.398860,1.398650,1.398760
1521003120,1.398760,1.398880,1.398760,1.398880
1521003180,1.398880,1.398880,1.398750,1.398750
1521003240,1.398750,1.398750,1.398730,1.398730
1521003300,1.398730,1.398740,1.398730,1.398740
1521003360,1.398730,1.398770,1.398730,1.398740
1521003420,1.398730,1.398770,1.398660,1.398760
1521003480,1.398760,1.398760,1.398690,1.398740
1521003540,1.398750,1.398770,1.398750,1.398770
1521003600,1.398770,1.398900,1.398770,1.398900
1521003660,1.398900,1.398900,1.398860,1.398860
1521003720,1.398870,1.398870,1.398820,1.398860
1521003780,1.398880,1.398880,1.398800,1.398800
1521003840,1.398810,1.399030,1.398780,1.399000
1521003900,1.399000,1.399020,1.398950,1.398990
1521003960,1.398970,1.398970,1.398910,1.398920
1521004020,1.398920,1.398920,1.398890,1.398890
1521004080,1.398890,1.398960,1.398830,1.398960
1521004140,1.398940,1.398960,1.398920,1.398930
1521004200,1.398910,1.398910,1.398770,1.398770
1521004260,1.398750,1.398750,1.398740,1.398750
1521004320,1.398760,1.398780,1.398720,1.398780
1521004380,1.398790,1.398990,1.398770,1.398990
1521004440,1.398990,1.398990,1.398980,1.398980
1521004500,1.398980,1.398980,1.398870,1.398890
1521004560,1.398890,1.398890,1.398860,1.398860
1521004620,1.398870,1.398870,1.398850,1.398870
1521004680,1.398910,1.398950,1.398880,1.398890
1521004740,1.398900,1.399000,1.398900,1.399000
1521004800,1.399010,1.399010,1.398900,1.398970
1521004860,1.398960,1.398990,1.398950,1.398950
1521004920,1.398960,1.399000,1.398950,1.398990
1521004980,1.399000,1.399000,1.398960,1.398960
1521005040,1.398960,1.398980,1.398960,1.398980
1521005100,1.398990,1.399000,1.398980,1.399000
1521005160,1.398990,1.398990,1.398980,1.398980
1521005220,1.398950,1.398980,1.398930,1.398950
1521005280,1.398940,1.398940,1.398940,1.398940
1521005340,1.398940,1.398970,1.398940,1.398960
1521005400,1.398970,1.399160,1.398960,1.399130
1521005460,1.399140,1.399260,1.399140,1.399220
1521005520,1.399180,1.399240,1.399160,1.399160
1521005580,1.399140,1.399140,1.399100,1.399100
1521005640,1.399030,1.399050,1.399030,1.399040
1521005700,1.399100,1.399100,1.399070,1.399070
1521005760,1.399070,1.399070,1.398990,1.399040
1521005820,1.399060,1.399060,1.398960,1.398970
1521005880,1.399020,1.399130,1.399020,1.399120
1521005940,1.399080,1.399080,1.398970,1.399030
1521006000,1.399030,1.399070,1.398830,1.398830
1521006060,1.398830,1.398830,1.398620,1.398630
1521006120,1.398580,1.398580,1.398500,1.398540
1521006180,1.398510,1.398530,1.398450,1.398450
1521006240,1.398450,1.398560,1.398440,1.398560
1521006300,1.398570,1.398580,1.398570,1.398580
1521006360,1.398580,1.398580,1.398560,1.398570
1521006420,1.398630,1.398660,1.398480,1.398550
1521006480,1.398540,1.398540,1.398330,1.398330
1521006540,1.398320,1.398340,1.398040,1.398110
1521006600,1.398120,1.398140,1.397840,1.397850
1521006660,1.397850,1.397860,1.397650,1.397690
1521006720,1.397690,1.397820,1.397510,1.397800
1521006780,1.397810,1.397830,1.397630,1.397680
1521006840,1.397670,1.397670,1.397460,1.397460
1521006900,1.397460,1.397570,1.397430,1.397510
1521006960,1.397520,1.397520,1.397310,1.397330
1521007020,1.397320,1.397440,1.397310,1.397420
1521007080,1.397430,1.397520,1.397410,1.397480
1521007140,1.397460,1.397590,1.397460,1.397550
1521007200,1.397560,1.397620,1.397430,1.397450
1521007260,1.397430,1.397470,1.397370,1.397410
1521007320,1.397400,1.397470,1.397250,1.397350
1521007380,1.397360,1.397460,1.397290,1.397460
1521007440,1.397450,1.397490,1.397120,1.397380
1521007500,1.397400,1.397470,1.397310,1.397390
1521007560,1.397400,1.397570,1.397390,1.397570
1521007620,1.397560,1.397860,1.397550,1.397760
1521007680,1.397780,1.397870,1.397760,1.397870
1521007740,1.397850,1.397870,1.397750,1.397760
1521007800,1.397750,1.397780,1.397750,1.397770
1521007860,1.397780,1.397860,1.397780,1.397800
1521007920,1.397820,1.397830,1.397580,1.397600
1521007980,1.397580,1.397680,1.397560,1.397680
1521008040,1.397700,1.397760,1.397650,1.397660
1521008100,1.397680,1.397740,1.397670,1.397670
1521008160,1.397660,1.397660,1.397510,1.397570
1521008220,1.397550,1.397560,1.397420,1.397460
1521008280,1.397510,1.397550,1.397320,1.397520
1521008340,1.397520,1.397540,1.397480,1.397540
1521008400,1.397550,1.397550,1.397300,1.397300
1521008460,1.397310,1.397310,1.397250,1.397270
1521008520,1.397290,1.397300,1.397250,1.397260
1521008580,1.397270,1.397350,1.397180,1.397330
1521008640,1.397320,1.397470,1.397310,1.397460
1521008700,1.397480,1.397500,1.397480,1.397500
1521008760,1.397520,1.397520,1.397380,1.397460
1521008820,1.397450,1.397460,1.397330,1.397350
1521008880,1.397330,1.397330,1.397180,1.397270
1521008940,1.397250,1.397250,1.397050,1.397050
1521009000,1.397060,1.397190,1.397060,1.397120
1521009060,1.397110,1.397180,1.397110,1.397160
1521009120,1.397150,1.397170,1.397100,1.397130
1521009180,1.397140,1.397190,1.397140,1.397180
1521009240,1.397200,1.397280,1.397180,1.397270
1521009300,1.397280,1.397280,1.397180,1.397200
1521009360,1.397230,1.397260,1.397170,1.397170
1521009420,1.397160,1.397160,1.397070,1.397100
1521009480,1.397100,1.397160,1.397090,1.397160
1521009540,1.397140,1.397140,1.397080,1.397090
1521009600,1.397100,1.397100,1.397060,1.397070
1521009660,1.397080,1.397100,1.396900,1.396900
1521009720,1.396900,1.396910,1.396840,1.396840
1521009780,1.396850,1.396940,1.396840,1.396870
1521009840,1.396870,1.396950,1.396870,1.396950
1521009900,1.396970,1.397080,1.396950,1.396950
1521009960,1.396960,1.396980,1.396900,1.396900
1521010020,1.396890,1.396950,1.396860,1.396880
1521010080,1.396900,1.397070,1.396870,1.397020
1521010140,1.397010,1.397160,1.397010,1.397040
1521010200,1.397050,1.397070,1.396990,1.397040
1521010260,1.397060,1.397180,1.397060,1.397180
1521010320,1.397170,1.397180,1.397150,1.397160
1521010380,1.397170,1.397250,1.397130,1.397190
1521010440,1.397260,1.397330,1.397170,1.397290
1521010500,1.397290,1.397290,1.397190,1.397230
1521010560,1.397210,1.397310,1.397210,1.397310
1521010620,1.397290,1.397310,1.397290,1.397310
1521010680,1.397310,1.397310,1.397280,1.397280
1521010740,1.397290,1.397320,1.397290,1.397300
1521010800,1.397280,1.397380,1.397180,1.397360
1521010860,1.397360,1.397360,1.397180,1.397210
1521010920,1.397200,1.397200,1.397070,1.397080
1521010980,1.397070,1.397140,1.397070,1.397080
1521011040,1.397070,1.397080,1.396970,1.396970
1521011100,1.397020,1.397050,1.396780,1.396820
1521011160,1.396810,1.396830,1.396740,1.396760
1521011220,1.396810,1.396960,1.396780,1.396950
1521011280,1.396940,1.397000,1.396930,1.396940
1521011340,1.396950,1.397010,1.396920,1.396950
1521011400,1.397000,1.397000,1.396800,1.396800
1521011460,1.396790,1.396790,1.396380,1.396480
1521011520,1.396470,1.396470,1.396250,1.396260
1521011580,1.396260,1.396330,1.396170,1.396260
1521011640,1.396240,1.396430,1.396170,1.396400
1521011700,1.396380,1.396630,1.396320,1.396500
1521011760,1.396520,1.396520,1.396470,1.396470
1521011820,1.396480,1.396500,1.396470,1.396500
1521011880,1.396490,1.396980,1.396490,1.396880
1521011940,1.396890,1.396890,1.396520,1.396590
1521012000,1.396570,1.396640,1.396480,1.396520
1521012060,1.396540,1.396570,1.396250,1.396340
1521012120,1.396320,1.396620,1.396320,1.396550
1521012180,1.396570,1.396700,1.396560,1.396560
1521012240,1.396580,1.396730,1.396480,1.396480
1521012300,1.396490,1.396490,1.396180,1.396180
1521012360,1.396220,1.396550,1.396160,1.396530
1521012420,1.396510,1.396600,1.396470,1.396600
1521012480,1.396600,1.396960,1.396600,1.396960
1521012540,1.396940,1.397050,1.396820,1.396940
1521012600,1.396910,1.396910,1.396450,1.396470
1521012660,1.396530,1.396550,1.396150,1.396200
1521012720,1.396220,1.396350,1.396210,1.396270
1521012780,1.396290,1.396350,1.396200,1.396260
1521012840,1.396270,1.396370,1.396270,1.396360
1521012900,1.396360,1.396370,1.396210,1.396320
1521012960,1.396310,1.396340,1.396200,1.396240
1521013020,1.396240,1.396240,1.396000,1.396030
1521013080,1.396030,1.396250,1.396030,1.396180
1521013140,1.396180,1.396360,1.396180,1.396340
1521013200,1.396320,1.396340,1.396080,1.396100
1521013260,1.396090,1.396090,1.395630,1.395650
1521013320,1.395640,1.395940,1.395590,1.395620
1521013380,1.395630,1.395810,1.395610,1.395660
1521013440,1.395650,1.395710,1.395550,1.395580
1521013500,1.395600,1.395760,1.395600,1.395760
1521013560,1.395750,1.395760,1.395600,1.395600
1521013620,1.395620,1.395620,1.395400,1.395520
1521013680,1.395540,1.395600,1.395480,1.395530
1521013740,1.395540,1.395620,1.395530,1.395610
1521013800,1.395650,1.395750,1.395560,1.395740
1521013860,1.395750,1.395750,1.395690,1.395720
1521013920,1.395720,1.395800,1.395710,1.395710
1521013980,1.395710,1.395710,1.395500,1.395700
1521014040,1.395700,1.395790,1.395690,1.395790
1521014100,1.395790,1.395870,1.395760,1.395770
1521014160,1.395770,1.395770,1.395700,1.395760
1521014220,1.395750,1.395770,1.395660,1.395760
1521014280,1.395780,1.395820,1.395640,1.395650
1521014340,1.395650,1.396100,1.395650,1.395980
1521014400,1.395970,1.396150,1.395810,1.396120
1521014460,1.396120,1.396580,1.395790,1.396580
1521014520,1.396560,1.396590,1.396180,1.396310
1521014580,1.396330,1.396670,1.396320,1.396530
1521014640,1.396540,1.396540,1.396400,1.396490
1521014700,1.396470,1.396530,1.396370,1.396460
1521014760,1.396430,1.396440,1.396180,1.396290
1521014820,1.396270,1.396270,1.395490,1.395490
1521014880,1.395490,1.395600,1.395270,1.395290
1521014940,1.395270,1.395590,1.394960,1.395000
1521015000,1.395010,1.395210,1.395000,1.395090
1521015060,1.395080,1.395190,1.395020,1.395190
1521015120,1.395180,1.395310,1.394970,1.395010
1521015180,1.395030,1.395270,1.394980,1.395210
1521015240,1.395200,1.395260,1.394990,1.395170
1521015300,1.395150,1.395200,1.394480,1.394550
1521015360,1.394540,1.394660,1.394490,1.394630
1521015420,1.394640,1.394640,1.394200,1.394290
1521015480,1.394300,1.394330,1.394140,1.394220
1521015540,1.394200,1.394410,1.394160,1.394410
1521015600,1.394420,1.394420,1.394160,1.394400
1521015660,1.394410,1.394470,1.394290,1.394380
1521015720,1.394400,1.394810,1.394390,1.394800
1521015780,1.394810,1.394820,1.394600,1.394790
1521015840,1.394800,1.395180,1.394630,1.395180
1521015900,1.395170,1.395170,1.394570,1.394570
1521015960,1.394580,1.394660,1.394510,1.394650
1521016020,1.394630,1.394760,1.394520,1.394660
1521016080,1.394650,1.394670,1.394500,1.394630
1521016140,1.394610,1.394730,1.394600,1.394680
1521016200,1.394660,1.394770,1.394630,1.394680
1521016260,1.394670,1.394670,1.394480,1.394480
1521016320,1.394450,1.394600,1.394410,1.394550
1521016380,1.394550,1.394560,1.394100,1.394100
1521016440,1.394120,1.394500,1.394120,1.394490
1521016500,1.394480,1.394790,1.394480,1.394780
1521016560,1.394780,1.394830,1.394580,1.394580
1521016620,1.394580,1.394870,1.394570,1.394810
1521016680,1.394830,1.395370,1.394830,1.395360
1521016740,1.395350,1.395390,1.394920,1.394960
1521016800,1.394970,1.395090,1.394810,1.394890
1521016860,1.394890,1.395120,1.394890,1.395120
1521016920,1.395120,1.395580,1.395120,1.395580
1521016980,1.395570,1.395640,1.395390,1.395570
1521017040,1.395580,1.395620,1.395510,1.395590
1521017100,1.395590,1.395590,1.395150,1.395270
1521017160,1.395250,1.395360,1.395220,1.395290
1521017220,1.395290,1.395290,1.395090,1.395170
1521017280,1.395170,1.395180,1.395000,1.395000
1521017340,1.395000,1.395000,1.394890,1.394890
1521017400,1.394880,1.394880,1.394510,1.394540
1521017460,1.394550,1.394680,1.394220,1.394230
1521017520,1.394220,1.394460,1.394220,1.394450
1521017580,1.394450,1.394450,1.394130,1.394160
1521017640,1.394160,1.394630,1.394060,1.394630
1521017700,1.394630,1.394800,1.394580,1.394680
1521017760,1.394660,1.395040,1.394570,1.394990
1521017820,1.395040,1.395600,1.394930,1.395480
1521017880,1.395490,1.395530,1.395390,1.395440
1521017940,1.395460,1.395540,1.395350,1.395390
1521018000,1.395400,1.395640,1.395400,1.395590
1521018060,1.395580,1.395600,1.395310,1.395600
1521018120,1.395590,1.395890,1.395550,1.395860
1521018180,1.395860,1.395860,1.395370,1.395370
1521018240,1.395350,1.395400,1.395230,1.395230
1521018300,1.395220,1.395290,1.395160,1.395270
1521018360,1.395280,1.395460,1.395200,1.395400
1521018420,1.395410,1.395560,1.395400,1.395540
1521018480,1.395570,1.395790,1.395570,1.395730
1521018540,1.395730,1.395780,1.395680,1.395780
1521018600,1.395760,1.395860,1.395650,1.395760
1521018660,1.395750,1.395750,1.395620,1.395670
1521018720,1.395680,1.395850,1.395660,1.395660
1521018780,1.395640,1.395720,1.395640,1.395690
1521018840,1.395690,1.395800,1.395690,1.395770
1521018900,1.395760,1.395800,1.395690,1.395800
1521018960,1.395780,1.395930,1.395770,1.395880
1521019020,1.395890,1.396020,1.395890,1.395890
1521019080,1.395890,1.395890,1.395760,1.395820
1521019140,1.395810,1.396100,1.395780,1.396100
1521019200,1.396080,1.396180,1.396070,1.396090
1521019260,1.396090,1.396200,1.396090,1.396110
1521019320,1.396120,1.396190,1.396090,1.396090
1521019380,1.396090,1.396280,1.396090,1.396110
1521019440,1.396100,1.396190,1.396090,1.396090
1521019500,1.396090,1.396400,1.396090,1.396200
1521019560,1.396190,1.396340,1.396010,1.396100
1521019620,1.396120,1.396390,1.396120,1.396230
1521019680,1.396200,1.396210,1.395770,1.395770
1521019740,1.395760,1.396000,1.395760,1.395980
1521019800,1.395950,1.396000,1.395900,1.395980
1521019860,1.396000,1.396320,1.395990,1.396060
1521019920,1.396070,1.396070,1.395850,1.395850
1521019980,1.395830,1.395830,1.395670,1.395680
1521020040,1.395670,1.395810,1.395570,1.395800
1521020100,1.395790,1.395790,1.395660,1.395690
1521020160,1.395680,1.395680,1.395360,1.395390
1521020220,1.395400,1.395470,1.395260,1.395320
1521020280,1.395340,1.395410,1.395240,1.395260
1521020340,1.395260,1.395260,1.395000,1.395160
1521020400,1.395180,1.395250,1.395070,1.395210
1521020460,1.395200,1.395200,1.394980,1.395000
1521020520,1.395000,1.395010,1.394760,1.394760
1521020580,1.394780,1.394850,1.394730,1.394850
1521020640,1.394850,1.394910,1.394830,1.394840
1521020700,1.394770,1.394870,1.394740,1.394860
1521020760,1.394830,1.395140,1.394760,1.395100
1521020820,1.395090,1.395150,1.394750,1.394790
1521020880,1.394750,1.394780,1.394370,1.394640
1521020940,1.394650,1.394890,1.394510,1.394880
1521021000,1.394880,1.394890,1.394500,1.394670
1521021060,1.394670,1.394820,1.394570,1.394790
1521021120,1.394780,1.394780,1.394620,1.394690
1521021180,1.394690,1.394800,1.394620,1.394790
1521021240,1.394770,1.395020,1.394670,1.395020
1521021300,1.395020,1.395270,1.395010,1.395110
1521021360,1.395110,1.395120,1.394990,1.395120
1521021420,1.395120,1.395200,1.394970,1.395010
1521021480,1.395010,1.395060,1.394990,1.394990
1521021540,1.394980,1.395070,1.394910,1.395010
1521021600,1.395000,1.395000,1.394750,1.394890
1521021660,1.394880,1.394880,1.394800,1.394850
1521021720,1.394830,1.394960,1.394830,1.394960
1521021780,1.394950,1.395300,1.394940,1.395300
1521021840,1.395350,1.395500,1.395300,1.395500
1521021900,1.395510,1.395570,1.395260,1.395350
1521021960,1.395360,1.395360,1.395160,1.395160
1521022020,1.395180,1.395360,1.395180,1.395360
1521022080,1.395370,1.395490,1.395370,1.395490
1521022140,1.395480,1.395780,1.395480,1.395540
1521022200,1.395540,1.395640,1.395270,1.395370
1521022260,1.395380,1.395470,1.395320,1.395430
1521022320,1.395430,1.395600,1.395380,1.395600
1521022380,1.395620,1.395670,1.395520,1.395610
1521022440,1.395620,1.395730,1.395590,1.395660
1521022500,1.395670,1.395700,1.395610,1.395660
1521022560,1.395660,1.395730,1.395590,1.395730
1521022620,1.395740,1.395780,1.395620,1.395620
1521022680,1.395620,1.395620,1.395480,1.395510
1521022740,1.395520,1.395690,1.395500,1.395590
1521022800,1.395590,1.395650,1.395590,1.395620
1521022860,1.395610,1.395610,1.395480,1.395490
1521022920,1.395500,1.395530,1.395400,1.395400
1521022980,1.395400,1.395420,1.395260,1.395400
1521023040,1.395390,1.395490,1.395280,1.395490
1521023100,1.395470,1.395470,1.395400,1.395460
1521023160,1.395460,1.395460,1.395380,1.395410
1521023220,1.395410,1.395440,1.395410,1.395410
1521023280,1.395410,1.395410,1.395300,1.395320
1521023340,1.395320,1.395400,1.395290,1.395380
1521023400,1.395390,1.395390,1.395310,1.395320
1521023460,1.395310,1.395310,1.395270,1.395270
1521023520,1.395280,1.395340,1.395270,1.395280
1521023580,1.395300,1.395330,1.395000,1.395090
1521023640,1.395080,1.395150,1.395000,1.395080
1521023700,1.395080,1.395100,1.394910,1.395090
1521023760,1.395100,1.395250,1.395070,1.395200
1521023820,1.395180,1.396160,1.395180,1.395930
1521023880,1.395920,1.396140,1.395790,1.395930
1521023940,1.395930,1.396410,1.395920,1.396330
1521024000,1.396310,1.396570,1.396290,1.396440
1521024060,1.396450,1.396450,1.396180,1.396280
1521024120,1.396310,1.396430,1.396150,1.396160
1521024180,1.396170,1.396600,1.396170,1.396590
1521024240,1.396610,1.396610,1.396110,1.396220
1521024300,1.396250,1.396330,1.395980,1.395980
1521024360,1.395960,1.395970,1.395830,1.395880
1521024420,1.395870,1.395950,1.395850,1.395900
1521024480,1.395920,1.396080,1.395920,1.396080
1521024540,1.396070,1.396270,1.396070,1.396270
1521024600,1.396280,1.396300,1.396130,1.396260
1521024660,1.396240,1.396390,1.396120,1.396390
1521024720,1.396400,1.396640,1.396390,1.396630
1521024780,1.396650,1.396800,1.396580,1.396580
1521024840,1.396580,1.396740,1.396560,1.396740
1521024900,1.396720,1.396720,1.396510,1.396560
1521024960,1.396550,1.396550,1.396250,1.396260
1521025020,1.396270,1.396420,1.396170,1.396320
1521025080,1.396310,1.396610,1.396290,1.396580
1521025140,1.396590,1.396620,1.396330,1.396330
1521025200,1.396320,1.396390,1.396060,1.396180
1521025260,1.396150,1.396290,1.395990,1.396260
1521025320,1.396260,1.396300,1.396060,1.396080
1521025380,1.396090,1.396150,1.396040,1.396130
1521025440,1.396130,1.396330,1.396070,1.396120
1521025500,1.396110,1.396250,1.396000,1.396040
1521025560,1.396060,1.396070,1.395760,1.395780
1521025620,1.395760,1.395830,1.395550,1.395580
1521025680,1.395590,1.395730,1.395560,1.395560
1521025740,1.395570,1.395910,1.395550,1.395780
1521025800,1.395780,1.396000,1.395780,1.395990
1521025860,1.395990,1.396240,1.395970,1.396200
1521025920,1.396180,1.396390,1.396070,1.396090
1521025980,1.396080,1.396110,1.395870,1.395950
1521026040,1.395960,1.396100,1.395880,1.396070
1521026100,1.396050,1.396300,1.396030,1.396220
1521026160,1.396230,1.396680,1.396230,1.396420
1521026220,1.396420,1.396970,1.396420,1.396690
1521026280,1.396710,1.396710,1.396380,1.396520
1521026340,1.396510,1.396740,1.396510,1.396680
1521026400,1.396680,1.396680,1.396320,1.396350
1521026460,1.396290,1.396410,1.396250,1.396390
1521026520,1.396390,1.396520,1.396310,1.396510
1521026580,1.396520,1.396620,1.396390,1.396620
1521026640,1.396610,1.396730,1.396590,1.396660
1521026700,1.396650,1.396700,1.396290,1.396310
1521026760,1.396300,1.396450,1.396290,1.396300
1521026820,1.396290,1.396310,1.396250,1.396300
1521026880,1.396300,1.396390,1.396180,1.396190
1521026940,1.396200,1.396290,1.396200,1.396290
1521027000,1.396320,1.396410,1.396320,1.396400
1521027060,1.396390,1.396510,1.396330,1.396420
1521027120,1.396400,1.396420,1.396350,1.396410
1521027180,1.396410,1.396470,1.396390,1.396400
1521027240,1.396400,1.396490,1.396280,1.396280
1521027300,1.396270,1.396480,1.396260,1.396470
1521027360,1.396460,1.396480,1.395980,1.396030
1521027420,1.396050,1.396110,1.395930,1.395970
1521027480,1.395960,1.395980,1.395790,1.395830
1521027540,1.395820,1.395850,1.395560,1.395560
1521027600,1.395550,1.395970,1.395520,1.395790
1521027660,1.395790,1.395920,1.395690,1.395770
1521027720,1.395770,1.396000,1.395770,1.395900
1521027780,1.395900,1.396160,1.395900,1.396120
1521027840,1.396130,1.396390,1.396130,1.396390
1521027900,1.396390,1.396610,1.396330,1.396410
1521027960,1.396400,1.396650,1.396380,1.396620
1521028020,1.396620,1.396730,1.396480,1.396730
1521028080,1.396730,1.396970,1.396730,1.396970
1521028140,1.396960,1.397060,1.396910,1.397000
1521028200,1.397000,1.397130,1.396900,1.397080
1521028260,1.397100,1.397210,1.397030,1.397200
1521028320,1.397200,1.397420,1.397200,1.397410
1521028380,1.397430,1.397540,1.397430,1.397530
1521028440,1.397530,1.397560,1.397520,1.397520
1521028500,1.397530,1.397830,1.397490,1.397510
1521028560,1.397540,1.397730,1.397540,1.397730
1521028620,1.397730,1.397740,1.397700,1.397700
1521028680,1.397700,1.397760,1.397700,1.397740
1521028740,1.397740,1.397770,1.397550,1.397770
1521028800,1.397770,1.397830,1.397330,1.397420
1521028860,1.397430,1.397720,1.397430,1.397590
1521028920,1.397600,1.397600,1.397380,1.397470
1521028980,1.397470,1.397480,1.397100,1.397100
1521029040,1.397100,1.397290,1.397070,1.397280
1521029100,1.397270,1.397490,1.397260,1.397490
1521029160,1.397470,1.397680,1.397470,1.397640
1521029220,1.397650,1.397720,1.397620,1.397630
1521029280,1.397620,1.397910,1.397590,1.397890
1521029340,1.397890,1.397940,1.397850,1.397930
1521029400,1.397930,1.398200,1.397930,1.398120
1521029460,1.398100,1.398420,1.398100,1.398420
1521029520,1.398430,1.398490,1.398310,1.398450
1521029580,1.398470,1.398510,1.398400,1.398430
1521029640,1.398430,1.398490,1.398380,1.398440
1521029700,1.398430,1.398530,1.398420,1.398520
1521029760,1.398520,1.398620,1.398410,1.398410
1521029820,1.398400,1.398550,1.398400,1.398550
1521029880,1.398550,1.398550,1.398360,1.398360
1521029940,1.398330,1.398510,1.398290,1.398500
1521030000,1.398460,1.398700,1.398440,1.398520
1521030060,1.398520,1.398550,1.398400,1.398410
1521030120,1.398410,1.398410,1.398310,1.398320
1521030180,1.398320,1.398410,1.398260,1.398280
1521030240,1.398280,1.398330,1.398110,1.398150
1521030300,1.398160,1.398220,1.398090,1.398120
1521030360,1.398120,1.398230,1.398020,1.398020
1521030420,1.398030,1.398090,1.398000,1.398000
1521030480,1.398000,1.398040,1.397880,1.397880
1521030540,1.397880,1.397960,1.397660,1.397860
1521030600,1.398090,1.399020,1.398070,1.398700
1521030660,1.398680,1.398790,1.398280,1.398730
1521030720,1.398740,1.399040,1.398650,1.398980
1521030780,1.398970,1.399110,1.398780,1.398990
1521030840,1.399010,1.399130,1.398710,1.398770
1521030900,1.398760,1.398760,1.398470,1.398530
1521030960,1.398480,1.398480,1.398360,1.398370
1521031020,1.398380,1.398470,1.397970,1.398020
1521031080,1.398010,1.398100,1.397930,1.398080
1521031140,1.398090,1.398230,1.398000,1.398200
1521031200,1.398210,1.398320,1.398180,1.398300
1521031260,1.398300,1.398340,1.398220,1.398300
1521031320,1.398310,1.398330,1.398000,1.398230
1521031380,1.398220,1.398500,1.398190,1.398440
1521031440,1.398440,1.398520,1.398200,1.398500
1521031500,1.398490,1.398550,1.398210,1.398370
1521031560,1.398360,1.398360,1.397420,1.397450
1521031620,1.397470,1.397580,1.396480,1.396680
1521031680,1.396680,1.396710,1.396060,1.396580
1521031740,1.396560,1.396900,1.396510,1.396800
1521031800,1.396780,1.396800,1.396090,1.396420
1521031860,1.396340,1.396640,1.396320,1.396640
1521031920,1.396620,1.396830,1.396570,1.396820
1521031980,1.396810,1.397540,1.396810,1.397420
1521032040,1.397410,1.397530,1.397330,1.397420
1521032100,1.397430,1.397520,1.397210,1.397220
1521032160,1.397210,1.397210,1.396550,1.396770
1521032220,1.396790,1.396960,1.396360,1.396600
1521032280,1.396580,1.396590,1.395950,1.395980
1521032340,1.395990,1.396200,1.395670,1.395670
1521032400,1.395690,1.396130,1.395690,1.395970
1521032460,1.395980,1.396220,1.395920,1.396190
1521032520,1.396170,1.396290,1.396070,1.396270
1521032580,1.396250,1.396420,1.396230,1.396310
1521032640,1.396280,1.396500,1.396110,1.396400
1521032700,1.396400,1.396620,1.396400,1.396590
1521032760,1.396560,1.396800,1.396540,1.396580
1521032820,1.396510,1.396700,1.396420,1.396690
1521032880,1.396670,1.396900,1.396670,1.396750
1521032940,1.396740,1.396890,1.396600,1.396690
1521033000,1.396700,1.396910,1.396510,1.396530
1521033060,1.396520,1.396690,1.396520,1.396600
1521033120,1.396580,1.396600,1.396260,1.396280
1521033180,1.396280,1.396330,1.396090,1.396090
1521033240,1.396090,1.396090,1.395540,1.395550
1521033300,1.395540,1.395810,1.395350,1.395780
1521033360,1.395780,1.395840,1.395570,1.395700
1521033420,1.395670,1.395690,1.395070,1.395070
1521033480,1.395080,1.395260,1.394990,1.394990
1521033540,1.395000,1.395000,1.394760,1.394860
1521033600,1.394850,1.395200,1.394840,1.394900
1521033660,1.394910,1.395120,1.394850,1.395100
1521033720,1.395080,1.395400,1.395070,1.395370
1521033780,1.395360,1.395690,1.395330,1.395650
1521033840,1.395640,1.395670,1.395440,1.395500
1521033900,1.395510,1.395590,1.395280,1.395370
1521033960,1.395470,1.395600,1.395390,1.395520
1521034020,1.395540,1.395990,1.395480,1.395990
1521034080,1.395990,1.396450,1.395960,1.396440
1521034140,1.396450,1.396670,1.396250,1.396630
1521034200,1.396650,1.396850,1.396510,1.396830
1521034260,1.396880,1.397220,1.396860,1.396980
1521034320,1.396970,1.397080,1.396490,1.396490
1521034380,1.396560,1.396720,1.396520,1.396700
1521034440,1.396690,1.397550,1.396630,1.397490
1521034500,1.397460,1.397460,1.397030,1.397290
1521034560,1.397290,1.397380,1.397080,1.397290
1521034620,1.397280,1.397620,1.397000,1.397530
1521034680,1.397530,1.397530,1.397310,1.397310
1521034740,1.397300,1.397300,1.396880,1.397030
1521034800,1.397030,1.397030,1.396790,1.396890
1521034860,1.396900,1.396900,1.396500,1.396530
1521034920,1.396520,1.396600,1.396380,1.396590
1521034980,1.396590,1.396610,1.396480,1.396530
1521035040,1.396530,1.397040,1.396530,1.396840
1521035100,1.396820,1.397090,1.396810,1.397090
1521035160,1.397120,1.397370,1.396810,1.396820
1521035220,1.396830,1.397020,1.396810,1.396940
1521035280,1.396930,1.397010,1.396690,1.396980
1521035340,1.396980,1.397060,1.396790,1.396860
1521035400,1.396870,1.397250,1.396860,1.397250
1521035460,1.397250,1.397250,1.396950,1.397060
1521035520,1.397060,1.397060,1.396680,1.396750
1521035580,1.396790,1.396830,1.396480,1.396520
1521035640,1.396530,1.396560,1.396360,1.396490
1521035700,1.396490,1.396580,1.396310,1.396330
1521035760,1.396340,1.396590,1.396340,1.396490
1521035820,1.396480,1.396750,1.396320,1.396690
1521035880,1.396670,1.396940,1.396590,1.396910
1521035940,1.396910,1.396910,1.396560,1.396610
1521036000,1.396640,1.396670,1.396170,1.396210
1521036060,1.396240,1.396240,1.396060,1.396230
1521036120,1.396260,1.396310,1.396070,1.396160
1521036180,1.396170,1.396260,1.396040,1.396110
1521036240,1.396100,1.396140,1.395770,1.395910
1521036300,1.395860,1.395950,1.395740,1.395780
1521036360,1.395770,1.395920,1.395590,1.395860
1521036420,1.395840,1.395990,1.395790,1.395800
1521036480,1.395810,1.395900,1.395500,1.395850
1521036540,1.395840,1.396220,1.395810,1.396140
1521036600,1.396140,1.396660,1.396100,1.396510
1521036660,1.396500,1.396790,1.396450,1.396450
1521036720,1.396390,1.396450,1.396050,1.396300
1521036780,1.396320,1.396570,1.396320,1.396330
1521036840,1.396320,1.396650,1.396320,1.396620
1521036900,1.396640,1.396790,1.396610,1.396780
1521036960,1.396790,1.397030,1.396790,1.396880
1521037020,1.396880,1.397010,1.396470,1.396560
1521037080,1.396570,1.396610,1.396040,1.396040
1521037140,1.396060,1.396060,1.395690,1.396040
1521037200,1.396040,1.396040,1.395510,1.395670
1521037260,1.395650,1.396040,1.395620,1.395790
1521037320,1.395780,1.395900,1.395400,1.395520
1521037380,1.395500,1.395570,1.395380,1.395570
1521037440,1.395580,1.395830,1.395580,1.395820
1521037500,1.395800,1.395820,1.395720,1.395750
1521037560,1.395730,1.396040,1.395680,1.396020
1521037620,1.396020,1.396120,1.395820,1.396010
1521037680,1.396020,1.396040,1.395890,1.395950
1521037740,1.395950,1.396050,1.395870,1.395890
1521037800,1.395900,1.396210,1.395590,1.396180
1521037860,1.396130,1.396200,1.395780,1.395790
1521037920,1.395790,1.395890,1.395510,1.395620
1521037980,1.395620,1.395970,1.395470,1.395810
1521038040,1.395820,1.395870,1.395780,1.395800
1521038100,1.395820,1.396070,1.395790,1.395890
1521038160,1.395880,1.396110,1.395770,1.396100
1521038220,1.396090,1.396140,1.395970,1.396000
1521038280,1.396000,1.396280,1.395990,1.396250
1521038340,1.396230,1.396440,1.396110,1.396340
1521038400,1.396330,1.396400,1.396080,1.396200
1521038460,1.396200,1.396270,1.395980,1.396040
1521038520,1.396030,1.396190,1.395910,1.396180
1521038580,1.396180,1.396310,1.396080,1.396200
1521038640,1.396180,1.396620,1.396080,1.396440
1521038700,1.396450,1.396600,1.396300,1.396480
1521038760,1.396500,1.396600,1.396160,1.396310
1521038820,1.396330,1.396330,1.396070,1.396250
1521038880,1.396270,1.396370,1.396270,1.396290
1521038940,1.396310,1.396420,1.396280,1.396380
1521039000,1.396390,1.396390,1.396050,1.396080
1521039060,1.396100,1.396390,1.396100,1.396320
1521039120,1.396310,1.396470,1.395900,1.395910
1521039180,1.395920,1.396060,1.395920,1.396010
1521039240,1.396010,1.396040,1.395900,1.395990
1521039300,1.395980,1.396200,1.395970,1.396100
1521039360,1.396100,1.396180,1.396080,1.396080
1521039420,1.396070,1.396180,1.395790,1.395790
1521039480,1.395790,1.396020,1.395630,1.395990
1521039540,1.395990,1.396180,1.395990,1.396140
1521039600,1.396150,1.396700,1.396150,1.396580
1521039660,1.396570,1.396570,1.396240,1.396270
1521039720,1.396280,1.396290,1.395980,1.396160
1521039780,1.396150,1.396330,1.396120,1.396300
1521039840,1.396280,1.396290,1.396070,1.396080
1521039900,1.396090,1.396100,1.395780,1.395790
1521039960,1.395810,1.395900,1.395490,1.395600
1521040020,1.395580,1.395630,1.395370,1.395390
1521040080,1.395400,1.395400,1.395130,1.395140
1521040140,1.395150,1.395400,1.395140,1.395340
1521040200,1.395340,1.395350,1.395020,1.395020
1521040260,1.395020,1.395040,1.394780,1.394800
1521040320,1.394870,1.394900,1.394710,1.394900
1521040380,1.394890,1.394940,1.394280,1.394500
1521040440,1.394500,1.394790,1.394500,1.394790
1521040500,1.394770,1.394770,1.394500,1.394730
1521040560,1.394780,1.394900,1.394730,1.394860
1521040620,1.394860,1.394860,1.394620,1.394820
1521040680,1.394810,1.394810,1.394380,1.394570
1521040740,1.394580,1.394700,1.394470,1.394600
1521040800,1.394600,1.394600,1.393610,1.393970
1521040860,1.393980,1.394060,1.393370,1.393430
1521040920,1.393440,1.393720,1.393200,1.393210
1521040980,1.393240,1.393540,1.393120,1.393210
1521041040,1.393190,1.393490,1.393060,1.393430
1521041100,1.393420,1.393560,1.393240,1.393440
1521041160,1.393470,1.393640,1.393420,1.393520
1521041220,1.393500,1.393520,1.393040,1.393410
1521041280,1.393470,1.393880,1.393470,1.393600
1521041340,1.393600,1.393830,1.393550,1.393560
1521041400,1.393570,1.393860,1.393510,1.393860
1521041460,1.393880,1.394220,1.393720,1.394100
1521041520,1.394090,1.394090,1.393570,1.393680
1521041580,1.393680,1.393730,1.393590,1.393670
1521041640,1.393660,1.393700,1.393370,1.393410
1521041700,1.393400,1.393420,1.392990,1.393090
1521041760,1.393100,1.393620,1.393100,1.393610
1521041820,1.393590,1.393690,1.393430,1.393630
1521041880,1.393620,1.393730,1.393390,1.393500
1521041940,1.393470,1.393530,1.392860,1.392900
1521042000,1.392890,1.393310,1.392890,1.393110
1521042060,1.393120,1.393250,1.393010,1.393250
1521042120,1.393320,1.393490,1.393190,1.393420
1521042180,1.393420,1.393830,1.393410,1.393820
1521042240,1.393800,1.393880,1.393630,1.393680
1521042300,1.393670,1.393670,1.393350,1.393360
1521042360,1.393280,1.393280,1.392990,1.393130
1521042420,1.393120,1.393280,1.393010,1.393220
1521042480,1.393240,1.393330,1.392560,1.392590
1521042540,1.392590,1.393010,1.392590,1.392900
1521042600,1.392920,1.393150,1.392790,1.393110
1521042660,1.393120,1.393120,1.392720,1.392990
1521042720,1.393000,1.393040,1.392870,1.393010
1521042780,1.393030,1.393390,1.393030,1.393340
1521042840,1.393340,1.393340,1.393190,1.393300
1521042900,1.393280,1.393380,1.393100,1.393380
1521042960,1.393370,1.393570,1.393180,1.393570
1521043020,1.393580,1.393930,1.392900,1.393200
1521043080,1.393260,1.393960,1.393200,1.393810
1521043140,1.393800,1.394480,1.393800,1.394480
1521043200,1.394510,1.394820,1.394420,1.394690
1521043260,1.394720,1.395240,1.394710,1.395010
1521043320,1.395020,1.395020,1.394580,1.394840
1521043380,1.394860,1.394920,1.394710,1.394710
1521043440,1.394710,1.394870,1.394560,1.394770
1521043500,1.394780,1.394870,1.394650,1.394700
1521043560,1.394700,1.395130,1.394680,1.395130
1521043620,1.395120,1.395460,1.395100,1.395450
1521043680,1.395430,1.395620,1.395330,1.395460
1521043740,1.395480,1.395820,1.395350,1.395670
1521043800,1.395670,1.395750,1.395560,1.395620
1521043860,1.395640,1.395720,1.395410,1.395520
1521043920,1.395520,1.395610,1.395430,1.395440
1521043980,1.395450,1.395540,1.395300,1.395490
1521044040,1.395470,1.395470,1.395250,1.395260
1521044100,1.395280,1.395440,1.395190,1.395290
1521044160,1.395260,1.395410,1.395220,1.395310
1521044220,1.395310,1.395400,1.395270,1.395330
1521044280,1.395310,1.395310,1.395110,1.395230
1521044340,1.395220,1.395360,1.395170,1.395200
1521044400,1.395250,1.395440,1.395180,1.395200
1521044460,1.395200,1.395220,1.394820,1.394900
1521044520,1.394890,1.394920,1.394680,1.394820
1521044580,1.394820,1.394820,1.394660,1.394780
1521044640,1.394790,1.395140,1.394770,1.394950
1521044700,1.394970,1.395040,1.394800,1.394830
1521044760,1.394830,1.395080,1.394830,1.395080
1521044820,1.395060,1.395200,1.394880,1.395120
1521044880,1.395100,1.395140,1.394840,1.394920
1521044940,1.394930,1.395170,1.394930,1.395120
1521045000,1.395110,1.395120,1.394760,1.394760
1521045060,1.394710,1.395000,1.394700,1.394910
1521045120,1.394910,1.395130,1.394850,1.395030
1521045180,1.395010,1.395090,1.394960,1.395030
1521045240,1.395050,1.395220,1.395030,1.395210
1521045300,1.395210,1.396020,1.395210,1.395930
1521045360,1.395910,1.396290,1.395900,1.396140
1521045420,1.396140,1.396310,1.396110,1.396120
1521045480,1.396130,1.396320,1.396030,1.396100
1521045540,1.396080,1.396240,1.396020,1.396020
1521045600,1.396000,1.396000,1.395660,1.395660
1521045660,1.395680,1.395770,1.395610,1.395610
1521045720,1.395600,1.395620,1.395390,1.395500
1521045780,1.395520,1.395720,1.395510,1.395510
1521045840,1.395490,1.395550,1.395390,1.395390
1521045900,1.395380,1.395410,1.395230,1.395290
1521045960,1.395310,1.395370,1.395250,1.395290
1521046020,1.395350,1.395400,1.395160,1.395400
1521046080,1.395400,1.395690,1.395320,1.395510
1521046140,1.395490,1.395590,1.395390,1.395560
1521046200,1.395560,1.395610,1.395330,1.395530
1521046260,1.395580,1.395720,1.395530,1.395630
1521046320,1.395640,1.395920,1.395580,1.395720
1521046380,1.395720,1.395810,1.395600,1.395600
1521046440,1.395590,1.395700,1.395390,1.395690
1521046500,1.395700,1.395800,1.395650,1.395780
1521046560,1.395810,1.395820,1.395690,1.395750
1521046620,1.395750,1.396100,1.395750,1.395990
1521046680,1.395990,1.396020,1.395770,1.395780
1521046740,1.395770,1.395860,1.395670,1.395790
1521046800,1.395770,1.395820,1.395680,1.395800
1521046860,1.395740,1.395750,1.395470,1.395540
1521046920,1.395540,1.395590,1.395500,1.395500
1521046980,1.395550,1.395900,1.395550,1.395660
1521047040,1.395670,1.395830,1.395660,1.395790
1521047100,1.395790,1.396120,1.395790,1.396060
1521047160,1.396050,1.396080,1.395890,1.395930
1521047220,1.395880,1.395920,1.395690,1.395760
1521047280,1.395770,1.395780,1.395760,1.395770
1521047340,1.395780,1.395970,1.395780,1.395810
1521047400,1.395820,1.395960,1.395820,1.395890
1521047460,1.395880,1.395910,1.395880,1.395910
1521047520,1.395910,1.395950,1.395800,1.395800
1521047580,1.395810,1.395850,1.395760,1.395780
1521047640,1.395780,1.395790,1.395760,1.395780
1521047700,1.395800,1.395820,1.395710,1.395710
1521047760,1.395710,1.395770,1.395610,1.395690
1521047820,1.395680,1.395710,1.395630,1.395680
1521047880,1.395690,1.395690,1.395530,1.395530
1521047940,1.395510,1.395510,1.395280,1.395380
1521048000,1.395450,1.395720,1.395430,1.395600
1521048060,1.395580,1.395660,1.395430,1.395540
1521048120,1.395540,1.395640,1.395540,1.395570
1521048180,1.395590,1.395730,1.395590,1.395730
1521048240,1.395740,1.395850,1.395720,1.395840
1521048300,1.395850,1.396040,1.395850,1.396040
1521048360,1.396040,1.396070,1.396000,1.396040
1521048420,1.396050,1.396310,1.396010,1.396200
1521048480,1.396160,1.396270,1.396130,1.396150
1521048540,1.396150,1.396400,1.395980,1.396400
1521048600,1.396390,1.396480,1.396170,1.396190
1521048660,1.396180,1.396290,1.396050,1.396080
1521048720,1.396080,1.396310,1.396080,1.396290
1521048780,1.396290,1.396420,1.396280,1.396410
1521048840,1.396410,1.396590,1.396410,1.396540
1521048900,1.396520,1.396560,1.396500,1.396520
1521048960,1.396530,1.396580,1.396450,1.396570
1521049020,1.396540,1.396600,1.396540,1.396570
1521049080,1.396560,1.396950,1.396560,1.396810
1521049140,1.396820,1.396940,1.396780,1.396930
1521049200,1.396930,1.396930,1.396680,1.396770
1521049260,1.396780,1.397020,1.396780,1.397020
1521049320,1.397020,1.397120,1.396950,1.396970
1521049380,1.396970,1.397140,1.396930,1.397140
1521049440,1.397120,1.397190,1.397080,1.397160
1521049500,1.397160,1.397430,1.397150,1.397390
1521049560,1.397370,1.397560,1.397340,1.397540
1521049620,1.397560,1.397570,1.397420,1.397470
1521049680,1.397460,1.397620,1.397440,1.397610
1521049740,1.397600,1.397610,1.397400,1.397590
1521049800,1.397600,1.397640,1.397420,1.397450
1521049860,1.397470,1.397510,1.397410,1.397490
1521049920,1.397500,1.397710,1.397490,1.397630
1521049980,1.397630,1.397750,1.397470,1.397600
1521050040,1.397590,1.397590,1.397380,1.397380
1521050100,1.397390,1.397590,1.397390,1.397490
1521050160,1.397490,1.397520,1.397430,1.397430
1521050220,1.397440,1.397520,1.397420,1.397500
1521050280,1.397490,1.397500,1.397200,1.397280
1521050340,1.397280,1.397390,1.397280,1.397390
1521050400,1.397400,1.397420,1.397080,1.397080
1521050460,1.397090,1.397120,1.396960,1.396980
1521050520,1.396970,1.397350,1.396970,1.397330
1521050580,1.397330,1.397540,1.397330,1.397520
1521050640,1.397490,1.397510,1.397390,1.397410
1521050700,1.397470,1.397570,1.397440,1.397560
1521050760,1.397540,1.397640,1.397530,1.397530
1521050820,1.397530,1.397570,1.397480,1.397510
1521050880,1.397520,1.397620,1.397520,1.397600
1521050940,1.397600,1.397600,1.397370,1.397490
1521051000,1.397490,1.397650,1.397450,1.397610
1521051060,1.397630,1.397660,1.397380,1.397390
1521051120,1.397380,1.397490,1.397360,1.397450
1521051180,1.397450,1.397550,1.397300,1.397520
1521051240,1.397570,1.397590,1.397480,1.397540
1521051300,1.397520,1.397540,1.397360,1.397400
1521051360,1.397380,1.397730,1.397370,1.397690
1521051420,1.397720,1.397730,1.397580,1.397610
1521051480,1.397590,1.397710,1.397580,1.397610
1521051540,1.397590,1.397720,1.397370,1.397390
1521051600,1.397410,1.397410,1.397160,1.397160
1521051660,1.397160,1.397290,1.397090,1.397280
1521051720,1.397290,1.397330,1.397260,1.397280
1521051780,1.397280,1.397300,1.397200,1.397290
1521051840,1.397300,1.397330,1.397220,1.397300
1521051900,1.397290,1.397290,1.397200,1.397200
1521051960,1.397210,1.397310,1.397210,1.397310
1521052020,1.397350,1.397380,1.397300,1.397320
1521052080,1.397350,1.397380,1.397270,1.397380
1521052140,1.397360,1.397430,1.397260,1.397390
1521052200,1.397400,1.397400,1.397360,1.397390
1521052260,1.397370,1.397420,1.397300,1.397400
1521052320,1.397390,1.397420,1.397380,1.397420
1521052380,1.397400,1.397550,1.397400,1.397480
1521052440,1.397470,1.397600,1.397400,1.397600
1521052500,1.397580,1.397630,1.397580,1.397630
1521052560,1.397650,1.397680,1.397610,1.397650
1521052620,1.397630,1.397750,1.397540,1.397690
1521052680,1.397720,1.397750,1.397580,1.397600
1521052740,1.397590,1.397640,1.397530,1.397540
1521052800,1.397540,1.397540,1.397480,1.397530
1521052860,1.397530,1.397540,1.397210,1.397340
1521052920,1.397330,1.397330,1.397090,1.397110
1521052980,1.397130,1.397180,1.397080,1.397180
1521053040,1.397170,1.397210,1.397070,1.397120
1521053100,1.397110,1.397130,1.396940,1.396990
1521053160,1.397010,1.397020,1.396830,1.396920
1521053220,1.396890,1.397030,1.396890,1.396930
1521053280,1.396900,1.396960,1.396770,1.396820
1521053340,1.396820,1.396930,1.396770,1.396930
1521053400,1.396930,1.396960,1.396760,1.396820
1521053460,1.396810,1.396960,1.396780,1.396920
1521053520,1.396940,1.397110,1.396930,1.397080
1521053580,1.397070,1.397190,1.397050,1.397140
1521053640,1.397120,1.397220,1.397060,1.397190
1521053700,1.397200,1.397300,1.397180,1.397290
1521053760,1.397310,1.397310,1.397120,1.397200
1521053820,1.397220,1.397330,1.397210,1.397220
1521053880,1.397200,1.397310,1.397200,1.397220
1521053940,1.397220,1.397480,1.396990,1.397380
1521054000,1.397390,1.397420,1.397010,1.397010
1521054060,1.396990,1.397010,1.396780,1.396780
1521054120,1.396780,1.396910,1.396780,1.396890
1521054180,1.396870,1.397000,1.396720,1.396790
1521054240,1.396800,1.396890,1.396760,1.396770
1521054300,1.396790,1.396930,1.396790,1.396830
1521054360,1.396840,1.397010,1.396840,1.396910
1521054420,1.396910,1.397000,1.396890,1.396900
1521054480,1.396920,1.397000,1.396870,1.396900
1521054540,1.396900,1.396900,1.396690,1.396690
1521054600,1.396700,1.396900,1.396640,1.396880
1521054660,1.396870,1.396870,1.396670,1.396770
1521054720,1.396780,1.396790,1.396620,1.396700
1521054780,1.396720,1.396740,1.396630,1.396690
1521054840,1.396670,1.396700,1.396590,1.396670
1521054900,1.396670,1.396790,1.396650,1.396790
1521054960,1.396790,1.396810,1.396760,1.396780
1521055020,1.396770,1.396940,1.396770,1.396900
1521055080,1.396880,1.396950,1.396880,1.396930
1521055140,1.396940,1.397040,1.396930,1.396990
1521055200,1.396980,1.397000,1.396970,1.397000
1521055260,1.397000,1.397050,1.396960,1.396980
1521055320,1.396990,1.397050,1.396950,1.396980
1521055380,1.397000,1.397020,1.396960,1.397010
1521055440,1.397010,1.397010,1.396800,1.396870
1521055500,1.396870,1.396890,1.396760,1.396780
1521055560,1.396800,1.396910,1.396770,1.396770
1521055620,1.396760,1.396820,1.396740,1.396770
1521055680,1.396750,1.396810,1.396670,1.396780
1521055740,1.396770,1.397010,1.396750,1.396900
1521055800,1.396900,1.396900,1.396760,1.396770
1521055860,1.396770,1.396770,1.396760,1.396760
1521055920,1.396770,1.396890,1.396720,1.396780
1521055980,1.396770,1.396790,1.396770,1.396770
1521056040,1.396780,1.396780,1.396670,1.396670
1521056100,1.396710,1.396710,1.396660,1.396680
1521056160,1.396690,1.396750,1.396670,1.396680
1521056220,1.396720,1.396820,1.396670,1.396820
1521056280,1.396830,1.396960,1.396780,1.396960
1521056340,1.396960,1.397120,1.396960,1.397100
1521056400,1.397100,1.397100,1.396790,1.396800
1521056460,1.396810,1.396820,1.396670,1.396700
1521056520,1.396710,1.396780,1.396660,1.396700
1521056580,1.396700,1.396700,1.396680,1.396680
1521056640,1.396660,1.396700,1.396570,1.396580
1521056700,1.396590,1.396790,1.396590,1.396750
1521056760,1.396760,1.396810,1.396690,1.396770
1521056820,1.396770,1.396800,1.396640,1.396780
1521056880,1.396770,1.396790,1.396680,1.396680
1521056940,1.396690,1.396720,1.396680,1.396710
1521057000,1.396700,1.396700,1.396490,1.396500
1521057060,1.396500,1.396760,1.396500,1.396690
1521057120,1.396680,1.396780,1.396660,1.396760
1521057180,1.396780,1.396820,1.396760,1.396770
1521057240,1.396770,1.396770,1.396600,1.396600
1521057300,1.396580,1.396740,1.396540,1.396700
1521057360,1.396730,1.396790,1.396580,1.396790
1521057420,1.396790,1.396790,1.396700,1.396790
1521057480,1.396770,1.396800,1.396700,1.396780
1521057540,1.396790,1.396810,1.396710,1.396800
1521057600,1.396810,1.397000,1.396810,1.396980
1521057660,1.396980,1.396980,1.396810,1.396860
1521057720,1.396860,1.396910,1.396810,1.396810
1521057780,1.396810,1.396930,1.396800,1.396930
1521057840,1.396920,1.396920,1.396880,1.396910
1521057900,1.396920,1.397100,1.396900,1.397090
1521057960,1.397090,1.397090,1.396970,1.396970
1521058020,1.396950,1.396950,1.396760,1.396760
1521058080,1.396770,1.396950,1.396750,1.396920
1521058140,1.396910,1.396910,1.396760,1.396780
1521058200,1.396790,1.396790,1.396770,1.396780
1521058260,1.396770,1.396770,1.396650,1.396670
1521058320,1.396680,1.396680,1.396550,1.396570
1521058380,1.396580,1.396640,1.396560,1.396560
1521058440,1.396550,1.396650,1.396550,1.396650
1521058500,1.396660,1.396700,1.396650,1.396680
1521058560,1.396660,1.396700,1.396650,1.396660
1521058620,1.396650,1.396650,1.396610,1.396620
1521058680,1.396590,1.396600,1.396550,1.396570
1521058740,1.396570,1.396590,1.396530,1.396570
1521058800,1.396560,1.396560,1.396470,1.396470
1521058860,1.396470,1.396480,1.396460,1.396460
1521058920,1.396460,1.396460,1.396430,1.396430
1521058980,1.396430,1.396430,1.396350,1.396350
1521059040,1.396360,1.396410,1.396360,1.396400
1521059100,1.396370,1.396440,1.396370,1.396410
1521059160,1.396410,1.396410,1.396400,1.396400
1521059220,1.396370,1.396500,1.396340,1.396500
1521059280,1.396470,1.396510,1.396470,1.396500
1521059340,1.396510,1.396600,1.396470,1.396570
1521059400,1.396570,1.396570,1.396490,1.396520
1521059460,1.396510,1.396650,1.396490,1.396600
1521059520,1.396580,1.396670,1.396570,1.396660
1521059580,1.396660,1.396660,1.396640,1.396640
1521059640,1.396660,1.396710,1.396650,1.396650
1521059700,1.396670,1.396750,1.396660,1.396730
1521059760,1.396740,1.396750,1.396740,1.396740
1521059820,1.396740,1.396750,1.396720,1.396750
1521059880,1.396740,1.396740,1.396540,1.396540
1521059940,1.396540,1.396610,1.396520,1.396550
1521060000,1.396550,1.396720,1.396550,1.396640
1521060060,1.396630,1.396740,1.396540,1.396730
1521060120,1.396690,1.396690,1.396550,1.396570
1521060180,1.396560,1.396640,1.396430,1.396560
1521060240,1.396540,1.396540,1.396360,1.396360
1521060300,1.396400,1.396520,1.396370,1.396370
1521060360,1.396380,1.396390,1.396360,1.396360
1521060420,1.396380,1.396390,1.396360,1.396390
1521060480,1.396400,1.396410,1.396310,1.396340
1521060540,1.396360,1.396410,1.396360,1.396390
1521060600,1.396380,1.396380,1.396290,1.396330
1521060660,1.396350,1.396370,1.396150,1.396180
1521060720,1.396190,1.396210,1.396160,1.396190
1521060780,1.396210,1.396270,1.396170,1.396170
1521060840,1.396200,1.396250,1.396190,1.396250
1521060900,1.396240,1.396240,1.396170,1.396180
1521060960,1.396180,1.396230,1.396150,1.396160
1521061020,1.396160,1.396230,1.396130,1.396160
1521061080,1.396170,1.396200,1.396140,1.396190
1521061140,1.396100,1.396100,1.395840,1.395840
1521061200,1.395770,1.395770,1.395730,1.395730
1521061260,1.395740,1.396130,1.395740,1.396130
1521061320,1.395750,1.396150,1.395750,1.396150
1521061380,1.396120,1.396120,1.396120,1.396120
1521061440,1.396190,1.396250,1.396100,1.396240
1521061500,1.396230,1.396300,1.396210,1.396290
1521061560,1.396260,1.396290,1.396260,1.396290
1521061620,1.396250,1.396280,1.396200,1.396280
1521061680,1.396270,1.396270,1.396170,1.396200
1521061740,1.396210,1.396210,1.396180,1.396200
1521061860,1.396150,1.396270,1.396150,1.396270
1521061920,1.396320,1.396340,1.396220,1.396230
1521061980,1.396240,1.396240,1.396090,1.396110
1521062040,1.396130,1.396140,1.396090,1.396090
1521062100,1.396110,1.396110,1.396070,1.396070
1521062160,1.396080,1.396110,1.396070,1.396110
1521062220,1.396050,1.396050,1.396050,1.396050
1521062280,1.395810,1.395810,1.395810,1.395810
1521062400,1.395790,1.395790,1.395790,1.395790
1521062460,1.396060,1.396070,1.396060,1.396070
1521062580,1.395960,1.395960,1.395850,1.395850
1521062640,1.395960,1.396110,1.395960,1.396110
1521062700,1.396080,1.396120,1.396080,1.396120
1521062760,1.395900,1.395910,1.395900,1.395910
1521062820,1.396010,1.396010,1.396010,1.396010
1521062880,1.395910,1.395960,1.395910,1.395960
1521062940,1.396090,1.396090,1.396090,1.396090
1521063000,1.396070,1.396270,1.396040,1.396120
1521063060,1.396100,1.396250,1.396100,1.396180
1521063120,1.396130,1.396130,1.396120,1.396120
1521063180,1.396010,1.396150,1.396010,1.396080
1521063240,1.396060,1.396060,1.395730,1.395890
1521063300,1.395890,1.395980,1.395860,1.395980
1521063360,1.395960,1.395980,1.395960,1.395980
1521063420,1.395970,1.396030,1.395910,1.395930
1521063480,1.395910,1.395940,1.395910,1.395920
1521063540,1.395930,1.395960,1.395930,1.395960
1521063600,1.395990,1.395990,1.395960,1.395990
1521063660,1.395890,1.395890,1.395890,1.395890
1521063720,1.395890,1.396000,1.395890,1.396000
1521063780,1.395910,1.396220,1.395910,1.396130
1521063840,1.396150,1.396260,1.396150,1.396260
1521063900,1.396270,1.396380,1.395980,1.396240
1521063960,1.396200,1.396310,1.396130,1.396190
1521064020,1.396220,1.396220,1.396180,1.396180
1521064080,1.396180,1.396180,1.396150,1.396150
1521064140,1.396050,1.396190,1.396030,1.396190
1521064200,1.396190,1.396320,1.396190,1.396320
1521064260,1.396320,1.396320,1.396320,1.396320
1521064320,1.396260,1.396390,1.396260,1.396390
1521064380,1.396390,1.396390,1.396310,1.396310
1521064440,1.396310,1.396340,1.396310,1.396340
1521064500,1.396330,1.396340,1.396320,1.396340
1521064560,1.396340,1.396350,1.396300,1.396300
1521064620,1.396300,1.396300,1.396300,1.396300
1521064680,1.396300,1.396320,1.396280,1.396280
1521064740,1.396280,1.396280,1.396280,1.396280
1521064800,1.396280,1.396380,1.396250,1.396380
1521064860,1.396380,1.396480,1.396360,1.396370
1521064920,1.396370,1.396370,1.396340,1.396350
1521064980,1.396320,1.396320,1.396070,1.396090
1521065040,1.396070,1.396300,1.396070,1.396110
1521065100,1.396180,1.396190,1.396150,1.396180
1521065160,1.396180,1.396290,1.396150,1.396280
1521065220,1.396270,1.396270,1.396150,1.396180
1521065280,1.396170,1.396210,1.396170,1.396190
1521065340,1.396180,1.396210,1.396170,1.396170
1521065400,1.396180,1.396190,1.396170,1.396190
1521065460,1.396110,1.396110,1.396000,1.396000
1521065520,1.396100,1.396120,1.396000,1.396040
1521065580,1.396050,1.396050,1.396050,1.396050
1521065640,1.396030,1.396030,1.396030,1.396030
1521065700,1.396060,1.396080,1.396060,1.396080
1521065760,1.396060,1.396060,1.396060,1.396060
1521065820,1.396050,1.396070,1.396050,1.396070
1521065880,1.396070,1.396080,1.396070,1.396070
1521065940,1.396060,1.396060,1.396040,1.396040
1521066000,1.396050,1.396080,1.396050,1.396080
1521066060,1.396070,1.396080,1.396060,1.396060
1521066120,1.396060,1.396080,1.396040,1.396050
1521066180,1.396060,1.396070,1.396060,1.396070
1521066240,1.396060,1.396080,1.396060,1.396080
1521066300,1.396090,1.396090,1.396080,1.396090
1521066360,1.396090,1.396090,1.396090,1.396090
1521066420,1.396090,1.396090,1.396080,1.396080
1521066480,1.396070,1.396070,1.396070,1.396070
1521066540,1.396080,1.396080,1.396080,1.396080
1521066600,1.396070,1.396090,1.396070,1.396080
1521066660,1.396060,1.396060,1.396060,1.396060
1521066720,1.396060,1.396060,1.396040,1.396050
1521066780,1.396050,1.396060,1.396050,1.396050
1521066840,1.396030,1.396110,1.396020,1.396040
1521066900,1.396040,1.396040,1.396020,1.396020
1521066960,1.396040,1.396130,1.396040,1.396040
1521067020,1.396030,1.396250,1.395960,1.396130
1521067080,1.396230,1.396250,1.396090,1.396120
1521067140,1.396130,1.396240,1.396120,1.396150
1521067200,1.396140,1.396150,1.396110,1.396140
1521067260,1.396140,1.396140,1.396110,1.396110
1521067320,1.396120,1.396150,1.396110,1.396120
1521067380,1.396120,1.396200,1.396100,1.396190
1521067440,1.396200,1.396200,1.396110,1.396160
1521067500,1.396180,1.396180,1.396150,1.396150
1521067560,1.396150,1.396330,1.396090,1.396230
1521067620,1.396240,1.396250,1.396240,1.396250
1521067680,1.396250,1.396320,1.396250,1.396290
1521067740,1.396300,1.396300,1.396300,1.396300
1521067800,1.396320,1.396440,1.396310,1.396400
1521067860,1.396410,1.396420,1.396340,1.396340
1521067920,1.396340,1.396350,1.396340,1.396340
1521067980,1.396350,1.396370,1.396320,1.396370
1521068040,1.396380,1.396390,1.396360,1.396360
1521068100,1.396330,1.396360,1.396330,1.396360
1521068160,1.396350,1.396360,1.396340,1.396340
1521068220,1.396330,1.396340,1.396330,1.396340
1521068280,1.396320,1.396350,1.396300,1.396350
1521068340,1.396370,1.396390,1.396350,1.396350
1521068400,1.396350,1.396540,1.396340,1.396540
1521068460,1.396550,1.396550,1.396400,1.396400
1521068520,1.396390,1.396440,1.396390,1.396400
1521068580,1.396410,1.396580,1.396390,1.396520
1521068640,1.396500,1.396500,1.396400,1.396420
1521068700,1.396400,1.396430,1.396400,1.396400
1521068760,1.396410,1.396620,1.396410,1.396620
1521068820,1.396600,1.396710,1.396540,1.396570
1521068880,1.396550,1.396580,1.396470,1.396570
1521068940,1.396570,1.396570,1.396500,1.396500
1521069000,1.396510,1.396560,1.396410,1.396460
1521069060,1.396450,1.396460,1.396200,1.396200
1521069120,1.396230,1.396300,1.396210,1.396300
1521069180,1.396290,1.396530,1.396280,1.396530
1521069240,1.396530,1.396590,1.396530,1.396590
1521069300,1.396610,1.396620,1.396380,1.396400
1521069360,1.396470,1.396590,1.396470,1.396590
1521069420,1.396580,1.396590,1.396560,1.396580
1521069480,1.396570,1.396600,1.396530,1.396580
1521069540,1.396570,1.396820,1.396570,1.396780
1521069600,1.396760,1.396810,1.396720,1.396760
1521069660,1.396750,1.396770,1.396710,1.396710
1521069720,1.396710,1.396710,1.396650,1.396680
1521069780,1.396670,1.396700,1.396670,1.396690
1521069840,1.396670,1.396690,1.396660,1.396690
1521069900,1.396680,1.396700,1.396680,1.396700
1521069960,1.396690,1.396710,1.396660,1.396670
1521070020,1.396690,1.396700,1.396690,1.396700
1521070080,1.396700,1.396740,1.396670,1.396720
1521070140,1.396710,1.396720,1.396670,1.396680
1521070200,1.396680,1.396700,1.396360,1.396360
1521070260,1.396350,1.396380,1.396290,1.396360
1521070320,1.396380,1.396530,1.396370,1.396520
1521070380,1.396520,1.396630,1.396520,1.396630
1521070440,1.396590,1.396620,1.396510,1.396520
1521070500,1.396540,1.396600,1.396510,1.396600
1521070560,1.396590,1.396630,1.396570,1.396590
1521070620,1.396590,1.396590,1.396590,1.396590
1521070680,1.396590,1.396590,1.396570,1.396580
1521070740,1.396580,1.396620,1.396570,1.396590
1521070800,1.396590,1.396850,1.396580,1.396840
1521070860,1.396850,1.396860,1.396770,1.396820
1521070920,1.396820,1.396820,1.396760,1.396770
1521070980,1.396760,1.396790,1.396750,1.396760
1521071040,1.396760,1.396760,1.396760,1.396760
1521071100,1.396720,1.396790,1.396720,1.396790
1521071160,1.396770,1.396790,1.396750,1.396790
1521071220,1.396790,1.396920,1.396780,1.396800
1521071280,1.396790,1.396900,1.396710,1.396820
1521071340,1.396840,1.397040,1.396840,1.397020
1521071400,1.397010,1.397220,1.397010,1.397210
1521071460,1.397210,1.397230,1.397020,1.397020
1521071520,1.397000,1.397010,1.396850,1.396870
1521071580,1.396880,1.396950,1.396880,1.396950
1521071640,1.396930,1.396990,1.396830,1.396960
1521071700,1.396960,1.397160,1.396880,1.397130
1521071760,1.397130,1.397130,1.397000,1.397000
1521071820,1.397030,1.397070,1.396960,1.396990
1521071880,1.397010,1.397080,1.396980,1.396990
1521071940,1.397000,1.397030,1.396890,1.396910
1521072000,1.396900,1.396990,1.396880,1.396930
1521072060,1.396920,1.397120,1.396900,1.397040
1521072120,1.397000,1.397000,1.396880,1.396900
1521072180,1.396890,1.397070,1.396890,1.396920
1521072240,1.396950,1.397060,1.396950,1.397060
1521072300,1.397030,1.397030,1.396990,1.397000
1521072360,1.397000,1.397040,1.396910,1.396910
1521072420,1.396910,1.397020,1.396910,1.396990
1521072480,1.397000,1.397010,1.397000,1.397010
1521072540,1.397010,1.397010,1.396990,1.397000
1521072600,1.396970,1.397070,1.396890,1.396910
1521072660,1.396910,1.396910,1.396860,1.396860
1521072720,1.396820,1.396990,1.396820,1.396990
1521072780,1.396960,1.396960,1.396900,1.396940
1521072840,1.396920,1.396920,1.396870,1.396880
1521072900,1.396890,1.396920,1.396890,1.396910
1521072960,1.396930,1.397000,1.396910,1.397000
1521073020,1.397030,1.397040,1.396930,1.396940
1521073080,1.396950,1.397030,1.396930,1.397030
1521073140,1.397030,1.397150,1.396990,1.397120
1521073200,1.397170,1.397170,1.397010,1.397030
1521073260,1.397040,1.397040,1.396980,1.397010
1521073320,1.397000,1.397140,1.397000,1.397030
1521073380,1.397010,1.397010,1.396930,1.396990
1521073440,1.397020,1.397170,1.396990,1.397140
1521073500,1.397160,1.397160,1.396980,1.397020
1521073560,1.397000,1.397020,1.396860,1.396860
1521073620,1.396850,1.396930,1.396840,1.396920
1521073680,1.396910,1.396920,1.396860,1.396870
1521073740,1.396880,1.396910,1.396880,1.396910
1521073800,1.396880,1.396930,1.396790,1.396930
1521073860,1.396940,1.397030,1.396880,1.396970
1521073920,1.396980,1.397100,1.396980,1.397010
1521073980,1.397030,1.397180,1.396990,1.397170
1521074040,1.397170,1.397200,1.397110,1.397130
1521074100,1.397150,1.397180,1.397080,1.397100
1521074160,1.397120,1.397200,1.396980,1.397010
1521074220,1.397030,1.397230,1.397020,1.397190
1521074280,1.397170,1.397200,1.397070,1.397170
1521074340,1.397120,1.397190,1.397070,1.397110
1521074400,1.397090,1.397110,1.396920,1.397030
1521074460,1.397050,1.397130,1.397040,1.397090
1521074520,1.397100,1.397140,1.396850,1.396980
1521074580,1.397010,1.397160,1.396990,1.396990
1521074640,1.397020,1.397300,1.397000,1.397120
1521074700,1.397130,1.397170,1.396990,1.396990
1521074760,1.396970,1.397070,1.396940,1.397060
1521074820,1.397040,1.397140,1.396980,1.397120
1521074880,1.397130,1.397200,1.397120,1.397190
1521074940,1.397180,1.397210,1.397090,1.397190
1521075000,1.397160,1.397200,1.397080,1.397120
1521075060,1.397150,1.397190,1.397090,1.397090
1521075120,1.397120,1.397140,1.397090,1.397090
1521075180,1.397110,1.397160,1.397080,1.397120
1521075240,1.397110,1.397230,1.397060,1.397230
1521075300,1.397240,1.397440,1.397210,1.397310
1521075360,1.397310,1.397310,1.397090,1.397120
1521075420,1.397130,1.397390,1.397100,1.397330
1521075480,1.397350,1.397370,1.397160,1.397180
1521075540,1.397200,1.397420,1.397170,1.397370
1521075600,1.397350,1.397520,1.397330,1.397370
1521075660,1.397380,1.397400,1.397170,1.397200
1521075720,1.397190,1.397210,1.397050,1.397170
1521075780,1.397150,1.397220,1.397090,1.397220
1521075840,1.397230,1.397250,1.397140,1.397140
1521075900,1.397150,1.397150,1.396870,1.397090
1521075960,1.397090,1.397170,1.396990,1.397160
1521076020,1.397140,1.397190,1.397070,1.397100
1521076080,1.397090,1.397180,1.397090,1.397150
1521076140,1.397140,1.397190,1.397070,1.397170
1521076200,1.397180,1.397190,1.397090,1.397090
1521076260,1.397090,1.397170,1.397070,1.397140
1521076320,1.397160,1.397180,1.396970,1.397010
1521076380,1.397010,1.397010,1.396800,1.396910
1521076440,1.396980,1.396980,1.396910,1.396970
1521076500,1.396990,1.397060,1.396920,1.396950
1521076560,1.397010,1.397150,1.397010,1.397120
1521076620,1.397100,1.397410,1.397100,1.397410
1521076680,1.397470,1.397500,1.397160,1.397190
1521076740,1.397200,1.397200,1.397000,1.397080
1521076800,1.397090,1.397190,1.397080,1.397150
1521076860,1.397170,1.397210,1.397160,1.397170
1521076920,1.397190,1.397220,1.397190,1.397220
1521076980,1.397220,1.397270,1.397190,1.397230
1521077040,1.397250,1.397340,1.397170,1.397170
1521077100,1.397170,1.397170,1.397000,1.397170
1521077160,1.397180,1.397200,1.397170,1.397180
1521077220,1.397200,1.397220,1.397010,1.397020
1521077280,1.397010,1.397010,1.396870,1.396880
1521077340,1.396870,1.396920,1.396770,1.396920
1521077400,1.396940,1.397260,1.396940,1.397130
1521077460,1.397120,1.397190,1.397100,1.397100
1521077520,1.397120,1.397240,1.397120,1.397170
1521077580,1.397180,1.397210,1.397110,1.397210
1521077640,1.397230,1.397240,1.397150,1.397190
1521077700,1.397210,1.397510,1.396910,1.397510
1521077760,1.397570,1.397660,1.397440,1.397570
1521077820,1.397580,1.397590,1.397480,1.397550
1521077880,1.397560,1.397630,1.397520,1.397520
1521077940,1.397480,1.397590,1.397460,1.397460
1521078000,1.397440,1.397440,1.397070,1.397190
1521078060,1.397190,1.397400,1.397190,1.397380
1521078120,1.397380,1.397410,1.397100,1.397100
1521078180,1.397100,1.397180,1.397080,1.397160
1521078240,1.397150,1.397230,1.397140,1.397140
1521078300,1.397110,1.397110,1.396920,1.397090
1521078360,1.397100,1.397120,1.397100,1.397100
1521078420,1.397120,1.397410,1.397120,1.397300
1521078480,1.397300,1.397340,1.397260,1.397340
1521078540,1.397320,1.397320,1.397210,1.397210
1521078600,1.397210,1.397210,1.396880,1.397070
1521078660,1.397080,1.397170,1.397060,1.397070
1521078720,1.397060,1.397310,1.397060,1.397300
1521078780,1.397300,1.397400,1.397100,1.397100
1521078840,1.397140,1.397140,1.396960,1.396970
1521078900,1.396970,1.396980,1.396880,1.396950
1521078960,1.396960,1.396960,1.396870,1.396900
1521079020,1.396890,1.396910,1.396880,1.396900
1521079080,1.396880,1.396990,1.396880,1.396960
1521079140,1.396980,1.396990,1.396890,1.396900
1521079200,1.396910,1.396980,1.396890,1.396900
1521079260,1.396940,1.397010,1.396940,1.396990
1521079320,1.396980,1.397000,1.396950,1.396950
1521079380,1.396950,1.396950,1.396950,1.396950
1521079440,1.396920,1.397000,1.396870,1.396950
1521079500,1.396940,1.397110,1.396900,1.397080
1521079560,1.397090,1.397090,1.397000,1.397040
1521079620,1.397040,1.397040,1.396990,1.397000
1521079680,1.397010,1.397010,1.396930,1.396990
1521079740,1.396970,1.397000,1.396910,1.396950
1521079800,1.396910,1.397000,1.396890,1.396970
1521079860,1.396970,1.397060,1.396970,1.397020
1521079920,1.397040,1.397040,1.396880,1.396890
1521079980,1.396900,1.396990,1.396890,1.396970
1521080040,1.396990,1.397030,1.396940,1.396970
1521080100,1.397050,1.397400,1.397050,1.397290
1521080160,1.397300,1.397310,1.397270,1.397290
1521080220,1.397280,1.397510,1.397280,1.397490
1521080280,1.397490,1.397490,1.397390,1.397390
1521080340,1.397410,1.397500,1.397410,1.397410
1521080400,1.397430,1.397470,1.397390,1.397410
1521080460,1.397480,1.397680,1.397480,1.397500
1521080520,1.397500,1.397570,1.397460,1.397510
1521080580,1.397510,1.397520,1.397310,1.397330
1521080640,1.397380,1.397380,1.397180,1.397190
1521080700,1.397220,1.397420,1.397220,1.397340
1521080760,1.397320,1.397420,1.397190,1.397400
1521080820,1.397420,1.397460,1.397370,1.397410
1521080880,1.397430,1.397530,1.397430,1.397490
1521080940,1.397480,1.397490,1.397080,1.397080
1521081000,1.397090,1.397330,1.397070,1.397320
1521081060,1.397280,1.397280,1.397110,1.397160
1521081120,1.397200,1.397420,1.397200,1.397290
1521081180,1.397270,1.397320,1.397270,1.397320
1521081240,1.397300,1.397320,1.397270,1.397310
1521081300,1.397300,1.397330,1.397290,1.397290
1521081360,1.397320,1.397330,1.397260,1.397290
1521081420,1.397310,1.397500,1.397310,1.397480
1521081480,1.397480,1.397540,1.397320,1.397480
1521081540,1.397450,1.397510,1.397320,1.397320
1521081600,1.397300,1.397400,1.397300,1.397400
1521081660,1.397380,1.397500,1.397360,1.397480
1521081720,1.397470,1.397640,1.397460,1.397530
1521081780,1.397540,1.397630,1.397530,1.397630
1521081840,1.397650,1.397650,1.397530,1.397620
1521081900,1.397600,1.397680,1.397500,1.397590
1521081960,1.397610,1.397620,1.397540,1.397580
1521082020,1.397570,1.397630,1.397500,1.397590
1521082080,1.397590,1.397640,1.397590,1.397620
1521082140,1.397600,1.397650,1.397560,1.397600
1521082200,1.397600,1.397700,1.397540,1.397640
1521082260,1.397650,1.397690,1.397610,1.397660
1521082320,1.397670,1.397680,1.397620,1.397630
1521082380,1.397640,1.397640,1.397620,1.397620
1521082500,1.397650,1.397740,1.397650,1.397740
1521082560,1.397740,1.397740,1.397680,1.397730
1521082620,1.397700,1.397710,1.397690,1.397700
1521082680,1.397680,1.397720,1.397590,1.397610
1521082740,1.397630,1.397630,1.397600,1.397600
1521082800,1.397610,1.397690,1.397600,1.397610
1521082860,1.397600,1.397600,1.397510,1.397510
1521082920,1.397520,1.397570,1.397520,1.397520
1521082980,1.397530,1.397550,1.397510,1.397540
1521083040,1.397550,1.397610,1.397520,1.397520
1521083100,1.397530,1.397610,1.397520,1.397600
1521083160,1.397580,1.397590,1.397540,1.397560
1521083220,1.397550,1.397590,1.397500,1.397520
1521083280,1.397480,1.397480,1.397480,1.397480
1521083340,1.397490,1.397490,1.397360,1.397400
1521083400,1.397420,1.397420,1.397370,1.397370
1521083460,1.397380,1.397390,1.397300,1.397390
1521083520,1.397370,1.397420,1.397300,1.397350
1521083580,1.397340,1.397440,1.397340,1.397440
1521083640,1.397390,1.397430,1.397310,1.397410
1521083700,1.397490,1.397530,1.397490,1.397530
1521083760,1.397570,1.397600,1.397560,1.397590
1521083820,1.397580,1.397600,1.397540,1.397580
1521083880,1.397590,1.397700,1.397590,1.397700
1521083940,1.397700,1.397700,1.397560,1.397590
1521084000,1.397600,1.397730,1.397600,1.397720
1521084060,1.397720,1.397720,1.397670,1.397670
1521084120,1.397690,1.397700,1.397670,1.397700
1521084180,1.397650,1.397680,1.397650,1.397660
1521084240,1.397650,1.397650,1.397550,1.397550
1521084300,1.397570,1.397570,1.397530,1.397550
1521084360,1.397530,1.397630,1.397500,1.397630
1521084420,1.397650,1.397660,1.397600,1.397640
1521084480,1.397640,1.397640,1.397570,1.397570
1521084540,1.397540,1.397710,1.397540,1.397620
1521084600,1.397650,1.397730,1.397650,1.397730
1521084660,1.397720,1.397760,1.397720,1.397750
1521084720,1.397740,1.397790,1.397740,1.397790
1521084780,1.397810,1.397810,1.397750,1.397750
1521084840,1.397750,1.397750,1.397730,1.397730
1521084900,1.397790,1.397790,1.397730,1.397730
1521084960,1.397730,1.397740,1.397670,1.397720
1521085020,1.397750,1.397800,1.397730,1.397730
1521085080,1.397710,1.397720,1.397640,1.397640
1521085140,1.397610,1.397740,1.397610,1.397740
1521085200,1.397760,1.397900,1.397760,1.397880
1521085260,1.397900,1.397930,1.397880,1.397880
1521085320,1.397900,1.397900,1.397880,1.397890
1521085380,1.397880,1.397900,1.397880,1.397880
1521085440,1.397890,1.398340,1.397890,1.398340
1521085500,1.398310,1.398310,1.398000,1.398180
1521085560,1.398180,1.398230,1.398110,1.398110
1521085620,1.398120,1.398360,1.398120,1.398280
1521085680,1.398280,1.398290,1.397980,1.397980
1521085740,1.397980,1.398060,1.397910,1.398050
1521085800,1.398060,1.398230,1.398060,1.398230
1521085860,1.398210,1.398260,1.398210,1.398250
1521085920,1.398250,1.398250,1.398230,1.398240
1521085980,1.398260,1.398260,1.398050,1.398050
1521086040,1.398050,1.398070,1.398000,1.398050
1521086100,1.398070,1.398070,1.398050,1.398060
1521086160,1.398060,1.398060,1.398010,1.398020
1521086220,1.398000,1.398150,1.398000,1.398150
1521086280,1.398150,1.398150,1.398080,1.398150
1521086340,1.398170,1.398240,1.398130,1.398240
