time,open,high,low,close
1387256400,1.058310,1.058360,1.058310,1.058360
1387256460,1.058400,1.058420,1.058400,1.058420
1387256520,1.058410,1.058420,1.058330,1.058360
1387256580,1.058380,1.058380,1.058310,1.058370
1387256640,1.058360,1.058380,1.058320,1.058370
1387256700,1.058390,1.058390,1.058360,1.058360
1387256760,1.058380,1.058390,1.058360,1.058360
1387256820,1.058370,1.058390,1.058360,1.058360
1387256880,1.058350,1.058380,1.058350,1.058350
1387256940,1.058380,1.058380,1.058340,1.058340
1387257000,1.058370,1.058380,1.058360,1.058380
1387257060,1.058370,1.058390,1.058360,1.058360
1387257120,1.058380,1.058390,1.058360,1.058380
1387257180,1.058360,1.058420,1.058360,1.058420
1387257240,1.058430,1.058430,1.058420,1.058430
1387257300,1.058420,1.058430,1.058350,1.058420
1387257360,1.058410,1.058420,1.058400,1.058420
1387257420,1.058410,1.058480,1.058410,1.058470
1387257480,1.058460,1.058480,1.058410,1.058420
1387257540,1.058450,1.058450,1.058410,1.058430
1387257600,1.058410,1.058410,1.058380,1.058390
1387257660,1.058400,1.058400,1.058390,1.058400
1387257720,1.058410,1.058410,1.058370,1.058400
1387257780,1.058380,1.058390,1.058370,1.058370
1387257840,1.058390,1.058390,1.058380,1.058380
1387257900,1.058390,1.058390,1.058380,1.058390
1387257960,1.058410,1.058410,1.058410,1.058410
1387258020,1.058420,1.058420,1.058390,1.058400
1387258080,1.058390,1.058390,1.058370,1.058370
1387258140,1.058380,1.058390,1.058380,1.058380
1387258200,1.058390,1.058390,1.058370,1.058370
1387258260,1.058390,1.058390,1.058360,1.058380
1387258320,1.058360,1.058390,1.058360,1.058380
1387258380,1.058390,1.058390,1.058380,1.058380
1387258440,1.058360,1.058380,1.058360,1.058380
1387258500,1.058360,1.058390,1.058360,1.058380
1387258560,1.058370,1.058380,1.058370,1.058370
1387258620,1.058380,1.058380,1.058360,1.058360
1387258680,1.058350,1.058380,1.058350,1.058360
1387258740,1.058350,1.058360,1.058290,1.058360
1387258800,1.058380,1.058380,1.058360,1.058360
1387258860,1.058380,1.058390,1.058360,1.058380
1387258920,1.058390,1.058390,1.058340,1.058350
1387258980,1.058360,1.058380,1.058350,1.058350
1387259040,1.058370,1.058370,1.058270,1.058290
1387259100,1.058270,1.058270,1.058150,1.058150
1387259160,1.058160,1.058180,1.058160,1.058180
1387259220,1.058170,1.058180,1.058150,1.058170
1387259280,1.058180,1.058180,1.058120,1.058140
1387259340,1.058150,1.058150,1.058150,1.058150
1387259400,1.058130,1.058180,1.058130,1.058180
1387259460,1.058150,1.058180,1.058090,1.058090
1387259520,1.058080,1.058110,1.058070,1.058110
1387259580,1.058100,1.058100,1.057960,1.057990
1387259640,1.058000,1.058050,1.058000,1.058030
1387259700,1.058020,1.058050,1.058010,1.058020
1387259760,1.058000,1.058050,1.057990,1.058020
1387259820,1.058010,1.058020,1.058010,1.058010
1387259880,1.058050,1.058050,1.058020,1.058050
1387259940,1.058030,1.058050,1.058020,1.058050
1387260000,1.058030,1.058190,1.058020,1.058180
1387260060,1.058190,1.058190,1.058150,1.058180
1387260120,1.058190,1.058190,1.058190,1.058190
1387260180,1.058200,1.058270,1.058200,1.058240
1387260240,1.058250,1.058310,1.058240,1.058310
1387260300,1.058320,1.058320,1.058300,1.058300
1387260360,1.058310,1.058310,1.058250,1.058260
1387260420,1.058280,1.058290,1.058250,1.058280
1387260480,1.058290,1.058290,1.058250,1.058290
1387260540,1.058280,1.058290,1.058200,1.058210
1387260600,1.058200,1.058210,1.058200,1.058200
1387260660,1.058210,1.058220,1.058210,1.058220
1387260720,1.058210,1.058220,1.058200,1.058220
1387260780,1.058230,1.058230,1.058120,1.058130
1387260840,1.058120,1.058150,1.058120,1.058130
1387260900,1.058120,1.058150,1.058110,1.058130
1387260960,1.058120,1.058180,1.058120,1.058170
1387261020,1.058180,1.058180,1.058130,1.058150
1387261080,1.058160,1.058180,1.058160,1.058170
1387261140,1.058180,1.058200,1.058170,1.058180
1387261200,1.058190,1.058190,1.058160,1.058180
1387261260,1.058190,1.058220,1.058190,1.058210
1387261320,1.058220,1.058220,1.058210,1.058220
1387261380,1.058210,1.058220,1.058210,1.058210
1387261440,1.058220,1.058300,1.058200,1.058300
1387261500,1.058310,1.058310,1.058310,1.058310
1387261560,1.058300,1.058300,1.058300,1.058300
1387261620,1.058310,1.058320,1.058310,1.058310
1387261680,1.058300,1.058370,1.058300,1.058340
1387261740,1.058310,1.058310,1.058250,1.058300
1387261800,1.058250,1.058320,1.058250,1.058310
1387261860,1.058320,1.058320,1.058310,1.058310
1387261920,1.058300,1.058300,1.058300,1.058300
1387261980,1.058250,1.058290,1.058250,1.058280
1387262040,1.058250,1.058280,1.058250,1.058270
1387262100,1.058280,1.058300,1.058270,1.058290
1387262220,1.058280,1.058280,1.058250,1.058280
1387262280,1.058290,1.058290,1.058250,1.058290
1387262340,1.058280,1.058280,1.058250,1.058280
1387262400,1.058250,1.058280,1.058250,1.058260
1387262460,1.058270,1.058300,1.058270,1.058300
1387262520,1.058320,1.058340,1.058320,1.058330
1387262580,1.058340,1.058340,1.058250,1.058290
1387262640,1.058250,1.058290,1.058210,1.058210
1387262700,1.058230,1.058240,1.058230,1.058240
1387262760,1.058230,1.058230,1.058210,1.058210
1387262820,1.058240,1.058290,1.058230,1.058270
1387262880,1.058290,1.058290,1.058250,1.058280
1387262940,1.058290,1.058290,1.058250,1.058290
1387263000,1.058280,1.058290,1.058250,1.058280
1387263060,1.058250,1.058300,1.058250,1.058300
1387263120,1.058290,1.058290,1.058280,1.058280
1387263180,1.058290,1.058290,1.058270,1.058280
1387263240,1.058290,1.058290,1.058280,1.058290
1387263300,1.058280,1.058290,1.058250,1.058280
1387263360,1.058260,1.058280,1.058260,1.058270
1387263420,1.058280,1.058290,1.058270,1.058290
1387263480,1.058270,1.058280,1.058240,1.058280
1387263540,1.058260,1.058280,1.058250,1.058260
1387263600,1.058250,1.058300,1.058240,1.058250
1387263660,1.058280,1.058370,1.058250,1.058320
1387263720,1.058330,1.058390,1.058320,1.058390
1387263780,1.058410,1.058420,1.058390,1.058420
1387263840,1.058410,1.058410,1.058390,1.058390
1387263900,1.058400,1.058440,1.058400,1.058400
1387263960,1.058420,1.058430,1.058350,1.058350
1387264020,1.058370,1.058380,1.058350,1.058380
1387264080,1.058370,1.058380,1.058360,1.058360
1387264140,1.058340,1.058380,1.058340,1.058370
1387264200,1.058350,1.058390,1.058340,1.058390
1387264260,1.058350,1.058390,1.058350,1.058380
1387264320,1.058350,1.058400,1.058350,1.058380
1387264380,1.058390,1.058390,1.058380,1.058390
1387264440,1.058350,1.058420,1.058350,1.058420
1387264500,1.058430,1.058450,1.058430,1.058440
1387264560,1.058430,1.058440,1.058420,1.058430
1387264620,1.058410,1.058430,1.058410,1.058430
1387264680,1.058420,1.058430,1.058400,1.058400
1387264740,1.058410,1.058410,1.058350,1.058370
1387264800,1.058350,1.058350,1.058310,1.058320
1387264860,1.058330,1.058330,1.058290,1.058310
1387264920,1.058300,1.058310,1.058300,1.058310
1387264980,1.058300,1.058310,1.058300,1.058310
1387265040,1.058300,1.058310,1.058300,1.058310
1387265100,1.058280,1.058310,1.058270,1.058310
1387265160,1.058320,1.058320,1.058310,1.058310
1387265280,1.058320,1.058320,1.058310,1.058310
1387265340,1.058320,1.058400,1.058320,1.058400
1387265400,1.058390,1.058390,1.058350,1.058370
1387265460,1.058360,1.058370,1.058290,1.058340
1387265520,1.058360,1.058500,1.058350,1.058500
1387265580,1.058520,1.058520,1.058490,1.058500
1387265640,1.058510,1.058520,1.058510,1.058520
1387265700,1.058510,1.058510,1.058500,1.058500
1387265820,1.058480,1.058480,1.058400,1.058430
1387265880,1.058460,1.058510,1.058450,1.058460
1387265940,1.058450,1.058470,1.058420,1.058420
1387266000,1.058430,1.058520,1.058430,1.058510
1387266060,1.058490,1.058500,1.058430,1.058430
1387266120,1.058440,1.058450,1.058390,1.058400
1387266180,1.058390,1.058450,1.058390,1.058400
1387266240,1.058410,1.058450,1.058400,1.058450
1387266300,1.058430,1.058510,1.058420,1.058510
1387266360,1.058490,1.058500,1.058490,1.058500
1387266420,1.058510,1.058630,1.058510,1.058630
1387266480,1.058620,1.058770,1.058620,1.058760
1387266540,1.058750,1.058800,1.058740,1.058800
1387266600,1.058820,1.058850,1.058810,1.058810
1387266660,1.058800,1.058850,1.058730,1.058760
1387266720,1.058790,1.058790,1.058740,1.058750
1387266780,1.058760,1.058760,1.058720,1.058730
1387266840,1.058740,1.058740,1.058620,1.058630
1387266900,1.058610,1.058630,1.058490,1.058490
1387266960,1.058500,1.058520,1.058500,1.058510
1387267020,1.058500,1.058500,1.058420,1.058430
1387267080,1.058450,1.058490,1.058430,1.058480
1387267140,1.058490,1.058490,1.058420,1.058430
1387267200,1.058480,1.058510,1.058420,1.058420
1387267260,1.058410,1.058480,1.058410,1.058430
1387267320,1.058440,1.058460,1.058420,1.058430
1387267380,1.058450,1.058490,1.058390,1.058490
1387267440,1.058480,1.058480,1.058400,1.058400
1387267500,1.058380,1.058480,1.058350,1.058480
1387267560,1.058470,1.058590,1.058470,1.058590
1387267620,1.058580,1.058590,1.058550,1.058580
1387267680,1.058570,1.058590,1.058570,1.058590
1387267740,1.058550,1.058590,1.058550,1.058570
1387267800,1.058580,1.058690,1.058550,1.058660
1387267860,1.058670,1.058700,1.058580,1.058590
1387267920,1.058580,1.058660,1.058550,1.058630
1387267980,1.058640,1.058690,1.058640,1.058660
1387268040,1.058670,1.058740,1.058670,1.058740
1387268100,1.058720,1.058750,1.058700,1.058730
1387268160,1.058720,1.058770,1.058690,1.058750
1387268220,1.058730,1.058770,1.058720,1.058720
1387268280,1.058730,1.058770,1.058710,1.058740
1387268340,1.058760,1.058810,1.058730,1.058730
1387268400,1.058700,1.058700,1.058580,1.058600
1387268460,1.058580,1.058590,1.058550,1.058590
1387268520,1.058600,1.058600,1.058600,1.058600
1387268580,1.058620,1.058620,1.058510,1.058580
1387268640,1.058570,1.058580,1.058570,1.058580
1387268700,1.058550,1.058580,1.058550,1.058580
1387268760,1.058550,1.058590,1.058550,1.058590
1387268820,1.058550,1.058590,1.058450,1.058490
1387268880,1.058480,1.058500,1.058450,1.058500
1387268940,1.058510,1.058600,1.058500,1.058600
1387269000,1.058610,1.058610,1.058550,1.058570
1387269060,1.058580,1.058610,1.058550,1.058580
1387269120,1.058590,1.058590,1.058480,1.058550
1387269180,1.058520,1.058550,1.058470,1.058520
1387269240,1.058530,1.058590,1.058480,1.058480
1387269300,1.058470,1.058500,1.058260,1.058260
1387269360,1.058250,1.058370,1.058250,1.058270
1387269420,1.058280,1.058350,1.058070,1.058080
1387269480,1.058090,1.058160,1.058040,1.058070
1387269540,1.058110,1.058110,1.058050,1.058070
1387269600,1.058080,1.058080,1.058030,1.058050
1387269660,1.058060,1.058060,1.058020,1.058040
1387269720,1.058050,1.058070,1.058030,1.058060
1387269780,1.058050,1.058100,1.058030,1.058050
1387269840,1.058070,1.058260,1.058050,1.058250
1387269900,1.058260,1.058280,1.058230,1.058230
1387269960,1.058250,1.058290,1.058200,1.058200
1387270020,1.058190,1.058250,1.058150,1.058240
1387270080,1.058230,1.058230,1.058200,1.058210
1387270200,1.058200,1.058280,1.058200,1.058270
1387270260,1.058260,1.058280,1.058200,1.058200
1387270320,1.058230,1.058270,1.058230,1.058270
1387270380,1.058250,1.058280,1.058220,1.058270
1387270440,1.058280,1.058290,1.058240,1.058250
1387270500,1.058260,1.058290,1.058230,1.058270
1387270560,1.058260,1.058410,1.058220,1.058410
1387270620,1.058380,1.058380,1.058250,1.058260
1387270680,1.058270,1.058280,1.058230,1.058260
1387270740,1.058270,1.058270,1.058240,1.058260
1387270800,1.058290,1.058310,1.058250,1.058280
1387270860,1.058270,1.058290,1.058250,1.058250
1387270920,1.058280,1.058280,1.058230,1.058250
1387270980,1.058270,1.058270,1.058210,1.058240
1387271040,1.058250,1.058260,1.058130,1.058150
1387271100,1.058140,1.058150,1.057800,1.057830
1387271160,1.057840,1.057860,1.057660,1.057680
1387271220,1.057650,1.057710,1.057650,1.057700
1387271280,1.057710,1.057710,1.057650,1.057700
1387271340,1.057710,1.057800,1.057700,1.057800
1387271400,1.057810,1.057810,1.057790,1.057800
1387271460,1.057830,1.057850,1.057790,1.057810
1387271520,1.057800,1.057800,1.057530,1.057600
1387271580,1.057580,1.057650,1.057580,1.057620
1387271640,1.057640,1.057680,1.057620,1.057650
1387271700,1.057660,1.057710,1.057640,1.057700
1387271760,1.057690,1.057720,1.057690,1.057710
1387271820,1.057720,1.057720,1.057700,1.057710
1387271880,1.057700,1.057710,1.057680,1.057680
1387271940,1.057670,1.057680,1.057630,1.057650
1387272000,1.057640,1.057680,1.057640,1.057680
1387272060,1.057670,1.057680,1.057650,1.057680
1387272120,1.057650,1.057680,1.057570,1.057590
1387272180,1.057600,1.057690,1.057600,1.057690
1387272240,1.057650,1.057690,1.057650,1.057680
1387272300,1.057690,1.057690,1.057650,1.057680
1387272360,1.057690,1.057690,1.057640,1.057690
1387272420,1.057710,1.057710,1.057680,1.057700
1387272480,1.057660,1.057690,1.057610,1.057650
1387272540,1.057630,1.057650,1.057610,1.057610
1387272600,1.057600,1.057680,1.057600,1.057650
1387272660,1.057680,1.057690,1.057580,1.057610
1387272720,1.057600,1.057690,1.057600,1.057640
1387272780,1.057650,1.057670,1.057600,1.057660
1387272840,1.057650,1.057650,1.057600,1.057630
1387272900,1.057620,1.057680,1.057620,1.057680
1387272960,1.057670,1.057680,1.057600,1.057620
1387273020,1.057610,1.057680,1.057610,1.057680
1387273080,1.057650,1.057650,1.057580,1.057590
1387273140,1.057580,1.057650,1.057580,1.057590
1387273200,1.057600,1.057650,1.057570,1.057620
1387273260,1.057610,1.057650,1.057600,1.057600
1387273320,1.057640,1.057680,1.057610,1.057680
1387273380,1.057670,1.057690,1.057610,1.057610
1387273440,1.057620,1.057650,1.057610,1.057620
1387273500,1.057610,1.057650,1.057550,1.057560
1387273560,1.057550,1.057570,1.057510,1.057510
1387273680,1.057570,1.057580,1.057550,1.057580
1387273740,1.057550,1.057580,1.057550,1.057580
1387273800,1.057550,1.057600,1.057550,1.057600
1387273860,1.057610,1.057610,1.057600,1.057600
1387273920,1.057610,1.057690,1.057610,1.057660
1387273980,1.057670,1.057730,1.057640,1.057730
1387274040,1.057720,1.057730,1.057720,1.057730
1387274100,1.057750,1.057770,1.057700,1.057740
1387274160,1.057730,1.057770,1.057720,1.057730
1387274220,1.057740,1.057880,1.057700,1.057880
1387274280,1.057900,1.058000,1.057900,1.057990
1387274340,1.058060,1.058450,1.058000,1.058450
1387274400,1.058470,1.058500,1.057820,1.057820
1387274460,1.057840,1.057920,1.057820,1.057850
1387274520,1.057870,1.057910,1.057720,1.057720
1387274580,1.057730,1.057780,1.057720,1.057750
1387274640,1.057740,1.057740,1.057600,1.057600
1387274700,1.057610,1.057610,1.057540,1.057560
1387274760,1.057550,1.057600,1.057510,1.057600
1387274820,1.057620,1.057620,1.057610,1.057610
1387274880,1.057600,1.057620,1.057590,1.057590
1387274940,1.057580,1.057700,1.057580,1.057690
1387275000,1.057670,1.057770,1.057670,1.057770
1387275060,1.057750,1.057850,1.057730,1.057810
1387275120,1.057800,1.057880,1.057690,1.057720
1387275180,1.057740,1.057910,1.057740,1.057850
1387275240,1.057830,1.057920,1.057810,1.057890
1387275300,1.057850,1.057950,1.057850,1.057950
1387275360,1.057970,1.058050,1.057800,1.057800
1387275420,1.057820,1.057870,1.057810,1.057820
1387275480,1.057810,1.058050,1.057810,1.058050
1387275540,1.058040,1.058060,1.057930,1.057940
1387275600,1.057930,1.057930,1.057650,1.057680
1387275660,1.057690,1.057900,1.057650,1.057820
1387275720,1.057830,1.057850,1.057820,1.057830
1387275780,1.057840,1.057850,1.057830,1.057830
1387275840,1.057840,1.057890,1.057800,1.057830
1387275900,1.057840,1.057840,1.057700,1.057700
1387275960,1.057710,1.057950,1.057710,1.057900
1387276020,1.057930,1.057950,1.057760,1.057760
1387276080,1.057770,1.057900,1.057720,1.057880
1387276140,1.057890,1.057970,1.057890,1.057940
1387276200,1.057930,1.058210,1.057930,1.058130
1387276260,1.058140,1.058180,1.058130,1.058170
1387276320,1.058180,1.058230,1.058150,1.058170
1387276380,1.058180,1.058180,1.058090,1.058150
1387276440,1.058170,1.058170,1.058130,1.058150
1387276500,1.058130,1.058170,1.058030,1.058040
1387276560,1.058060,1.058060,1.057950,1.057980
1387276620,1.058000,1.058080,1.057930,1.057970
1387276680,1.057950,1.057990,1.057810,1.057820
1387276740,1.057830,1.057840,1.057820,1.057840
1387276800,1.057830,1.057970,1.057820,1.057920
1387276860,1.057930,1.057930,1.057830,1.057870
1387276920,1.057860,1.057860,1.057790,1.057830
1387276980,1.057840,1.057960,1.057830,1.057960
1387277040,1.057950,1.058190,1.057950,1.058190
1387277100,1.058180,1.058190,1.058150,1.058170
1387277160,1.058150,1.058180,1.058050,1.058080
1387277220,1.058070,1.058070,1.057810,1.057830
1387277280,1.057900,1.057900,1.057630,1.057630
1387277340,1.057650,1.057680,1.057620,1.057670
1387277400,1.057680,1.057750,1.057650,1.057730
1387277460,1.057750,1.057880,1.057730,1.057750
1387277520,1.057760,1.057790,1.057730,1.057790
1387277580,1.057770,1.057780,1.057730,1.057740
1387277640,1.057780,1.057840,1.057750,1.057830
1387277700,1.057840,1.057920,1.057820,1.057840
1387277760,1.057850,1.057850,1.057820,1.057820
1387277820,1.057810,1.057820,1.057810,1.057820
1387277880,1.057810,1.057930,1.057810,1.057830
1387277940,1.057820,1.057910,1.057790,1.057800
1387278000,1.057810,1.057890,1.057800,1.057890
1387278060,1.057880,1.057970,1.057810,1.057970
1387278120,1.058050,1.058060,1.058030,1.058040
1387278180,1.058050,1.058120,1.058010,1.058040
1387278240,1.058050,1.058060,1.058020,1.058030
1387278300,1.058020,1.058030,1.058010,1.058030
1387278360,1.058020,1.058050,1.058010,1.058010
1387278420,1.058020,1.058240,1.058020,1.058240
1387278480,1.058250,1.058260,1.058230,1.058240
1387278540,1.058200,1.058200,1.058130,1.058150
1387278600,1.058140,1.058170,1.058110,1.058120
1387278660,1.058110,1.058120,1.057810,1.057810
1387278720,1.057820,1.057980,1.057820,1.057930
1387278780,1.057890,1.057980,1.057850,1.057940
1387278840,1.057930,1.058010,1.057920,1.058000
1387278900,1.057990,1.057990,1.057980,1.057980
1387278960,1.057990,1.058000,1.057980,1.058000
1387279020,1.058030,1.058050,1.058030,1.058050
1387279080,1.058040,1.058050,1.058030,1.058040
1387279140,1.058050,1.058060,1.057920,1.057920
1387279200,1.057910,1.057910,1.057810,1.057830
1387279260,1.057820,1.057820,1.057750,1.057760
1387279320,1.057770,1.057770,1.057650,1.057660
1387279380,1.057650,1.057680,1.057640,1.057670
1387279440,1.057680,1.057690,1.057650,1.057690
1387279500,1.057670,1.057700,1.057650,1.057700
1387279560,1.057690,1.057700,1.057640,1.057640
1387279620,1.057630,1.057650,1.057580,1.057610
1387279680,1.057600,1.057610,1.057550,1.057590
1387279740,1.057600,1.057600,1.057550,1.057590
1387279800,1.057580,1.057590,1.057480,1.057490
1387279860,1.057510,1.057510,1.057500,1.057500
1387279980,1.057490,1.057500,1.057490,1.057500
1387280040,1.057490,1.057520,1.057490,1.057520
1387280100,1.057530,1.057620,1.057520,1.057620
1387280160,1.057630,1.057630,1.057620,1.057620
1387280280,1.057610,1.057610,1.057610,1.057610
1387280340,1.057620,1.057620,1.057600,1.057600
1387280400,1.057610,1.057720,1.057570,1.057580
1387280460,1.057550,1.057630,1.057550,1.057620
1387280520,1.057670,1.057680,1.057610,1.057640
1387280580,1.057650,1.057690,1.057630,1.057640
1387280640,1.057650,1.057650,1.057630,1.057630
1387280760,1.057640,1.057640,1.057630,1.057630
1387280880,1.057650,1.057650,1.057620,1.057630
1387281000,1.057690,1.057730,1.057640,1.057720
1387281060,1.057710,1.057730,1.057710,1.057720
1387281120,1.057700,1.057700,1.057620,1.057630
1387281180,1.057620,1.057660,1.057620,1.057630
1387281240,1.057650,1.057700,1.057620,1.057630
1387281300,1.057650,1.057650,1.057610,1.057620
1387281360,1.057630,1.057650,1.057620,1.057630
1387281420,1.057650,1.057650,1.057630,1.057630
1387281480,1.057640,1.057730,1.057610,1.057720
1387281540,1.057710,1.057900,1.057620,1.057900
1387281600,1.057890,1.058000,1.057850,1.058000
1387281660,1.057950,1.057980,1.057900,1.057980
1387281720,1.057970,1.057980,1.057780,1.057790
1387281780,1.057810,1.057850,1.057710,1.057720
1387281840,1.057710,1.057710,1.057600,1.057650
1387281900,1.057670,1.057780,1.057670,1.057750
1387281960,1.057770,1.057770,1.057750,1.057760
1387282020,1.057740,1.057770,1.057730,1.057760
1387282080,1.057750,1.057780,1.057730,1.057740
1387282140,1.057750,1.057760,1.057730,1.057750
1387282200,1.057740,1.057740,1.057620,1.057620
1387282260,1.057560,1.057640,1.057560,1.057610
1387282320,1.057620,1.057620,1.057600,1.057600
1387282380,1.057610,1.057650,1.057610,1.057610
1387282440,1.057630,1.057660,1.057630,1.057640
1387282500,1.057650,1.057650,1.057630,1.057640
1387282560,1.057630,1.057700,1.057610,1.057700
1387282620,1.057690,1.057690,1.057610,1.057630
1387282680,1.057620,1.057650,1.057610,1.057630
1387282740,1.057640,1.057650,1.057620,1.057630
1387282800,1.057650,1.057660,1.057570,1.057660
1387282860,1.057670,1.057710,1.057630,1.057700
1387282920,1.057710,1.057720,1.057610,1.057610
1387282980,1.057630,1.057750,1.057630,1.057750
1387283040,1.057760,1.057760,1.057710,1.057720
1387283100,1.057700,1.057730,1.057680,1.057720
1387283160,1.057750,1.057780,1.057730,1.057760
1387283220,1.057750,1.057880,1.057750,1.057860
1387283280,1.057870,1.057870,1.057840,1.057860
1387283340,1.057850,1.057870,1.057840,1.057870
1387283400,1.057850,1.057870,1.057850,1.057870
1387283460,1.057850,1.057870,1.057840,1.057840
1387283520,1.057860,1.057880,1.057840,1.057860
1387283580,1.057850,1.058200,1.057810,1.058200
1387283640,1.058170,1.058200,1.058150,1.058170
1387283700,1.058120,1.058450,1.057950,1.058330
1387283760,1.058320,1.058680,1.058320,1.058530
1387283820,1.058520,1.058530,1.058430,1.058450
1387283880,1.058440,1.058450,1.058430,1.058440
1387283940,1.058430,1.058450,1.058430,1.058440
1387284000,1.058450,1.058450,1.058430,1.058440
1387284060,1.058430,1.058500,1.058430,1.058490
1387284120,1.058500,1.058510,1.058390,1.058410
1387284180,1.058420,1.058500,1.058410,1.058480
1387284240,1.058470,1.058510,1.058440,1.058510
1387284300,1.058520,1.058670,1.058520,1.058590
1387284360,1.058610,1.058670,1.058590,1.058640
1387284420,1.058620,1.058650,1.058590,1.058610
1387284480,1.058600,1.058600,1.058540,1.058540
1387284540,1.058550,1.058550,1.058530,1.058550
1387284600,1.058540,1.058550,1.058530,1.058530
1387284660,1.058540,1.058550,1.058480,1.058490
1387284720,1.058470,1.058470,1.058440,1.058450
1387284780,1.058440,1.058470,1.058440,1.058450
1387284840,1.058470,1.058470,1.058420,1.058450
1387284900,1.058420,1.058450,1.058420,1.058440
1387284960,1.058430,1.058450,1.058420,1.058440
1387285020,1.058430,1.058500,1.058410,1.058500
1387285080,1.058520,1.058530,1.058500,1.058510
1387285140,1.058500,1.058590,1.058420,1.058540
1387285200,1.058550,1.058550,1.058480,1.058530
1387285260,1.058510,1.058550,1.058510,1.058530
1387285320,1.058520,1.058520,1.058430,1.058490
1387285380,1.058480,1.058510,1.058480,1.058500
1387285440,1.058490,1.058510,1.058490,1.058510
1387285500,1.058520,1.058520,1.058510,1.058510
1387285560,1.058520,1.058550,1.058510,1.058540
1387285620,1.058550,1.058610,1.058530,1.058550
1387285680,1.058530,1.058550,1.058430,1.058480
1387285740,1.058450,1.058550,1.058450,1.058520
1387285800,1.058530,1.058600,1.058520,1.058550
1387285860,1.058540,1.058570,1.058520,1.058520
1387285920,1.058500,1.058500,1.058480,1.058490
1387285980,1.058500,1.058510,1.058480,1.058510
1387286040,1.058500,1.058680,1.058500,1.058660
1387286100,1.058690,1.058750,1.058650,1.058650
1387286160,1.058640,1.058790,1.058640,1.058770
1387286220,1.058750,1.058770,1.058730,1.058750
1387286280,1.058730,1.058750,1.058630,1.058630
1387286340,1.058650,1.058900,1.058630,1.058900
1387286400,1.058880,1.059090,1.058880,1.059050
1387286460,1.059000,1.059090,1.058950,1.059090
1387286520,1.059080,1.059090,1.059050,1.059080
1387286580,1.059030,1.059030,1.058640,1.058750
1387286640,1.058760,1.058880,1.058730,1.058850
1387286700,1.058860,1.058880,1.058830,1.058850
1387286760,1.058840,1.059480,1.058830,1.059400
1387286820,1.059390,1.059400,1.059270,1.059270
1387286880,1.059260,1.059290,1.059140,1.059240
1387286940,1.059230,1.059230,1.058590,1.059030
1387287000,1.059000,1.059060,1.058420,1.058430
1387287060,1.058440,1.058750,1.058350,1.058680
1387287120,1.058630,1.058970,1.058510,1.058720
1387287180,1.058740,1.058750,1.058690,1.058720
1387287240,1.058730,1.058850,1.058450,1.058700
1387287300,1.058710,1.058760,1.058370,1.058390
1387287360,1.058340,1.058410,1.058310,1.058310
1387287420,1.058330,1.058410,1.058330,1.058380
1387287480,1.058340,1.058610,1.058340,1.058510
1387287540,1.058470,1.058590,1.058470,1.058590
1387287600,1.058600,1.058770,1.058600,1.058740
1387287660,1.058720,1.058910,1.058710,1.058910
1387287720,1.058950,1.058980,1.058830,1.058880
1387287780,1.058860,1.058980,1.058830,1.058970
1387287840,1.058950,1.059150,1.058950,1.059060
1387287900,1.059070,1.059120,1.059030,1.059050
1387287960,1.059070,1.059070,1.058920,1.058980
1387288020,1.058950,1.058990,1.058930,1.058980
1387288080,1.058970,1.059190,1.058970,1.059160
1387288140,1.059170,1.059180,1.058830,1.058950
1387288200,1.058940,1.058980,1.058940,1.058970
1387288260,1.058960,1.059130,1.058940,1.059020
1387288320,1.059040,1.059080,1.059030,1.059070
1387288380,1.059080,1.059080,1.059020,1.059020
1387288440,1.059040,1.059090,1.059040,1.059070
1387288500,1.059060,1.059060,1.059030,1.059050
1387288560,1.059060,1.059190,1.059050,1.059150
1387288620,1.059180,1.059200,1.059170,1.059180
1387288680,1.059170,1.059320,1.059150,1.059250
1387288740,1.059290,1.059290,1.059180,1.059180
1387288800,1.059190,1.059200,1.059150,1.059180
1387288860,1.059150,1.059180,1.059140,1.059150
1387288920,1.059160,1.059300,1.059140,1.059280
1387288980,1.059250,1.059300,1.059240,1.059240
1387289040,1.059250,1.059250,1.059000,1.059050
1387289100,1.059060,1.059080,1.058980,1.058980
1387289160,1.058970,1.059010,1.058900,1.058920
1387289220,1.058930,1.058950,1.058910,1.058940
1387289280,1.058950,1.058990,1.058940,1.058990
1387289340,1.058970,1.058970,1.058730,1.058820
1387289400,1.058850,1.059080,1.058820,1.059080
1387289460,1.059050,1.059240,1.059050,1.059180
1387289520,1.059170,1.059180,1.059050,1.059170
1387289580,1.059180,1.059180,1.059050,1.059090
1387289640,1.059080,1.059390,1.059050,1.059360
1387289700,1.059340,1.059550,1.059330,1.059440
1387289760,1.059430,1.059450,1.059350,1.059390
1387289820,1.059360,1.059420,1.059330,1.059390
1387289880,1.059400,1.059450,1.059400,1.059420
1387289940,1.059430,1.059570,1.059430,1.059540
1387290000,1.059520,1.059520,1.059390,1.059390
1387290060,1.059350,1.059400,1.059290,1.059370
1387290120,1.059330,1.059330,1.059100,1.059140
1387290180,1.059130,1.059260,1.059130,1.059240
1387290240,1.059230,1.059250,1.059150,1.059180
1387290300,1.059160,1.059180,1.059150,1.059180
1387290360,1.059150,1.059330,1.059150,1.059300
1387290420,1.059320,1.059450,1.059290,1.059390
1387290480,1.059380,1.059380,1.059250,1.059260
1387290540,1.059250,1.059400,1.059240,1.059350
1387290600,1.059380,1.059410,1.059270,1.059290
1387290660,1.059310,1.059390,1.059290,1.059290
1387290720,1.059230,1.059230,1.058720,1.058720
1387290780,1.058710,1.058990,1.058610,1.058990
1387290840,1.059000,1.059210,1.058970,1.059130
1387290900,1.059140,1.059210,1.059130,1.059150
1387290960,1.059130,1.059130,1.059040,1.059050
1387291020,1.059070,1.059350,1.059050,1.059190
1387291080,1.059220,1.059410,1.059220,1.059410
1387291140,1.059390,1.059510,1.059380,1.059450
1387291200,1.059470,1.059490,1.059300,1.059320
1387291260,1.059340,1.059500,1.059200,1.059500
1387291320,1.059510,1.059620,1.059500,1.059510
1387291380,1.059500,1.059650,1.059500,1.059600
1387291440,1.059610,1.059650,1.059490,1.059490
1387291500,1.059500,1.059510,1.059440,1.059510
1387291560,1.059500,1.059570,1.059480,1.059570
1387291620,1.059560,1.059560,1.059490,1.059550
1387291680,1.059530,1.059590,1.059390,1.059390
1387291740,1.059380,1.059620,1.059360,1.059610
1387291800,1.059600,1.059700,1.059600,1.059700
1387291860,1.059760,1.059810,1.059450,1.059620
1387291920,1.059610,1.059850,1.059590,1.059850
1387291980,1.059840,1.059970,1.059830,1.059960
1387292040,1.059980,1.060030,1.059840,1.059850
1387292100,1.059920,1.060010,1.059920,1.059990
1387292160,1.060000,1.060150,1.059990,1.060020
1387292220,1.060050,1.060070,1.059920,1.059970
1387292280,1.059950,1.059970,1.059820,1.059830
1387292340,1.059850,1.059920,1.059740,1.059920
1387292400,1.059950,1.060210,1.059940,1.060120
1387292460,1.060100,1.060100,1.059980,1.060060
1387292520,1.060050,1.060170,1.059990,1.059990
1387292580,1.059950,1.059990,1.059600,1.059600
1387292640,1.059620,1.059740,1.059470,1.059740
1387292700,1.059730,1.060000,1.059720,1.059960
1387292760,1.059940,1.060130,1.059930,1.060060
1387292820,1.060080,1.060080,1.059920,1.060030
1387292880,1.060050,1.060050,1.059790,1.059850
1387292940,1.059890,1.060080,1.059830,1.059830
1387293000,1.059860,1.060250,1.059780,1.060190
1387293060,1.060300,1.060330,1.060200,1.060200
1387293120,1.060140,1.060140,1.059810,1.059970
1387293180,1.059950,1.059960,1.059560,1.059560
1387293240,1.059610,1.059610,1.059480,1.059480
1387293300,1.059530,1.060180,1.059530,1.060170
1387293360,1.060180,1.060180,1.059820,1.059970
1387293420,1.059950,1.060190,1.059930,1.060170
1387293480,1.060130,1.060190,1.059890,1.059900
1387293540,1.059890,1.060080,1.059810,1.059860
1387293600,1.059850,1.059880,1.059750,1.059790
1387293660,1.059780,1.059780,1.059650,1.059680
1387293720,1.059670,1.059760,1.059650,1.059750
1387293780,1.059760,1.059890,1.059750,1.059880
1387293840,1.059850,1.060190,1.059740,1.060190
1387293900,1.060200,1.060580,1.060200,1.060330
1387293960,1.060350,1.060470,1.060310,1.060450
1387294020,1.060460,1.060650,1.060440,1.060630
1387294080,1.060660,1.061170,1.060630,1.061150
1387294140,1.061130,1.061130,1.060950,1.060950
1387294200,1.060970,1.061320,1.060900,1.061320
1387294260,1.061310,1.061590,1.061250,1.061570
1387294320,1.061560,1.061560,1.061420,1.061520
1387294380,1.061500,1.061500,1.061220,1.061220
1387294440,1.061200,1.061280,1.061080,1.061090
1387294500,1.061100,1.061250,1.061090,1.061140
1387294560,1.061160,1.061220,1.061040,1.061060
1387294620,1.061040,1.061070,1.060940,1.061000
1387294680,1.060990,1.061000,1.060630,1.060650
1387294740,1.060730,1.060860,1.060680,1.060740
1387294800,1.060760,1.060780,1.060740,1.060740
1387294860,1.060700,1.060730,1.060630,1.060730
1387294920,1.060720,1.060850,1.060670,1.060820
1387294980,1.060830,1.060850,1.060750,1.060800
1387295040,1.060790,1.060810,1.060610,1.060610
1387295100,1.060600,1.060650,1.060450,1.060610
1387295160,1.060570,1.060650,1.060530,1.060630
1387295220,1.060650,1.060780,1.060630,1.060780
1387295280,1.060760,1.060810,1.060740,1.060750
1387295340,1.060760,1.061070,1.060750,1.061070
1387295400,1.061050,1.061070,1.060600,1.060740
1387295460,1.060750,1.060770,1.060730,1.060770
1387295520,1.060750,1.060800,1.060730,1.060760
1387295580,1.060770,1.060880,1.060750,1.060840
1387295640,1.060850,1.061220,1.060730,1.061190
1387295700,1.061210,1.061220,1.061050,1.061050
1387295760,1.061060,1.061130,1.060930,1.061030
1387295820,1.061020,1.061020,1.060810,1.060810
1387295880,1.060770,1.060880,1.060720,1.060720
1387295940,1.060700,1.060710,1.060140,1.060140
1387296000,1.060150,1.060420,1.060130,1.060280
1387296060,1.060250,1.060430,1.060250,1.060380
1387296120,1.060400,1.060500,1.060390,1.060390
1387296180,1.060380,1.060420,1.060350,1.060420
1387296240,1.060410,1.060420,1.060390,1.060410
1387296300,1.060420,1.060450,1.060410,1.060420
1387296360,1.060400,1.060490,1.060400,1.060430
1387296420,1.060450,1.060450,1.060290,1.060300
1387296480,1.060310,1.060320,1.060310,1.060320
1387296540,1.060310,1.060320,1.060290,1.060300
1387296600,1.060280,1.060380,1.060280,1.060330
1387296660,1.060350,1.060380,1.060300,1.060300
1387296720,1.060320,1.060360,1.060250,1.060280
1387296780,1.060270,1.060290,1.060250,1.060270
1387296840,1.060250,1.060280,1.060150,1.060200
1387296900,1.060250,1.060280,1.060050,1.060080
1387296960,1.060090,1.060120,1.060050,1.060070
1387297020,1.060080,1.060200,1.059980,1.060190
1387297080,1.060200,1.060200,1.060150,1.060180
1387297140,1.060150,1.060280,1.060150,1.060200
1387297200,1.060220,1.060270,1.059970,1.060040
1387297260,1.060050,1.060100,1.059890,1.060080
1387297320,1.060100,1.060250,1.060050,1.060180
1387297380,1.060190,1.060190,1.060150,1.060190
1387297440,1.060200,1.060280,1.060150,1.060280
1387297500,1.060360,1.060360,1.060190,1.060230
1387297560,1.060210,1.060250,1.060150,1.060150
1387297620,1.060180,1.060300,1.060100,1.060180
1387297680,1.060220,1.060390,1.060220,1.060340
1387297740,1.060360,1.060380,1.060320,1.060320
1387297800,1.060350,1.060350,1.060300,1.060320
1387297860,1.060330,1.060350,1.060050,1.060100
1387297920,1.060090,1.060260,1.060090,1.060180
1387297980,1.060150,1.060220,1.060140,1.060200
1387298040,1.060210,1.060220,1.060170,1.060180
1387298100,1.060190,1.060270,1.060150,1.060210
1387298160,1.060250,1.060400,1.060250,1.060340
1387298220,1.060350,1.060420,1.060340,1.060380
1387298280,1.060340,1.060400,1.060340,1.060400
1387298340,1.060360,1.060550,1.060210,1.060410
1387298400,1.060400,1.060400,1.060290,1.060290
1387298460,1.060300,1.060410,1.060300,1.060410
1387298520,1.060400,1.060550,1.060400,1.060520
1387298580,1.060450,1.060470,1.060400,1.060410
1387298640,1.060430,1.060580,1.060430,1.060520
1387298700,1.060530,1.060530,1.060520,1.060530
1387298760,1.060550,1.060570,1.060490,1.060540
1387298820,1.060550,1.060550,1.060420,1.060420
1387298880,1.060390,1.060390,1.060270,1.060360
1387298940,1.060320,1.060450,1.060300,1.060430
1387299000,1.060410,1.060410,1.060320,1.060320
1387299060,1.060350,1.060580,1.060320,1.060580
1387299120,1.060640,1.060980,1.060640,1.060910
1387299180,1.060890,1.061080,1.060890,1.061050
1387299240,1.061060,1.061080,1.060950,1.061000
1387299300,1.061030,1.061070,1.060950,1.061000
1387299360,1.060980,1.061030,1.060920,1.060920
1387299420,1.060950,1.060960,1.060800,1.060800
1387299480,1.060820,1.060950,1.060800,1.060920
1387299540,1.060980,1.060980,1.060890,1.060980
1387299600,1.060990,1.060990,1.060600,1.060600
1387299660,1.060610,1.060790,1.060600,1.060730
1387299720,1.060750,1.060940,1.060690,1.060870
1387299780,1.060880,1.060880,1.060850,1.060870
1387299840,1.060880,1.060890,1.060830,1.060840
1387299900,1.060850,1.060860,1.060670,1.060670
1387299960,1.060680,1.060750,1.060670,1.060730
1387300020,1.060720,1.060750,1.060710,1.060750
1387300080,1.060730,1.060870,1.060720,1.060860
1387300140,1.060840,1.060860,1.060710,1.060710
1387300200,1.060700,1.060710,1.060410,1.060510
1387300260,1.060580,1.060770,1.060580,1.060760
1387300320,1.060770,1.060770,1.060630,1.060680
1387300380,1.060700,1.060750,1.060680,1.060680
1387300440,1.060650,1.060770,1.060650,1.060720
1387300500,1.060730,1.060740,1.060510,1.060600
1387300560,1.060610,1.060610,1.060600,1.060610
1387300620,1.060580,1.060580,1.060520,1.060520
1387300680,1.060530,1.060560,1.060420,1.060430
1387300740,1.060460,1.060540,1.060430,1.060530
1387300800,1.060540,1.060560,1.060530,1.060540
1387300860,1.060550,1.060550,1.060530,1.060550
1387300920,1.060530,1.060550,1.060510,1.060530
1387300980,1.060510,1.060510,1.060400,1.060410
1387301040,1.060380,1.060410,1.060310,1.060400
1387301100,1.060410,1.060410,1.060390,1.060400
1387301160,1.060390,1.060400,1.060390,1.060400
1387301220,1.060390,1.060400,1.060390,1.060400
1387301280,1.060410,1.060410,1.060400,1.060400
1387301340,1.060410,1.060410,1.060380,1.060380
1387301400,1.060390,1.060410,1.060380,1.060400
1387301460,1.060390,1.060390,1.060350,1.060390
1387301520,1.060410,1.060460,1.060310,1.060440
1387301580,1.060430,1.060550,1.060430,1.060500
1387301640,1.060520,1.060670,1.060520,1.060650
1387301700,1.060620,1.060630,1.060410,1.060530
1387301760,1.060560,1.060590,1.060420,1.060590
1387301820,1.060620,1.060680,1.060550,1.060670
1387301880,1.060650,1.060680,1.060620,1.060630
1387301940,1.060650,1.060650,1.060600,1.060620
1387302000,1.060650,1.060650,1.060620,1.060630
1387302060,1.060650,1.060680,1.060650,1.060680
1387302120,1.060670,1.060680,1.060650,1.060680
1387302180,1.060670,1.060680,1.060650,1.060650
1387302240,1.060670,1.060680,1.060630,1.060650
1387302300,1.060670,1.060680,1.060650,1.060680
1387302360,1.060670,1.060790,1.060670,1.060780
1387302420,1.060790,1.061020,1.060790,1.061020
1387302480,1.061010,1.061010,1.060870,1.060910
1387302540,1.060900,1.060910,1.060900,1.060910
1387302600,1.060890,1.060920,1.060880,1.060900
1387302660,1.060870,1.061080,1.060800,1.061020
1387302720,1.061040,1.061090,1.061040,1.061090
1387302780,1.061080,1.061090,1.060970,1.060980
1387302840,1.060960,1.060970,1.060950,1.060970
1387302900,1.060950,1.060980,1.060950,1.060960
1387302960,1.060950,1.060970,1.060870,1.060960
1387303020,1.060970,1.061080,1.060960,1.061070
1387303080,1.061080,1.061190,1.061050,1.061130
1387303140,1.061160,1.061250,1.061060,1.061100
1387303200,1.061050,1.061150,1.060960,1.061150
1387303260,1.061160,1.061160,1.061140,1.061150
1387303320,1.061160,1.061160,1.061120,1.061120
1387303380,1.061140,1.061170,1.061090,1.061130
1387303440,1.061150,1.061260,1.061140,1.061250
1387303500,1.061240,1.061450,1.061240,1.061450
1387303560,1.061440,1.061470,1.061230,1.061230
1387303620,1.061240,1.061310,1.061120,1.061120
1387303680,1.061150,1.061250,1.061120,1.061230
1387303740,1.061240,1.061360,1.061240,1.061350
1387303800,1.061360,1.061360,1.061250,1.061280
1387303860,1.061250,1.061280,1.061120,1.061130
1387303920,1.061120,1.061150,1.061120,1.061140
1387303980,1.061150,1.061150,1.061020,1.061020
1387304040,1.061050,1.061050,1.061010,1.061010
1387304100,1.061020,1.061030,1.060940,1.061020
1387304160,1.061010,1.061030,1.060880,1.060890
1387304220,1.060880,1.060880,1.060850,1.060870
1387304280,1.060850,1.060890,1.060750,1.060830
1387304340,1.060880,1.060910,1.060880,1.060900
1387304400,1.060890,1.060920,1.060870,1.060890
1387304460,1.060860,1.060910,1.060830,1.060910
1387304520,1.060920,1.060920,1.060910,1.060920
1387304580,1.060910,1.060910,1.060900,1.060900
1387304640,1.060910,1.060980,1.060890,1.060960
1387304700,1.060970,1.060980,1.060840,1.060850
1387304760,1.060860,1.060870,1.060800,1.060850
1387304820,1.060860,1.060880,1.060620,1.060650
1387304880,1.060630,1.060630,1.060380,1.060490
1387304940,1.060480,1.060490,1.060450,1.060490
1387305000,1.060480,1.060480,1.060480,1.060480
1387305060,1.060470,1.060470,1.060350,1.060430
1387305120,1.060440,1.060490,1.060430,1.060490
1387305180,1.060500,1.060560,1.060500,1.060550
1387305240,1.060560,1.060570,1.060540,1.060560
1387305300,1.060550,1.060580,1.060550,1.060580
1387305360,1.060570,1.060570,1.060450,1.060560
1387305420,1.060550,1.060570,1.060550,1.060550
1387305480,1.060560,1.060570,1.060550,1.060570
1387305540,1.060550,1.060570,1.060430,1.060450
1387305600,1.060440,1.060560,1.060440,1.060560
1387305660,1.060570,1.060580,1.060560,1.060580
1387305780,1.060570,1.060580,1.060570,1.060570
1387305840,1.060550,1.060680,1.060550,1.060680
1387305900,1.060690,1.060710,1.060650,1.060680
1387305960,1.060570,1.060580,1.060550,1.060570
1387306020,1.060580,1.060580,1.060570,1.060580
1387306080,1.060570,1.060580,1.060570,1.060580
1387306140,1.060570,1.060580,1.060570,1.060580
1387306200,1.060600,1.060710,1.060600,1.060700
1387306260,1.060710,1.060890,1.060700,1.060890
1387306320,1.060860,1.060980,1.060860,1.060920
1387306380,1.060930,1.061070,1.060930,1.061040
1387306440,1.061060,1.061060,1.061020,1.061020
1387306500,1.061050,1.061050,1.061040,1.061040
1387306560,1.061050,1.061050,1.061000,1.061010
1387306620,1.061020,1.061020,1.060890,1.060890
1387306680,1.060920,1.060920,1.060820,1.060820
1387306740,1.060810,1.060990,1.060780,1.060990
1387306800,1.061010,1.061010,1.060820,1.060820
1387306920,1.060810,1.060820,1.060810,1.060820
1387306980,1.060850,1.060870,1.060800,1.060800
1387307040,1.060830,1.060890,1.060810,1.060880
1387307100,1.060850,1.061050,1.060850,1.061040
1387307160,1.061060,1.061150,1.061020,1.061140
1387307220,1.061160,1.061160,1.060920,1.060920
1387307280,1.060880,1.060880,1.060780,1.060780
1387307340,1.060770,1.060770,1.060540,1.060540
1387307400,1.060550,1.060570,1.060540,1.060540
1387307460,1.060550,1.060570,1.060530,1.060550
1387307520,1.060520,1.060530,1.060520,1.060520
1387307580,1.060510,1.060510,1.060510,1.060510
1387307640,1.060530,1.060800,1.060520,1.060800
1387307700,1.060790,1.060800,1.060760,1.060770
1387307760,1.060750,1.061130,1.060750,1.061110
1387307820,1.061120,1.061120,1.061120,1.061120
1387307880,1.061130,1.061160,1.061130,1.061130
1387307940,1.061150,1.061150,1.061120,1.061140
1387308000,1.061130,1.061140,1.061130,1.061130
1387308060,1.061150,1.061610,1.061130,1.061590
1387308120,1.061620,1.061650,1.061170,1.061190
1387308180,1.061180,1.061220,1.061100,1.061220
1387308240,1.061250,1.061250,1.061220,1.061230
1387308300,1.061250,1.061350,1.061230,1.061310
1387308360,1.061320,1.061350,1.061240,1.061260
1387308420,1.061230,1.061320,1.061200,1.061320
1387308480,1.061330,1.061330,1.061320,1.061330
1387308540,1.061320,1.061350,1.061190,1.061320
1387308600,1.061310,1.061350,1.061310,1.061320
1387308660,1.061310,1.061320,1.061300,1.061320
1387308720,1.061340,1.061360,1.061310,1.061320
1387308780,1.061330,1.061410,1.061320,1.061410
1387308840,1.061390,1.061390,1.061330,1.061340
1387308900,1.061320,1.061360,1.061320,1.061320
1387308960,1.061340,1.061350,1.061320,1.061330
1387309020,1.061340,1.061340,1.061050,1.061130
1387309080,1.061160,1.061250,1.061110,1.061120
1387309140,1.061150,1.061150,1.061120,1.061120
1387309200,1.061080,1.061110,1.060950,1.061020
1387309260,1.061040,1.061060,1.060970,1.060980
1387309320,1.060990,1.060990,1.060980,1.060990
1387309380,1.060980,1.060990,1.060980,1.060980
1387309440,1.060970,1.061020,1.060970,1.061010
1387309500,1.061030,1.061110,1.061030,1.061110
1387309560,1.061100,1.061180,1.061100,1.061140
1387309620,1.061160,1.061170,1.061100,1.061120
1387309680,1.061110,1.061150,1.061100,1.061130
1387309740,1.061150,1.061150,1.061120,1.061120
1387309800,1.061150,1.061150,1.061110,1.061110
1387309860,1.061120,1.061160,1.061120,1.061150
1387309920,1.061160,1.061280,1.061100,1.061270
1387309980,1.061280,1.061360,1.061260,1.061330
1387310040,1.061350,1.061380,1.061330,1.061380
1387310100,1.061370,1.061370,1.061370,1.061370
1387310160,1.061380,1.061380,1.061190,1.061240
1387310220,1.061250,1.061270,1.061230,1.061270
1387310280,1.061250,1.061270,1.061240,1.061250
1387310340,1.061240,1.061250,1.061230,1.061230
1387310400,1.061190,1.061210,1.061120,1.061210
1387310460,1.061220,1.061220,1.061220,1.061220
1387310520,1.061210,1.061220,1.061140,1.061140
1387310580,1.061180,1.061180,1.061100,1.061140
1387310640,1.061130,1.061160,1.061120,1.061150
1387310700,1.061140,1.061250,1.061110,1.061250
1387310760,1.061240,1.061250,1.061210,1.061210
1387310820,1.061160,1.061160,1.061000,1.061000
1387310880,1.060970,1.060980,1.060870,1.060880
1387310940,1.060870,1.060960,1.060860,1.060890
1387311000,1.060920,1.060970,1.060890,1.060890
1387311060,1.060910,1.060930,1.060900,1.060930
1387311120,1.060960,1.060980,1.060960,1.060980
1387311180,1.060960,1.060960,1.060890,1.060900
1387311240,1.060890,1.060890,1.060890,1.060890
1387311300,1.060910,1.060910,1.060780,1.060780
1387311360,1.060750,1.060780,1.060750,1.060780
1387311420,1.060770,1.060870,1.060750,1.060870
1387311480,1.060850,1.060920,1.060850,1.060920
1387311540,1.060980,1.060980,1.060950,1.060970
1387311600,1.060980,1.060980,1.060890,1.060890
1387311660,1.060900,1.060980,1.060890,1.060900
1387311720,1.060910,1.060910,1.060700,1.060700
1387311780,1.060710,1.060710,1.060710,1.060710
1387311840,1.060750,1.060860,1.060700,1.060700
1387311900,1.060720,1.060720,1.060710,1.060710
1387312020,1.060700,1.060700,1.060700,1.060700
1387312080,1.060720,1.060720,1.060600,1.060610
1387312140,1.060530,1.060540,1.060500,1.060510
1387312200,1.060520,1.060620,1.060390,1.060480
1387312260,1.060470,1.060470,1.060400,1.060450
1387312320,1.060460,1.060490,1.060460,1.060480
1387312380,1.060490,1.060490,1.060480,1.060490
1387312440,1.060480,1.060490,1.060480,1.060490
1387312500,1.060480,1.060500,1.060470,1.060490
1387312560,1.060520,1.060520,1.060500,1.060520
1387312620,1.060530,1.060650,1.060530,1.060630
1387312680,1.060640,1.060680,1.060610,1.060670
1387312740,1.060660,1.060670,1.060540,1.060550
1387312800,1.060540,1.060560,1.060510,1.060520
1387312860,1.060510,1.060560,1.060510,1.060540
1387312920,1.060550,1.060550,1.060510,1.060520
1387312980,1.060480,1.060520,1.060480,1.060520
1387313040,1.060510,1.060540,1.060490,1.060500
1387313100,1.060540,1.060570,1.060500,1.060570
1387313160,1.060550,1.060580,1.060550,1.060580
1387313220,1.060600,1.060650,1.060600,1.060610
1387313280,1.060620,1.060650,1.060530,1.060620
1387313340,1.060650,1.060650,1.060620,1.060620
1387313400,1.060650,1.060680,1.060620,1.060680
1387313460,1.060670,1.060920,1.060650,1.060890
1387313520,1.060880,1.060890,1.060820,1.060880
1387313580,1.060870,1.061000,1.060870,1.060890
1387313640,1.060880,1.060910,1.060880,1.060880
1387313700,1.060890,1.060890,1.060850,1.060870
1387313760,1.060840,1.060910,1.060840,1.060870
1387313820,1.060850,1.060870,1.060820,1.060870
1387313880,1.060850,1.060910,1.060780,1.060870
1387313940,1.060850,1.060950,1.060850,1.060850
1387314000,1.060820,1.060850,1.060790,1.060810
1387314060,1.060800,1.060830,1.060630,1.060630
1387314120,1.060650,1.060670,1.060620,1.060620
1387314180,1.060650,1.060650,1.060620,1.060630
1387314240,1.060650,1.060650,1.060520,1.060520
1387314300,1.060550,1.060550,1.060520,1.060520
1387314360,1.060470,1.060490,1.060440,1.060480
1387314420,1.060450,1.060500,1.060450,1.060500
1387314480,1.060520,1.060520,1.060390,1.060390
1387314540,1.060380,1.060380,1.060350,1.060380
1387314600,1.060370,1.060380,1.060270,1.060280
1387314660,1.060250,1.060280,1.060250,1.060280
1387314720,1.060250,1.060490,1.060250,1.060480
1387314780,1.060440,1.060560,1.060380,1.060560
1387314840,1.060570,1.060570,1.060470,1.060560
1387314900,1.060570,1.060580,1.060550,1.060580
1387314960,1.060570,1.060580,1.060540,1.060540
1387315020,1.060550,1.060660,1.060550,1.060610
1387315080,1.060590,1.060650,1.060590,1.060650
1387315140,1.060640,1.060670,1.060630,1.060630
1387315200,1.060650,1.060660,1.060630,1.060630
1387315260,1.060650,1.060680,1.060500,1.060520
1387315320,1.060500,1.060650,1.060500,1.060640
1387315380,1.060650,1.060660,1.060540,1.060550
1387315440,1.060540,1.060580,1.060510,1.060520
1387315500,1.060550,1.060610,1.060510,1.060590
1387315560,1.060600,1.060650,1.060570,1.060640
1387315620,1.060630,1.060630,1.060630,1.060630
1387315680,1.060650,1.060780,1.060640,1.060720
1387315740,1.060740,1.060790,1.060740,1.060750
1387315800,1.060760,1.060800,1.060760,1.060800
1387315860,1.060780,1.060790,1.060720,1.060750
1387315920,1.060720,1.060750,1.060680,1.060690
1387315980,1.060680,1.060690,1.060600,1.060600
1387316040,1.060630,1.060690,1.060630,1.060680
1387316100,1.060670,1.060680,1.060640,1.060650
1387316160,1.060660,1.060780,1.060660,1.060730
1387316220,1.060720,1.060780,1.060690,1.060780
1387316280,1.060770,1.060800,1.060700,1.060800
1387316340,1.060820,1.060820,1.060820,1.060820
1387316400,1.060800,1.060800,1.060800,1.060800
1387316460,1.060850,1.060850,1.060800,1.060810
1387316520,1.060800,1.060870,1.060790,1.060820
1387316580,1.060850,1.060850,1.060800,1.060800
1387316640,1.060790,1.060800,1.060790,1.060790
1387316700,1.060800,1.060800,1.060780,1.060800
1387316760,1.060790,1.060820,1.060790,1.060820
1387316820,1.060800,1.060900,1.060760,1.060840
1387316880,1.060850,1.060860,1.060700,1.060790
1387316940,1.060810,1.060880,1.060800,1.060830
1387317000,1.060820,1.060870,1.060800,1.060840
1387317060,1.060830,1.060840,1.060700,1.060710
1387317120,1.060760,1.060780,1.060720,1.060730
1387317180,1.060750,1.060930,1.060750,1.060850
1387317240,1.060840,1.060890,1.060810,1.060820
1387317300,1.060810,1.060960,1.060730,1.060770
1387317360,1.060790,1.060790,1.060500,1.060510
1387317420,1.060530,1.060640,1.060500,1.060580
1387317480,1.060590,1.060590,1.060550,1.060570
1387317540,1.060550,1.060620,1.060530,1.060560
1387317600,1.060550,1.060590,1.060300,1.060310
1387317660,1.060290,1.060450,1.060240,1.060450
1387317720,1.060440,1.060450,1.060380,1.060400
1387317780,1.060410,1.060490,1.060370,1.060390
1387317840,1.060380,1.060390,1.060350,1.060380
1387317900,1.060350,1.060450,1.060350,1.060430
1387317960,1.060380,1.060430,1.060380,1.060430
1387318020,1.060380,1.060460,1.060380,1.060460
1387318080,1.060450,1.060520,1.060450,1.060480
1387318140,1.060490,1.060540,1.060470,1.060510
1387318200,1.060470,1.060540,1.060470,1.060520
1387318260,1.060430,1.060470,1.060400,1.060420
1387318320,1.060400,1.060530,1.060400,1.060450
1387318380,1.060460,1.060520,1.060460,1.060480
1387318440,1.060510,1.060510,1.060350,1.060380
1387318500,1.060400,1.060470,1.060380,1.060390
1387318560,1.060420,1.060470,1.060340,1.060360
1387318620,1.060350,1.060360,1.060340,1.060350
1387318680,1.060340,1.060350,1.060340,1.060350
1387318740,1.060340,1.060350,1.060340,1.060350
1387318800,1.060340,1.060350,1.060260,1.060270
1387318860,1.060280,1.060420,1.060280,1.060420
1387318920,1.060410,1.060420,1.060080,1.060110
1387318980,1.060120,1.060130,1.060110,1.060120
1387319040,1.060110,1.060180,1.060100,1.060180
1387319100,1.060160,1.060180,1.060160,1.060180
1387319160,1.060300,1.060350,1.060300,1.060330
1387319220,1.060350,1.060350,1.060330,1.060330
1387319340,1.060340,1.060360,1.060290,1.060330
1387319400,1.060340,1.060340,1.060290,1.060340
1387319460,1.060290,1.060340,1.060290,1.060340
1387319520,1.060290,1.060410,1.060270,1.060310
1387319580,1.060350,1.060350,1.060290,1.060320
1387319640,1.060290,1.060330,1.060290,1.060330
1387319700,1.060300,1.060330,1.060300,1.060320
1387319760,1.060300,1.060330,1.060300,1.060320
1387319820,1.060300,1.060330,1.060290,1.060310
1387319880,1.060320,1.060340,1.060290,1.060340
1387319940,1.060320,1.060330,1.060290,1.060330
1387320000,1.060350,1.060350,1.060270,1.060340
1387320060,1.060350,1.060350,1.060300,1.060330
1387320120,1.060340,1.060350,1.060290,1.060320
1387320180,1.060340,1.060340,1.060220,1.060220
1387320240,1.060270,1.060290,1.060270,1.060270
1387320300,1.060290,1.060290,1.060270,1.060290
1387320360,1.060330,1.060330,1.060290,1.060330
1387320420,1.060320,1.060330,1.060300,1.060330
1387320480,1.060300,1.060330,1.060250,1.060250
1387320540,1.060290,1.060290,1.060250,1.060270
1387320600,1.060280,1.060280,1.060270,1.060270
1387320660,1.060280,1.060280,1.060190,1.060190
1387320720,1.060210,1.060210,1.060180,1.060210
1387320780,1.060180,1.060210,1.060170,1.060180
1387320840,1.060170,1.060210,1.060170,1.060180
1387320900,1.060210,1.060320,1.060170,1.060320
1387320960,1.060260,1.060270,1.060180,1.060190
1387321020,1.060270,1.060280,1.060270,1.060270
1387321080,1.060280,1.060280,1.060270,1.060280
1387321140,1.060270,1.060350,1.060270,1.060320
1387321200,1.060300,1.060330,1.060200,1.060260
1387321260,1.060250,1.060280,1.060220,1.060240
1387321320,1.060270,1.060290,1.060190,1.060210
1387321380,1.060190,1.060220,1.060170,1.060170
1387321440,1.060190,1.060190,1.060150,1.060170
1387321500,1.060190,1.060210,1.060170,1.060170
1387321560,1.060190,1.060220,1.060190,1.060210
1387321620,1.060220,1.060220,1.060190,1.060190
1387321680,1.060200,1.060290,1.060180,1.060230
1387321740,1.060250,1.060380,1.060250,1.060320
1387321800,1.060330,1.060350,1.060320,1.060330
1387321860,1.060340,1.060390,1.060310,1.060310
1387321920,1.060330,1.060390,1.060330,1.060370
1387321980,1.060390,1.060400,1.060340,1.060370
1387322040,1.060390,1.060390,1.060270,1.060270
1387322100,1.060280,1.060280,1.060260,1.060280
1387322160,1.060260,1.060400,1.060260,1.060310
1387322220,1.060330,1.060390,1.060300,1.060390
1387322280,1.060380,1.060480,1.060230,1.060260
1387322340,1.060250,1.060390,1.060250,1.060390
1387322400,1.060370,1.060390,1.060310,1.060370
1387322460,1.060350,1.060390,1.060310,1.060330
1387322520,1.060350,1.060460,1.060350,1.060390
1387322580,1.060410,1.060410,1.060340,1.060360
1387322640,1.060380,1.060380,1.060330,1.060350
1387322700,1.060340,1.060360,1.060330,1.060350
1387322760,1.060370,1.060390,1.060350,1.060390
1387322820,1.060380,1.060400,1.060380,1.060400
1387322880,1.060370,1.060370,1.060340,1.060360
1387322940,1.060350,1.060400,1.060350,1.060380
1387323000,1.060400,1.060400,1.060350,1.060350
1387323060,1.060340,1.060360,1.060330,1.060360
1387323120,1.060340,1.060380,1.060300,1.060360
1387323180,1.060370,1.060380,1.060350,1.060380
1387323240,1.060390,1.060390,1.060360,1.060370
1387323300,1.060350,1.060370,1.060330,1.060350
1387323360,1.060330,1.060520,1.060330,1.060520
1387323420,1.060540,1.060540,1.060540,1.060540
1387323480,1.060520,1.060540,1.060520,1.060540
1387323540,1.060510,1.060550,1.060220,1.060240
1387323600,1.060250,1.060330,1.060210,1.060260
1387323660,1.060280,1.060310,1.060250,1.060310
1387323720,1.060280,1.060300,1.060280,1.060290
1387323780,1.060300,1.060300,1.060280,1.060280
1387323840,1.060290,1.060300,1.060250,1.060290
1387323900,1.060250,1.060300,1.060250,1.060290
1387323960,1.060310,1.060310,1.060140,1.060210
1387324020,1.060160,1.060280,1.060150,1.060280
1387324080,1.060270,1.060270,1.060150,1.060240
1387324140,1.060250,1.060260,1.060250,1.060250
1387324200,1.060260,1.060260,1.060220,1.060230
1387324260,1.060240,1.060250,1.060230,1.060230
1387324320,1.060240,1.060270,1.060240,1.060260
1387324380,1.060270,1.060270,1.060230,1.060250
1387324440,1.060270,1.060270,1.060230,1.060240
1387324500,1.060250,1.060250,1.060230,1.060250
1387324560,1.060220,1.060240,1.060220,1.060240
1387324620,1.060220,1.060240,1.060220,1.060240
1387324680,1.060230,1.060240,1.060220,1.060230
1387324740,1.060240,1.060240,1.060220,1.060240
1387324800,1.060230,1.060240,1.060230,1.060230
1387324860,1.060220,1.060240,1.060210,1.060220
1387324920,1.060210,1.060220,1.060130,1.060130
1387324980,1.060140,1.060210,1.060140,1.060180
1387325040,1.060190,1.060190,1.060180,1.060180
1387325100,1.060190,1.060240,1.060190,1.060240
1387325160,1.060230,1.060300,1.060210,1.060240
1387325220,1.060230,1.060240,1.060210,1.060220
1387325280,1.060210,1.060230,1.060210,1.060230
1387325340,1.060220,1.060250,1.060210,1.060250
1387325400,1.060290,1.060300,1.060290,1.060300
1387325460,1.060290,1.060290,1.060250,1.060290
1387325520,1.060250,1.060290,1.060250,1.060290
1387325580,1.060270,1.060270,1.060150,1.060200
1387325640,1.060190,1.060200,1.060180,1.060180
1387325700,1.060190,1.060280,1.060180,1.060270
1387325760,1.060280,1.060310,1.060250,1.060290
1387325820,1.060280,1.060290,1.060050,1.060140
1387325880,1.060130,1.060180,1.060130,1.060170
1387325940,1.060160,1.060270,1.060120,1.060240
1387326000,1.060230,1.060250,1.060140,1.060230
1387326060,1.060240,1.060280,1.060220,1.060260
1387326120,1.060270,1.060400,1.060270,1.060360
1387326180,1.060350,1.060380,1.060320,1.060380
1387326240,1.060370,1.060490,1.060370,1.060480
1387326300,1.060450,1.060480,1.060450,1.060460
1387326360,1.060410,1.060410,1.060060,1.060120
1387326420,1.060140,1.060290,1.060140,1.060260
1387326480,1.060250,1.060260,1.060130,1.060240
1387326540,1.060230,1.060280,1.060230,1.060270
1387326600,1.060250,1.060400,1.060250,1.060350
1387326660,1.060330,1.060460,1.060230,1.060240
1387326720,1.060250,1.060390,1.060250,1.060390
1387326780,1.060380,1.060390,1.060160,1.060160
1387326840,1.060190,1.060270,1.060050,1.060070
1387326900,1.060110,1.060160,1.060060,1.060160
1387326960,1.060150,1.060180,1.060110,1.060180
1387327020,1.060190,1.060260,1.060140,1.060140
1387327080,1.060130,1.060160,1.060050,1.060070
1387327140,1.060060,1.060140,1.060050,1.060130
1387327200,1.060120,1.060130,1.060110,1.060120
1387327260,1.060110,1.060120,1.060110,1.060120
1387327320,1.060110,1.060130,1.060070,1.060130
1387327380,1.060120,1.060230,1.060110,1.060210
1387327440,1.060220,1.060410,1.060220,1.060410
1387327500,1.060400,1.060400,1.060240,1.060250
1387327560,1.060240,1.060280,1.060220,1.060270
1387327620,1.060260,1.060280,1.060250,1.060270
1387327680,1.060290,1.060480,1.060280,1.060380
1387327740,1.060390,1.060400,1.060370,1.060370
1387327800,1.060380,1.060480,1.060380,1.060470
1387327860,1.060450,1.060480,1.060430,1.060470
1387327920,1.060460,1.060460,1.060350,1.060430
1387327980,1.060420,1.060420,1.060330,1.060340
1387328040,1.060370,1.060430,1.060340,1.060390
1387328100,1.060400,1.060420,1.060290,1.060350
1387328160,1.060360,1.060390,1.060350,1.060360
1387328220,1.060380,1.060380,1.060320,1.060330
1387328280,1.060340,1.060410,1.060330,1.060400
1387328340,1.060390,1.060450,1.060380,1.060400
1387328400,1.060380,1.060400,1.060340,1.060390
1387328460,1.060380,1.060410,1.060380,1.060410
1387328520,1.060420,1.060490,1.060390,1.060460
1387328580,1.060430,1.060550,1.060400,1.060550
1387328640,1.060580,1.060590,1.060550,1.060570
1387328700,1.060580,1.060670,1.060580,1.060650
1387328760,1.060670,1.060690,1.060620,1.060680
1387328820,1.060690,1.060690,1.060650,1.060680
1387328880,1.060690,1.060690,1.060620,1.060650
1387328940,1.060690,1.060720,1.060650,1.060710
1387329000,1.060700,1.060710,1.060450,1.060460
1387329060,1.060480,1.060610,1.060460,1.060570
1387329120,1.060590,1.060650,1.060480,1.060530
1387329180,1.060520,1.060650,1.060520,1.060600
1387329240,1.060620,1.060680,1.060450,1.060450
1387329300,1.060480,1.060690,1.060480,1.060680
1387329360,1.060630,1.060720,1.060600,1.060710
1387329420,1.060720,1.060720,1.060690,1.060720
1387329480,1.060710,1.060760,1.060710,1.060740
1387329540,1.060730,1.060810,1.060720,1.060810
1387329600,1.060820,1.060820,1.060650,1.060690
1387329660,1.060700,1.060720,1.060680,1.060710
1387329720,1.060720,1.060720,1.060510,1.060580
1387329780,1.060570,1.060590,1.060540,1.060570
1387329840,1.060540,1.060590,1.060540,1.060570
1387329900,1.060580,1.060590,1.060410,1.060420
1387329960,1.060430,1.060470,1.060350,1.060400
1387330020,1.060390,1.060450,1.060340,1.060440
1387330080,1.060430,1.060440,1.060410,1.060410
1387330140,1.060430,1.060450,1.060230,1.060240
1387330200,1.060250,1.060380,1.060240,1.060260
1387330260,1.060290,1.060380,1.060290,1.060350
1387330320,1.060340,1.060370,1.060330,1.060350
1387330380,1.060360,1.060460,1.060350,1.060450
1387330440,1.060460,1.060480,1.060440,1.060460
1387330500,1.060440,1.060550,1.060440,1.060490
1387330560,1.060500,1.060580,1.060500,1.060570
1387330620,1.060590,1.060670,1.060550,1.060590
1387330680,1.060610,1.060700,1.060530,1.060530
1387330740,1.060510,1.060510,1.060320,1.060460
1387330800,1.060470,1.060470,1.060440,1.060450
1387330860,1.060470,1.060480,1.060430,1.060480
1387330920,1.060460,1.060570,1.060460,1.060540
1387330980,1.060520,1.060600,1.060400,1.060420
1387331040,1.060430,1.060590,1.060270,1.060380
1387331100,1.060410,1.060450,1.060410,1.060430
1387331160,1.060440,1.060450,1.060410,1.060440
1387331220,1.060430,1.060570,1.060420,1.060540
1387331280,1.060550,1.060650,1.060550,1.060620
1387331340,1.060630,1.060650,1.060530,1.060620
1387331400,1.060640,1.060640,1.060250,1.060360
1387331460,1.060330,1.060340,1.060120,1.060280
1387331520,1.060330,1.060430,1.060210,1.060410
1387331580,1.060400,1.060450,1.060400,1.060440
1387331640,1.060450,1.060450,1.060430,1.060440
1387331700,1.060450,1.060520,1.060430,1.060470
1387331760,1.060520,1.060680,1.060510,1.060680
1387331820,1.060670,1.060680,1.060620,1.060640
1387331880,1.060650,1.060680,1.060420,1.060460
1387331940,1.060510,1.060570,1.060210,1.060210
1387332000,1.060220,1.060320,1.060120,1.060230
1387332060,1.060210,1.060250,1.060210,1.060240
1387332120,1.060250,1.060250,1.060010,1.060020
1387332180,1.060050,1.060170,1.060050,1.060130
1387332240,1.060120,1.060150,1.060020,1.060120
1387332300,1.060110,1.060150,1.060100,1.060130
1387332360,1.060140,1.060150,1.060020,1.060130
1387332420,1.060120,1.060130,1.060120,1.060130
1387332480,1.060150,1.060180,1.060120,1.060160
1387332540,1.060200,1.060270,1.060200,1.060260
1387332600,1.060290,1.060320,1.060250,1.060310
1387332660,1.060320,1.060390,1.060220,1.060290
1387332720,1.060250,1.060290,1.060240,1.060270
1387332780,1.060280,1.060280,1.060220,1.060270
1387332840,1.060290,1.060400,1.060130,1.060180
1387332900,1.060190,1.060230,1.060040,1.060100
1387332960,1.060090,1.060140,1.060040,1.060140
1387333020,1.060130,1.060180,1.060130,1.060160
1387333080,1.060170,1.060190,1.060130,1.060170
1387333140,1.060140,1.060220,1.060140,1.060200
1387333200,1.060190,1.060220,1.060140,1.060190
1387333260,1.060130,1.060190,1.060130,1.060190
1387333320,1.060200,1.060240,1.060190,1.060200
1387333440,1.060190,1.060270,1.060150,1.060260
1387333500,1.060230,1.060280,1.060230,1.060260
1387333560,1.060230,1.060280,1.060080,1.060200
1387333620,1.060210,1.060210,1.060210,1.060210
1387333680,1.060190,1.060270,1.060150,1.060270
1387333740,1.060250,1.060330,1.060230,1.060330
1387333800,1.060310,1.060310,1.060250,1.060310
1387333860,1.060320,1.060340,1.060130,1.060200
1387333920,1.060190,1.060210,1.060150,1.060210
1387333980,1.060220,1.060240,1.060140,1.060170
1387334040,1.060150,1.060200,1.060150,1.060180
1387334100,1.060190,1.060410,1.060150,1.060400
1387334160,1.060380,1.060390,1.060310,1.060310
1387334220,1.060320,1.060330,1.060310,1.060330
1387334280,1.060320,1.060390,1.060310,1.060390
1387334340,1.060370,1.060390,1.060360,1.060380
1387334400,1.060390,1.060390,1.060340,1.060370
1387334460,1.060380,1.060380,1.060360,1.060360
1387334520,1.060370,1.060380,1.060350,1.060360
1387334580,1.060380,1.060380,1.060310,1.060340
1387334640,1.060350,1.060390,1.060350,1.060370
1387334700,1.060380,1.060390,1.060320,1.060350
1387334760,1.060320,1.060350,1.060320,1.060350
1387334820,1.060340,1.060350,1.060330,1.060350
1387334880,1.060340,1.060340,1.060320,1.060340
1387334940,1.060320,1.060350,1.060220,1.060240
1387335000,1.060220,1.060270,1.060220,1.060240
1387335060,1.060220,1.060240,1.060150,1.060150
1387335120,1.060170,1.060200,1.060170,1.060190
1387335180,1.060200,1.060200,1.060190,1.060200
1387335240,1.060190,1.060200,1.060180,1.060200
1387335300,1.060210,1.060220,1.060210,1.060220
1387335360,1.060250,1.060250,1.060230,1.060250
1387335420,1.060260,1.060280,1.060260,1.060270
1387335480,1.060280,1.060280,1.060250,1.060270
1387335540,1.060250,1.060270,1.060230,1.060250
1387335600,1.060240,1.060260,1.060240,1.060260
1387335660,1.060250,1.060290,1.060250,1.060260
1387335720,1.060280,1.060330,1.060250,1.060330
1387335780,1.060320,1.060370,1.060310,1.060370
1387335840,1.060390,1.060420,1.060380,1.060410
1387335900,1.060420,1.060420,1.060410,1.060410
1387335960,1.060390,1.060390,1.060350,1.060380
1387336020,1.060370,1.060390,1.060370,1.060380
1387336080,1.060390,1.060420,1.060380,1.060420
1387336140,1.060410,1.060420,1.060370,1.060390
1387336200,1.060370,1.060390,1.060370,1.060370
1387336260,1.060380,1.060380,1.060370,1.060380
1387336320,1.060370,1.060400,1.060370,1.060390
1387336380,1.060380,1.060410,1.060380,1.060410
1387336440,1.060400,1.060410,1.060400,1.060410
1387336500,1.060400,1.060450,1.060400,1.060430
1387336560,1.060420,1.060450,1.060420,1.060430
1387336620,1.060450,1.060510,1.060430,1.060510
1387336680,1.060500,1.060530,1.060490,1.060510
1387336740,1.060530,1.060540,1.060500,1.060500
1387336800,1.060510,1.060510,1.060510,1.060510
1387336860,1.060500,1.060500,1.060490,1.060490
1387336920,1.060460,1.060480,1.060450,1.060480
1387336980,1.060470,1.060470,1.060460,1.060460
1387337040,1.060470,1.060490,1.060450,1.060490
1387337160,1.060500,1.060530,1.060450,1.060530
1387337220,1.060510,1.060570,1.060510,1.060510
1387337280,1.060490,1.060490,1.060460,1.060470
1387337340,1.060490,1.060490,1.060460,1.060490
1387337400,1.060510,1.060570,1.060500,1.060570
1387337460,1.060550,1.060610,1.060520,1.060550
1387337520,1.060540,1.060560,1.060500,1.060520
1387337580,1.060530,1.060600,1.060530,1.060580
1387337640,1.060560,1.060580,1.060540,1.060570
1387337700,1.060580,1.060590,1.060560,1.060580
1387337760,1.060590,1.060590,1.060580,1.060580
1387337820,1.060570,1.060590,1.060570,1.060580
1387337880,1.060590,1.060590,1.060580,1.060580
1387337940,1.060590,1.060640,1.060570,1.060620
1387338000,1.060630,1.060630,1.060620,1.060620
1387338060,1.060640,1.060780,1.060640,1.060750
1387338120,1.060720,1.060720,1.060710,1.060710
1387338180,1.060720,1.060720,1.060700,1.060700
1387338240,1.060710,1.060710,1.060710,1.060710
1387338300,1.060700,1.060710,1.060700,1.060700
1387338360,1.060690,1.060700,1.060690,1.060700
1387338420,1.060710,1.060710,1.060700,1.060710
1387338600,1.060720,1.060720,1.060700,1.060700
1387338660,1.060690,1.060700,1.060690,1.060690
1387338720,1.060710,1.060720,1.060600,1.060600
1387338780,1.060610,1.060620,1.060610,1.060610
1387338840,1.060600,1.060640,1.060600,1.060610
1387338900,1.060620,1.060660,1.060600,1.060620
1387338960,1.060650,1.060660,1.060610,1.060610
1387339020,1.060640,1.060650,1.060610,1.060610
1387339080,1.060620,1.060650,1.060610,1.060620
1387339140,1.060610,1.060690,1.060610,1.060690
1387339200,1.060670,1.060710,1.060650,1.060710
1387339260,1.060700,1.060710,1.060700,1.060710
1387339320,1.060720,1.060810,1.060710,1.060780
1387339380,1.060790,1.060800,1.060780,1.060780
1387339440,1.060770,1.060800,1.060770,1.060790
1387339500,1.060800,1.060870,1.060800,1.060850
1387339560,1.060820,1.060890,1.060810,1.060820
1387339620,1.060830,1.060850,1.060780,1.060790
1387339680,1.060760,1.060760,1.060620,1.060630
1387339740,1.060640,1.060680,1.060620,1.060630
1387339800,1.060640,1.060670,1.060620,1.060670
1387339860,1.060650,1.060670,1.060650,1.060650
1387339920,1.060660,1.060680,1.060650,1.060660
1387339980,1.060680,1.060770,1.060640,1.060750
1387340040,1.060730,1.060770,1.060690,1.060710
1387340100,1.060770,1.060770,1.060710,1.060720
1387340160,1.060710,1.060710,1.060650,1.060660
1387340220,1.060670,1.060700,1.060670,1.060690
1387340280,1.060700,1.060770,1.060700,1.060760
1387340340,1.060780,1.060780,1.060760,1.060760
1387340400,1.060770,1.060790,1.060750,1.060790
1387340460,1.060780,1.060790,1.060780,1.060790
1387340580,1.060800,1.060800,1.060780,1.060780
1387340640,1.060810,1.060890,1.060800,1.060810
1387340700,1.060800,1.060810,1.060790,1.060790
1387340760,1.060800,1.060800,1.060760,1.060780
1387340820,1.060770,1.060790,1.060770,1.060770
1387340880,1.060790,1.060800,1.060780,1.060780
1387340940,1.060790,1.060800,1.060780,1.060790
1387341000,1.060800,1.060960,1.060800,1.060910
1387341060,1.060900,1.060960,1.060900,1.060930
1387341120,1.060920,1.060960,1.060770,1.060770
1387341180,1.060780,1.060810,1.060780,1.060800
1387341240,1.060820,1.060880,1.060810,1.060870
1387341300,1.060880,1.060930,1.060870,1.060920
1387341360,1.060930,1.061010,1.060910,1.061010
1387341420,1.061020,1.061020,1.060900,1.060900
1387341480,1.060920,1.060930,1.060880,1.060890
1387341540,1.060880,1.060900,1.060880,1.060900
1387341600,1.060890,1.060900,1.060890,1.060890
1387341660,1.060900,1.060980,1.060890,1.060930
1387341720,1.060950,1.061050,1.060930,1.061030
1387341780,1.061020,1.061050,1.061020,1.061040
1387341840,1.061050,1.061070,1.061020,1.061060
1387341900,1.061070,1.061090,1.061060,1.061090
1387341960,1.061100,1.061130,1.061100,1.061130
1387342020,1.061120,1.061130,1.061120,1.061130
1387342080,1.061150,1.061180,1.061130,1.061150
1387342140,1.061170,1.061170,1.061130,1.061130
1387342200,1.061150,1.061170,1.061130,1.061170
1387342260,1.061160,1.061180,1.061150,1.061180
1387342320,1.061190,1.061190,1.061150,1.061160
1387342380,1.061150,1.061180,1.061120,1.061180
1387342440,1.061160,1.061180,1.061110,1.061110
1387342500,1.061150,1.061180,1.061150,1.061170
1387342560,1.061150,1.061200,1.061150,1.061180
1387342620,1.061160,1.061300,1.061150,1.061260
1387342680,1.061230,1.061290,1.061220,1.061280
1387342740,1.061270,1.061380,1.061270,1.061360
