time,open,high,low,close
1075266000,1.825000,1.825400,1.825000,1.825200
1075266060,1.825200,1.825200,1.825100,1.825200
1075266120,1.825200,1.825300,1.825200,1.825300
1075266180,1.825200,1.825600,1.825200,1.825600
1075266240,1.825600,1.825800,1.825600,1.825800
1075266300,1.825800,1.826300,1.825800,1.826300
1075266360,1.826300,1.826400,1.826100,1.826100
1075266420,1.826300,1.826300,1.825900,1.825900
1075266480,1.825900,1.826200,1.825900,1.826100
1075266540,1.826200,1.826600,1.826200,1.826600
1075266600,1.826600,1.826700,1.826500,1.826500
1075266660,1.826500,1.826500,1.826100,1.826100
1075266720,1.826100,1.826100,1.826000,1.826000
1075266780,1.826000,1.826100,1.826000,1.826100
1075266840,1.826100,1.826100,1.826100,1.826100
1075266900,1.826100,1.826100,1.826100,1.826100
1075266960,1.826100,1.826100,1.826100,1.826100
1075267020,1.826100,1.826100,1.825900,1.825900
1075267080,1.825900,1.826200,1.825800,1.826100
1075267140,1.826100,1.826100,1.825900,1.825900
1075267200,1.825900,1.826400,1.825900,1.826300
1075267260,1.826300,1.826500,1.826300,1.826500
1075267320,1.826500,1.826600,1.826500,1.826500
1075267380,1.826500,1.826600,1.826500,1.826500
1075267440,1.826500,1.826500,1.826500,1.826500
1075267500,1.826500,1.826900,1.826500,1.826900
1075267560,1.826900,1.826900,1.826600,1.826700
1075267620,1.826700,1.826800,1.826700,1.826800
1075267680,1.826800,1.827100,1.826800,1.827000
1075267740,1.826900,1.827600,1.826900,1.827500
1075267800,1.827300,1.827500,1.827300,1.827500
1075267860,1.827500,1.827600,1.827200,1.827300
1075267920,1.827300,1.827300,1.827200,1.827300
1075267980,1.827300,1.827300,1.826700,1.826900
1075268040,1.826900,1.826900,1.826700,1.826700
1075268100,1.826700,1.826800,1.826700,1.826800
1075268160,1.826800,1.827000,1.826800,1.827000
1075268220,1.827000,1.827400,1.827000,1.827300
1075268280,1.827300,1.827700,1.827200,1.827700
1075268340,1.827700,1.827800,1.827400,1.827800
1075268400,1.827800,1.828200,1.827700,1.828100
1075268460,1.828000,1.828300,1.828000,1.828200
1075268520,1.828300,1.828400,1.827900,1.827900
1075268580,1.828000,1.828000,1.827800,1.827800
1075268640,1.827800,1.828000,1.827800,1.828000
1075268700,1.828000,1.828000,1.827800,1.827800
1075268760,1.827800,1.827900,1.827500,1.827600
1075268820,1.827600,1.827700,1.827400,1.827600
1075268880,1.827600,1.827600,1.827400,1.827400
1075268940,1.827300,1.827600,1.827300,1.827500
1075269000,1.827500,1.827500,1.827400,1.827400
1075269060,1.827400,1.827500,1.827400,1.827400
1075269120,1.827400,1.827400,1.827400,1.827400
1075269180,1.827400,1.827400,1.827300,1.827300
1075269240,1.827300,1.827300,1.827100,1.827300
1075269300,1.827300,1.827300,1.827000,1.827100
1075269360,1.827100,1.827200,1.827100,1.827100
1075269420,1.827200,1.827500,1.827100,1.827100
1075269480,1.827200,1.827200,1.826900,1.826900
1075269540,1.826900,1.827100,1.826900,1.827100
1075269600,1.827100,1.827100,1.827100,1.827100
1075269660,1.827100,1.827100,1.827100,1.827100
1075269720,1.827100,1.827200,1.827000,1.827100
1075269780,1.827200,1.827200,1.827000,1.827000
1075269840,1.827000,1.827000,1.827000,1.827000
1075269900,1.827000,1.827100,1.827000,1.827100
1075269960,1.827100,1.827200,1.827100,1.827200
1075270020,1.827200,1.827400,1.827200,1.827300
1075270080,1.827300,1.827500,1.827300,1.827500
1075270140,1.827500,1.827500,1.827400,1.827500
1075270200,1.827500,1.827500,1.827500,1.827500
1075270260,1.827500,1.827500,1.827300,1.827300
1075270320,1.827300,1.827400,1.827200,1.827200
1075270380,1.827200,1.827500,1.826700,1.826700
1075270440,1.826800,1.827100,1.826800,1.827100
1075270500,1.827100,1.827200,1.827100,1.827100
1075270560,1.827100,1.827200,1.827100,1.827100
1075270620,1.827100,1.827200,1.827000,1.827200
1075270680,1.827200,1.827200,1.827100,1.827100
1075270740,1.827100,1.827100,1.827100,1.827100
1075270800,1.827100,1.827100,1.827100,1.827100
1075270860,1.827100,1.827100,1.827100,1.827100
1075270920,1.827200,1.827300,1.827100,1.827300
1075270980,1.827300,1.827700,1.827300,1.827700
1075271040,1.827700,1.827900,1.827700,1.827800
1075271100,1.827800,1.828400,1.827800,1.828400
1075271160,1.828400,1.829000,1.828300,1.828700
1075271220,1.828700,1.837900,1.827400,1.829200
1075271280,1.829200,1.829900,1.829100,1.829400
1075271340,1.829300,1.829500,1.828700,1.828700
1075271400,1.828700,1.829200,1.828700,1.828900
1075271460,1.829000,1.829200,1.829000,1.829100
1075271520,1.829100,1.829100,1.828700,1.828800
1075271580,1.828800,1.828800,1.828600,1.828600
1075271640,1.828600,1.828800,1.828600,1.828600
1075271700,1.828600,1.828600,1.828300,1.828300
1075271760,1.828200,1.828200,1.827500,1.827600
1075271820,1.827600,1.827900,1.827600,1.827700
1075271880,1.827600,1.827800,1.827400,1.827600
1075271940,1.827600,1.827600,1.827400,1.827500
1075272000,1.827400,1.827400,1.827100,1.827100
1075272060,1.827100,1.827200,1.826900,1.827000
1075272120,1.827000,1.827000,1.826600,1.826800
1075272180,1.826900,1.826900,1.826600,1.826800
1075272240,1.826700,1.826800,1.826600,1.826600
1075272300,1.826600,1.826600,1.826200,1.826400
1075272360,1.826400,1.827100,1.826400,1.826700
1075272420,1.826700,1.826800,1.826100,1.826300
1075272480,1.826300,1.826300,1.825900,1.825900
1075272540,1.825800,1.835500,1.824300,1.824300
1075272600,1.824200,1.824300,1.823200,1.823200
1075272660,1.823400,1.824400,1.823300,1.824400
1075272720,1.825000,1.825400,1.825000,1.825300
1075272780,1.825100,1.825500,1.824900,1.825500
1075272840,1.825500,1.825600,1.825300,1.825600
1075272900,1.825600,1.825900,1.825500,1.825700
1075272960,1.825700,1.825900,1.825700,1.825800
1075273020,1.825800,1.825900,1.825600,1.825900
1075273080,1.825800,1.825800,1.825500,1.825600
1075273140,1.825600,1.825600,1.825400,1.825600
1075273200,1.825600,1.826500,1.825600,1.826300
1075273260,1.826300,1.826600,1.825900,1.825900
1075273320,1.825900,1.826000,1.825700,1.825800
1075273380,1.825800,1.825800,1.825200,1.825400
1075273440,1.825500,1.826100,1.825400,1.826100
1075273500,1.826100,1.826100,1.825700,1.826100
1075273560,1.826100,1.826300,1.826000,1.826300
1075273620,1.826300,1.826300,1.825800,1.825900
1075273680,1.825800,1.825800,1.825400,1.825500
1075273740,1.825500,1.826400,1.825500,1.825900
1075273800,1.825900,1.826000,1.825600,1.826000
1075273860,1.826000,1.826100,1.825500,1.825600
1075273920,1.825600,1.825800,1.825600,1.825800
1075273980,1.825800,1.825900,1.825800,1.825900
1075274040,1.825900,1.826000,1.825800,1.825900
1075274100,1.825900,1.825900,1.825700,1.825900
1075274160,1.825900,1.826000,1.825900,1.826000
1075274220,1.826000,1.826000,1.825900,1.825900
1075274280,1.825900,1.826000,1.825900,1.825900
1075274340,1.825900,1.825900,1.825700,1.825800
1075274400,1.825800,1.825800,1.825500,1.825600
1075274460,1.825600,1.826000,1.825600,1.826000
1075274520,1.826000,1.826300,1.826000,1.826300
1075274580,1.826200,1.826700,1.826200,1.826700
1075274640,1.826700,1.827500,1.826700,1.827300
1075274700,1.827300,1.827400,1.827200,1.827300
1075274760,1.827300,1.828100,1.827200,1.828100
1075274820,1.828100,1.828100,1.827600,1.827700
1075274880,1.827700,1.828000,1.827600,1.827800
1075274940,1.827700,1.827700,1.827400,1.827400
1075275000,1.827400,1.827500,1.827000,1.827000
1075275060,1.827000,1.827200,1.826800,1.826900
1075275120,1.827000,1.827500,1.826900,1.827200
1075275180,1.827200,1.827300,1.826700,1.826900
1075275240,1.826900,1.827200,1.826900,1.827100
1075275300,1.827100,1.827200,1.827100,1.827200
1075275360,1.827100,1.827200,1.827000,1.827100
1075275420,1.827100,1.827600,1.827100,1.827500
1075275480,1.827500,1.827600,1.827300,1.827300
1075275540,1.827100,1.827400,1.827100,1.827400
1075275600,1.827400,1.827400,1.827100,1.827100
1075275660,1.827100,1.827100,1.827000,1.827100
1075275720,1.827100,1.827400,1.827100,1.827300
1075275780,1.827300,1.827500,1.827000,1.827200
1075275840,1.827100,1.827100,1.827000,1.827000
1075275900,1.827000,1.827200,1.827000,1.827200
1075275960,1.827200,1.827700,1.827200,1.827600
1075276020,1.827600,1.828000,1.827600,1.828000
1075276080,1.828100,1.828100,1.828000,1.828100
1075276140,1.828200,1.829000,1.828200,1.828900
1075276200,1.828900,1.829100,1.828600,1.829000
1075276260,1.829000,1.829000,1.828700,1.828700
1075276320,1.828700,1.828900,1.828700,1.828700
1075276380,1.828700,1.829100,1.828700,1.829100
1075276440,1.829100,1.829600,1.829100,1.829600
1075276500,1.829600,1.831200,1.829600,1.831100
1075276560,1.831000,1.831100,1.830700,1.831000
1075276620,1.831000,1.831600,1.831000,1.831500
1075276680,1.831500,1.832300,1.831500,1.831900
1075276740,1.831900,1.832000,1.831600,1.831600
1075276800,1.831600,1.831600,1.831200,1.831200
1075276860,1.831200,1.831600,1.831200,1.831600
1075276920,1.831600,1.831800,1.831300,1.831400
1075276980,1.831400,1.831400,1.830900,1.831200
1075277040,1.831100,1.831100,1.831000,1.831100
1075277100,1.831100,1.831200,1.831000,1.831200
1075277160,1.831200,1.831400,1.831200,1.831400
1075277220,1.831400,1.831400,1.831000,1.831000
1075277280,1.831100,1.831300,1.830800,1.831000
1075277340,1.831000,1.831200,1.831000,1.831200
1075277400,1.831200,1.831800,1.831200,1.831800
1075277460,1.831800,1.832100,1.831600,1.831600
1075277520,1.831600,1.831800,1.831500,1.831700
1075277580,1.831700,1.831800,1.831400,1.831700
1075277640,1.831700,1.831800,1.831600,1.831600
1075277700,1.831700,1.831700,1.831400,1.831500
1075277760,1.831500,1.831500,1.831300,1.831500
1075277820,1.831500,1.831500,1.830300,1.830400
1075277880,1.830600,1.830700,1.830200,1.830500
1075277940,1.830500,1.830700,1.830400,1.830500
1075278000,1.830500,1.830500,1.830200,1.830500
1075278060,1.830500,1.831000,1.830500,1.830900
1075278120,1.830900,1.831500,1.830900,1.831500
1075278180,1.831600,1.832100,1.831600,1.832100
1075278240,1.832100,1.832600,1.832100,1.832500
1075278300,1.832500,1.833200,1.832500,1.833000
1075278360,1.833000,1.833100,1.832400,1.832400
1075278420,1.832400,1.832500,1.832400,1.832500
1075278480,1.832500,1.832500,1.832300,1.832300
1075278540,1.832300,1.832700,1.832300,1.832700
1075278600,1.832700,1.832800,1.832400,1.832400
1075278660,1.832300,1.832300,1.831500,1.831500
1075278720,1.831600,1.831600,1.831200,1.831300
1075278780,1.831300,1.831500,1.831000,1.831500
1075278840,1.831500,1.831900,1.831500,1.831600
1075278900,1.831700,1.831700,1.830900,1.831100
1075278960,1.831100,1.831100,1.830900,1.831000
1075279020,1.831000,1.831000,1.830500,1.830500
1075279080,1.830500,1.830900,1.830500,1.830800
1075279140,1.830800,1.830900,1.830800,1.830900
1075279200,1.830900,1.831200,1.830900,1.831100
1075279260,1.831200,1.831500,1.831100,1.831100
1075279320,1.831100,1.831100,1.830500,1.830700
1075279380,1.830700,1.830900,1.830600,1.830900
1075279440,1.830900,1.831100,1.830800,1.830900
1075279500,1.830900,1.831100,1.830900,1.830900
1075279560,1.830900,1.830900,1.830500,1.830500
1075279620,1.830500,1.830600,1.830400,1.830400
1075279680,1.830400,1.830900,1.830400,1.830900
1075279740,1.830900,1.831000,1.830600,1.830600
1075279800,1.830700,1.831100,1.830600,1.830800
1075279860,1.830800,1.830900,1.830600,1.830700
1075279920,1.830700,1.830700,1.830600,1.830700
1075279980,1.830600,1.830600,1.829600,1.829600
1075280040,1.829700,1.829700,1.829600,1.829600
1075280100,1.829600,1.829800,1.829500,1.829700
1075280160,1.829700,1.829700,1.828700,1.829100
1075280220,1.829100,1.829100,1.827900,1.827900
1075280280,1.828000,1.828300,1.827900,1.828100
1075280340,1.828100,1.828500,1.828000,1.828300
1075280400,1.828200,1.828500,1.828200,1.828400
1075280460,1.828400,1.829200,1.828400,1.829000
1075280520,1.829000,1.829000,1.828900,1.828900
1075280580,1.828900,1.829200,1.828900,1.829200
1075280640,1.829200,1.829400,1.829000,1.829100
1075280700,1.829100,1.829400,1.829100,1.829400
1075280760,1.829400,1.829800,1.829400,1.829800
1075280820,1.829800,1.830400,1.829700,1.830300
1075280880,1.830300,1.831600,1.830200,1.831200
1075280940,1.831200,1.831800,1.831200,1.831400
1075281000,1.831400,1.831500,1.831200,1.831200
1075281060,1.831200,1.831700,1.831200,1.831700
1075281120,1.831700,1.832000,1.831600,1.831700
1075281180,1.831700,1.831700,1.831400,1.831500
1075281240,1.831500,1.831600,1.831300,1.831400
1075281300,1.831300,1.831300,1.830900,1.831000
1075281360,1.831000,1.831100,1.830800,1.831100
1075281420,1.831100,1.831100,1.831000,1.831000
1075281480,1.831000,1.831000,1.830800,1.830800
1075281540,1.830800,1.830800,1.830700,1.830800
1075281600,1.830800,1.830800,1.830400,1.830400
1075281660,1.830400,1.830400,1.830200,1.830200
1075281720,1.830200,1.830200,1.829800,1.829900
1075281780,1.829900,1.830000,1.829800,1.830000
1075281840,1.830000,1.830200,1.830000,1.830100
1075281900,1.830100,1.830200,1.830100,1.830100
1075281960,1.830200,1.830200,1.830100,1.830100
1075282020,1.830100,1.830100,1.829700,1.829800
1075282080,1.829800,1.829800,1.829300,1.829300
1075282140,1.829300,1.829400,1.829200,1.829300
1075282200,1.829300,1.829500,1.829300,1.829500
1075282260,1.829500,1.829600,1.829400,1.829600
1075282320,1.829600,1.830900,1.829600,1.830800
1075282380,1.830800,1.830900,1.830600,1.830600
1075282440,1.830700,1.831300,1.830600,1.830900
1075282500,1.830900,1.831300,1.830900,1.831200
1075282560,1.831200,1.831400,1.831000,1.831400
1075282620,1.831400,1.831400,1.831200,1.831400
1075282680,1.831400,1.831400,1.831100,1.831100
1075282740,1.831100,1.831200,1.831000,1.831100
1075282800,1.831100,1.831200,1.831000,1.831000
1075282860,1.830900,1.830900,1.830500,1.830500
1075282920,1.830600,1.831000,1.830600,1.830900
1075282980,1.830900,1.830900,1.830500,1.830500
1075283040,1.830500,1.830600,1.830500,1.830500
1075283100,1.830500,1.830500,1.830300,1.830300
1075283160,1.830300,1.830700,1.830300,1.830600
1075283220,1.830700,1.830700,1.830400,1.830400
1075283280,1.830400,1.830400,1.830000,1.830000
1075283340,1.830000,1.830000,1.829900,1.830000
1075283400,1.830000,1.830100,1.829800,1.830000
1075283460,1.830000,1.830400,1.830000,1.830400
1075283520,1.830400,1.830600,1.830400,1.830600
1075283580,1.830600,1.831300,1.830600,1.831300
1075283640,1.831300,1.831900,1.831300,1.831700
1075283700,1.831700,1.831800,1.831600,1.831600
1075283760,1.831600,1.831600,1.831300,1.831300
1075283820,1.831300,1.831400,1.831100,1.831400
1075283880,1.831400,1.831500,1.831300,1.831300
1075283940,1.831300,1.831300,1.830800,1.830800
1075284000,1.830800,1.830800,1.830000,1.830000
1075284060,1.830000,1.830000,1.829700,1.830000
1075284120,1.830000,1.830200,1.829400,1.830200
1075284180,1.830400,1.830500,1.829900,1.829900
1075284240,1.829900,1.830300,1.829900,1.830300
1075284300,1.830300,1.830300,1.829900,1.830100
1075284360,1.830100,1.830200,1.830000,1.830200
1075284420,1.830200,1.830600,1.830200,1.830600
1075284480,1.830600,1.831000,1.830600,1.830800
1075284540,1.830700,1.830800,1.830700,1.830800
1075284600,1.830800,1.831000,1.830800,1.830900
1075284660,1.830900,1.831300,1.830900,1.831200
1075284720,1.831200,1.831500,1.830900,1.831400
1075284780,1.831400,1.831500,1.831400,1.831400
1075284840,1.831400,1.831500,1.831400,1.831500
1075284900,1.831500,1.831500,1.830900,1.831000
1075284960,1.831000,1.831300,1.831000,1.831100
1075285020,1.831100,1.831500,1.831100,1.831400
1075285080,1.831400,1.831400,1.831100,1.831200
1075285140,1.831200,1.831800,1.831200,1.831800
1075285200,1.831800,1.831800,1.831500,1.831500
1075285260,1.831500,1.831600,1.831000,1.831000
1075285320,1.831000,1.831400,1.831000,1.831300
1075285380,1.831300,1.831900,1.831300,1.831800
1075285440,1.831800,1.831800,1.831300,1.831300
1075285500,1.831400,1.831400,1.831300,1.831400
1075285560,1.831400,1.831400,1.831300,1.831300
1075285620,1.831300,1.831400,1.831300,1.831400
1075285680,1.831400,1.831500,1.831400,1.831500
1075285740,1.831500,1.831500,1.831200,1.831300
1075285800,1.831300,1.831400,1.830900,1.830900
1075285860,1.830900,1.831500,1.830900,1.831500
1075285920,1.831500,1.831600,1.831500,1.831500
1075285980,1.831500,1.831500,1.831100,1.831100
1075286040,1.831100,1.831500,1.830900,1.831500
1075286100,1.831500,1.832000,1.831400,1.832000
1075286160,1.832000,1.832500,1.832000,1.832400
1075286220,1.832400,1.832500,1.832400,1.832500
1075286280,1.832500,1.832500,1.832300,1.832400
1075286340,1.832400,1.832500,1.832400,1.832400
1075286400,1.832500,1.832800,1.832400,1.832800
1075286460,1.832900,1.832900,1.832400,1.832400
1075286520,1.832300,1.832300,1.831900,1.832000
1075286580,1.832000,1.832300,1.832000,1.832200
1075286640,1.832200,1.832500,1.832200,1.832500
1075286700,1.832500,1.832700,1.832400,1.832600
1075286760,1.832600,1.832600,1.832400,1.832500
1075286820,1.832500,1.832600,1.832400,1.832400
1075286880,1.832400,1.832400,1.831900,1.831900
1075286940,1.831900,1.832300,1.831900,1.832300
1075287000,1.832300,1.832400,1.832200,1.832400
1075287060,1.832400,1.832400,1.831900,1.831900
1075287120,1.831900,1.832200,1.831900,1.832100
1075287180,1.832100,1.832300,1.832000,1.832200
1075287240,1.832300,1.832300,1.832100,1.832100
1075287300,1.832100,1.832400,1.832100,1.832400
1075287360,1.832400,1.832900,1.832300,1.832400
1075287420,1.832400,1.833400,1.832300,1.833400
1075287480,1.833400,1.833500,1.833000,1.833200
1075287540,1.833200,1.834000,1.833200,1.834000
1075287600,1.833900,1.834300,1.833800,1.834200
1075287660,1.834200,1.834400,1.834200,1.834400
1075287720,1.834400,1.834500,1.834000,1.834100
1075287780,1.834000,1.834100,1.833700,1.833700
1075287840,1.833700,1.833800,1.833700,1.833700
1075287900,1.833700,1.833800,1.832900,1.833000
1075287960,1.833000,1.833400,1.833000,1.833300
1075288020,1.833300,1.833600,1.833200,1.833500
1075288080,1.833500,1.833500,1.833300,1.833300
1075288140,1.833300,1.833400,1.833100,1.833400
1075288200,1.833400,1.833600,1.833300,1.833600
1075288260,1.833600,1.833600,1.833400,1.833500
1075288320,1.833400,1.833500,1.833300,1.833500
1075288380,1.833500,1.833500,1.833300,1.833300
1075288440,1.833300,1.833300,1.833200,1.833200
1075288500,1.833200,1.833200,1.832900,1.833000
1075288560,1.833000,1.833100,1.833000,1.833000
1075288620,1.833000,1.833100,1.833000,1.833100
1075288680,1.833100,1.833100,1.832900,1.832900
1075288740,1.832900,1.833400,1.832900,1.833300
1075288800,1.833300,1.833500,1.833300,1.833500
1075288860,1.833500,1.834100,1.833500,1.834100
1075288920,1.834100,1.834600,1.834100,1.834400
1075288980,1.834400,1.834500,1.834400,1.834500
1075289040,1.834600,1.835000,1.834500,1.834700
1075289100,1.834700,1.834700,1.834700,1.834700
1075289160,1.834700,1.834700,1.834500,1.834500
1075289220,1.834500,1.834600,1.834400,1.834400
1075289280,1.834400,1.834600,1.834400,1.834600
1075289340,1.834500,1.835400,1.834500,1.835400
1075289400,1.835400,1.836000,1.835400,1.835900
1075289460,1.835900,1.836200,1.835900,1.835900
1075289520,1.835900,1.835900,1.835100,1.835100
1075289580,1.835200,1.835200,1.834600,1.834600
1075289640,1.834600,1.834800,1.833900,1.834000
1075289700,1.834000,1.834000,1.833800,1.834000
1075289760,1.834000,1.834000,1.833900,1.834000
1075289820,1.834000,1.834300,1.833800,1.834200
1075289880,1.834200,1.834600,1.834100,1.834600
1075289940,1.834600,1.834600,1.834500,1.834600
1075290000,1.834600,1.835000,1.834600,1.835000
1075290060,1.835000,1.835200,1.835000,1.835200
1075290120,1.835200,1.835500,1.834800,1.834900
1075290180,1.834900,1.836000,1.834900,1.835600
1075290240,1.835500,1.835500,1.835300,1.835400
1075290300,1.835400,1.836500,1.835400,1.836500
1075290360,1.836500,1.836900,1.836400,1.836900
1075290420,1.836900,1.837100,1.836800,1.836900
1075290480,1.836900,1.837100,1.836600,1.836600
1075290540,1.836600,1.836700,1.836500,1.836500
1075290600,1.836500,1.836500,1.836400,1.836500
1075290660,1.836500,1.836600,1.836200,1.836300
1075290720,1.836300,1.836300,1.836000,1.836000
1075290780,1.836000,1.836100,1.835900,1.836100
1075290840,1.836100,1.836200,1.836000,1.836000
1075290900,1.836000,1.836000,1.835600,1.835600
1075290960,1.835600,1.835700,1.835600,1.835600
1075291020,1.835600,1.835800,1.835500,1.835500
1075291080,1.835500,1.835500,1.835200,1.835400
1075291140,1.835400,1.835400,1.834400,1.834400
1075291200,1.834400,1.835300,1.834100,1.835100
1075291260,1.835100,1.835100,1.834600,1.834700
1075291320,1.834700,1.835100,1.834700,1.834800
1075291380,1.834800,1.834900,1.834700,1.834900
1075291440,1.834900,1.834900,1.834700,1.834800
1075291500,1.834800,1.835000,1.834800,1.835000
1075291560,1.835000,1.835000,1.834900,1.835000
1075291620,1.834900,1.834900,1.834700,1.834800
1075291680,1.834800,1.834800,1.834300,1.834700
1075291740,1.834700,1.834700,1.834500,1.834500
1075291800,1.834500,1.835200,1.834500,1.835200
1075291860,1.835200,1.835200,1.834800,1.834800
1075291920,1.834800,1.835000,1.834700,1.834800
1075291980,1.834800,1.834900,1.834800,1.834900
1075292040,1.834800,1.835500,1.834800,1.835500
1075292100,1.835500,1.835600,1.835400,1.835600
1075292160,1.835600,1.835900,1.835600,1.835700
1075292220,1.835700,1.835700,1.835600,1.835700
1075292280,1.835700,1.835900,1.835700,1.835800
1075292340,1.835800,1.835900,1.835200,1.835400
1075292400,1.835300,1.835600,1.835100,1.835300
1075292460,1.835400,1.835500,1.835000,1.835100
1075292520,1.835100,1.835100,1.834700,1.834700
1075292580,1.834700,1.835000,1.834500,1.834900
1075292640,1.834900,1.834900,1.834800,1.834900
1075292700,1.834900,1.835000,1.834900,1.835000
1075292760,1.835000,1.835000,1.834700,1.835000
1075292820,1.835000,1.835300,1.835000,1.835200
1075292880,1.835200,1.835400,1.835100,1.835100
1075292940,1.835100,1.835100,1.834900,1.834900
1075293000,1.834800,1.834800,1.833900,1.833900
1075293060,1.833900,1.833900,1.832600,1.832900
1075293120,1.832900,1.833000,1.832700,1.832900
1075293180,1.832900,1.833200,1.832800,1.833100
1075293240,1.833100,1.833100,1.832600,1.832800
1075293300,1.832800,1.833400,1.832700,1.833200
1075293360,1.833200,1.833200,1.832700,1.832700
1075293420,1.832800,1.832800,1.832200,1.832500
1075293480,1.832400,1.833100,1.832400,1.832900
1075293540,1.832900,1.833100,1.832800,1.833100
1075293600,1.833100,1.833600,1.833000,1.833500
1075293660,1.833500,1.834400,1.833500,1.834200
1075293720,1.834200,1.834300,1.833800,1.833800
1075293780,1.833800,1.834000,1.833600,1.833600
1075293840,1.833600,1.833600,1.833200,1.833200
1075293900,1.833200,1.833700,1.833100,1.833500
1075293960,1.833500,1.833500,1.832000,1.832000
1075294020,1.832000,1.832100,1.831500,1.832100
1075294080,1.832100,1.832500,1.831900,1.832400
1075294140,1.832400,1.832700,1.832400,1.832700
1075294200,1.832700,1.832900,1.832700,1.832700
1075294260,1.832700,1.832700,1.832200,1.832400
1075294320,1.832400,1.832400,1.832100,1.832100
1075294380,1.832100,1.832200,1.831800,1.831800
1075294440,1.831700,1.831900,1.831600,1.831800
1075294500,1.831800,1.832500,1.831800,1.832400
1075294560,1.832400,1.832700,1.832400,1.832600
1075294620,1.832500,1.832500,1.832200,1.832200
1075294680,1.832200,1.832400,1.832100,1.832400
1075294740,1.832400,1.832500,1.832000,1.832300
1075294800,1.832300,1.832600,1.832300,1.832600
1075294860,1.832500,1.833100,1.832300,1.832800
1075294920,1.832800,1.832800,1.832700,1.832800
1075294980,1.832800,1.832900,1.832300,1.832300
1075295040,1.832300,1.832400,1.832000,1.832000
1075295100,1.832000,1.832100,1.831500,1.831900
1075295160,1.831900,1.832400,1.831900,1.832100
1075295220,1.832100,1.832200,1.831900,1.832200
1075295280,1.832200,1.832400,1.831700,1.831700
1075295340,1.831700,1.831700,1.830700,1.830800
1075295400,1.830800,1.831200,1.830700,1.830700
1075295460,1.830700,1.830700,1.830300,1.830600
1075295520,1.830600,1.831000,1.830600,1.830700
1075295580,1.830700,1.830700,1.830300,1.830300
1075295640,1.830300,1.830300,1.829300,1.829300
1075295700,1.829300,1.829500,1.829000,1.829200
1075295760,1.829200,1.829300,1.829000,1.829000
1075295820,1.829000,1.829000,1.828200,1.828200
1075295880,1.828200,1.828500,1.828100,1.828500
1075295940,1.828500,1.829100,1.828300,1.829100
1075296000,1.829100,1.829200,1.829000,1.829100
1075296060,1.829100,1.829500,1.829100,1.829400
1075296120,1.829400,1.829600,1.829300,1.829300
1075296180,1.829300,1.829600,1.829200,1.829300
1075296240,1.829300,1.829400,1.829100,1.829100
1075296300,1.829100,1.829400,1.829100,1.829400
1075296360,1.829400,1.829700,1.829300,1.829600
1075296420,1.829600,1.829700,1.829100,1.829200
1075296480,1.829200,1.829300,1.828900,1.828900
1075296540,1.828900,1.828900,1.828500,1.828500
1075296600,1.828500,1.839100,1.828500,1.830000
1075296660,1.830000,1.831100,1.830000,1.831100
1075296720,1.831000,1.831600,1.830800,1.831500
1075296780,1.831500,1.832200,1.831400,1.832200
1075296840,1.832200,1.833200,1.832200,1.832900
1075296900,1.832800,1.833000,1.832400,1.832900
1075296960,1.832900,1.833100,1.832200,1.832200
1075297020,1.832100,1.833300,1.832000,1.833300
1075297080,1.833300,1.833400,1.832800,1.832900
1075297140,1.832900,1.832900,1.832400,1.832600
1075297200,1.832500,1.832500,1.831900,1.832100
1075297260,1.832000,1.832100,1.831300,1.831400
1075297320,1.831500,1.831500,1.830800,1.830800
1075297380,1.830800,1.831100,1.830800,1.831000
1075297440,1.831000,1.831100,1.830500,1.830700
1075297500,1.830700,1.831100,1.830700,1.831000
1075297560,1.830900,1.831400,1.830600,1.831300
1075297620,1.831300,1.831900,1.831300,1.831800
1075297680,1.831800,1.831800,1.831000,1.831100
1075297740,1.831100,1.831700,1.830900,1.831500
1075297800,1.831500,1.831500,1.830900,1.831100
1075297860,1.831100,1.831100,1.831000,1.831100
1075297920,1.831100,1.831500,1.831000,1.831500
1075297980,1.831600,1.832300,1.831500,1.832200
1075298040,1.832200,1.832200,1.831700,1.832000
1075298100,1.832000,1.832300,1.831700,1.831700
1075298160,1.831700,1.831700,1.830800,1.830900
1075298220,1.830900,1.831000,1.829400,1.829400
1075298280,1.829400,1.829500,1.828900,1.829500
1075298340,1.829500,1.829900,1.829400,1.829600
1075298400,1.829500,1.829600,1.829000,1.829500
1075298460,1.829500,1.829700,1.829200,1.829500
1075298520,1.829500,1.829500,1.828700,1.828700
1075298580,1.828700,1.828900,1.828500,1.828900
1075298640,1.828900,1.828900,1.828700,1.828900
1075298700,1.828900,1.829200,1.828700,1.828900
1075298760,1.828900,1.829500,1.828800,1.829400
1075298820,1.829400,1.829600,1.828800,1.828800
1075298880,1.828800,1.829300,1.828800,1.829200
1075298940,1.829200,1.829500,1.829000,1.829300
1075299000,1.829300,1.829500,1.829200,1.829400
1075299060,1.829400,1.829400,1.829000,1.829000
1075299120,1.829000,1.829200,1.828800,1.828800
1075299180,1.828800,1.829400,1.828800,1.829300
1075299240,1.829300,1.829500,1.828900,1.828900
1075299300,1.828900,1.829100,1.828800,1.828900
1075299360,1.828900,1.829000,1.828600,1.828600
1075299420,1.828700,1.828700,1.828500,1.828500
1075299480,1.828500,1.828600,1.828200,1.828500
1075299540,1.828600,1.829200,1.828600,1.829200
1075299600,1.829200,1.829400,1.829100,1.829200
1075299660,1.829300,1.829300,1.829100,1.829200
1075299720,1.829200,1.829200,1.828900,1.828900
1075299780,1.828800,1.828800,1.828500,1.828500
1075299840,1.828500,1.828700,1.828300,1.828300
1075299900,1.828300,1.828400,1.827800,1.827900
1075299960,1.827800,1.828600,1.827800,1.828600
1075300020,1.828600,1.828700,1.828500,1.828600
1075300080,1.828600,1.828600,1.828000,1.828400
1075300140,1.828400,1.828600,1.828300,1.828300
1075300200,1.828400,1.828800,1.828200,1.828700
1075300260,1.828700,1.828700,1.828500,1.828600
1075300320,1.828600,1.828800,1.828500,1.828700
1075300380,1.828700,1.828700,1.828400,1.828400
1075300440,1.828400,1.828900,1.828300,1.828800
1075300500,1.828800,1.829000,1.828800,1.828800
1075300560,1.828800,1.829300,1.828800,1.829300
1075300620,1.829300,1.829300,1.829000,1.829100
1075300680,1.829100,1.829400,1.829000,1.829100
1075300740,1.829100,1.829500,1.829100,1.829500
1075300800,1.829500,1.830500,1.829500,1.830400
1075300860,1.830400,1.830500,1.830300,1.830500
1075300920,1.830500,1.830800,1.830500,1.830700
1075300980,1.830700,1.830800,1.830600,1.830700
1075301040,1.830700,1.831000,1.830600,1.830900
1075301100,1.830900,1.831000,1.830800,1.830800
1075301160,1.830800,1.830800,1.830600,1.830700
1075301220,1.830700,1.830900,1.830600,1.830900
1075301280,1.830800,1.831000,1.830700,1.831000
1075301340,1.831000,1.831400,1.830900,1.831300
1075301400,1.831400,1.831400,1.831200,1.831400
1075301460,1.831400,1.831500,1.831200,1.831400
1075301520,1.831400,1.832300,1.831400,1.832300
1075301580,1.832300,1.832400,1.832000,1.832000
1075301640,1.832000,1.832100,1.831700,1.831900
1075301700,1.831900,1.832000,1.831300,1.831300
1075301760,1.831300,1.832000,1.831300,1.832000
1075301820,1.832000,1.832100,1.831900,1.831900
1075301880,1.831900,1.832200,1.831700,1.832200
1075301940,1.832200,1.832300,1.831900,1.832200
1075302000,1.832200,1.832200,1.831800,1.831800
1075302060,1.831800,1.831900,1.831400,1.831900
1075302120,1.831900,1.832200,1.831800,1.832200
1075302180,1.832200,1.832300,1.831600,1.831600
1075302240,1.831600,1.831700,1.831500,1.831500
1075302300,1.831500,1.831500,1.831300,1.831300
1075302360,1.831300,1.831300,1.830900,1.830900
1075302420,1.830900,1.830900,1.829200,1.829200
1075302480,1.829200,1.829400,1.829000,1.829200
1075302540,1.829400,1.829600,1.829300,1.829600
1075302600,1.829700,1.829700,1.828900,1.829000
1075302660,1.829000,1.829600,1.829000,1.829500
1075302720,1.829500,1.830000,1.829300,1.830000
1075302780,1.830000,1.830500,1.830000,1.830300
1075302840,1.830200,1.830500,1.830000,1.830500
1075302900,1.830500,1.830600,1.830300,1.830300
1075302960,1.830400,1.830400,1.830100,1.830100
1075303020,1.830100,1.830100,1.829900,1.830000
1075303080,1.829900,1.829900,1.829900,1.829900
1075303140,1.829900,1.830300,1.829900,1.830100
1075303200,1.830100,1.830500,1.830100,1.830300
1075303260,1.830200,1.830200,1.829900,1.829900
1075303320,1.829900,1.830000,1.829900,1.830000
1075303380,1.830000,1.830200,1.829800,1.829800
1075303440,1.829800,1.829900,1.829100,1.829300
1075303500,1.829300,1.829300,1.828700,1.829000
1075303560,1.829000,1.829400,1.829000,1.829200
1075303620,1.829200,1.829200,1.828800,1.828800
1075303680,1.828800,1.828900,1.828400,1.828500
1075303740,1.828500,1.828700,1.828200,1.828200
1075303800,1.828300,1.829000,1.828000,1.828800
1075303860,1.828800,1.829300,1.828800,1.829300
1075303920,1.829400,1.829500,1.829200,1.829400
1075303980,1.829400,1.829700,1.829300,1.829400
1075304040,1.829400,1.829400,1.829000,1.829100
1075304100,1.829000,1.829400,1.828800,1.829400
1075304160,1.829400,1.829900,1.829400,1.829800
1075304220,1.829900,1.829900,1.829500,1.829500
1075304280,1.829400,1.829400,1.828900,1.829400
1075304340,1.829500,1.829600,1.829200,1.829600
1075304400,1.829600,1.830300,1.829600,1.830300
1075304460,1.830300,1.830300,1.829600,1.829800
1075304520,1.829800,1.830000,1.829700,1.830000
1075304580,1.830000,1.830100,1.829700,1.830000
1075304640,1.830100,1.830400,1.830100,1.830400
1075304700,1.830400,1.830600,1.830400,1.830500
1075304760,1.830400,1.830400,1.830300,1.830400
1075304820,1.830400,1.830400,1.829900,1.829900
1075304880,1.829900,1.830300,1.829900,1.830200
1075304940,1.830100,1.830500,1.830100,1.830200
1075305000,1.830200,1.830600,1.830100,1.830600
1075305060,1.830600,1.830800,1.830500,1.830800
1075305120,1.830800,1.830900,1.830700,1.830800
1075305180,1.830800,1.830900,1.830800,1.830900
1075305240,1.830900,1.830900,1.830500,1.830500
1075305300,1.830500,1.830500,1.830200,1.830300
1075305360,1.830300,1.830300,1.830100,1.830200
1075305420,1.830200,1.830300,1.830000,1.830000
1075305480,1.830000,1.830200,1.829900,1.830000
1075305540,1.830000,1.831000,1.830000,1.830900
1075305600,1.830900,1.830900,1.830400,1.830900
1075305660,1.830800,1.831500,1.830800,1.831500
1075305720,1.831500,1.831800,1.831200,1.831200
1075305780,1.831100,1.831300,1.831000,1.831200
1075305840,1.831200,1.831800,1.831200,1.831800
1075305900,1.831800,1.831900,1.831600,1.831800
1075305960,1.831800,1.831800,1.831700,1.831800
1075306020,1.831800,1.831900,1.831400,1.831500
1075306080,1.831400,1.831400,1.830900,1.831000
1075306140,1.831000,1.831000,1.830500,1.830500
1075306200,1.830600,1.830700,1.830500,1.830500
1075306260,1.830500,1.830500,1.830500,1.830500
1075306320,1.830500,1.830500,1.830100,1.830100
1075306380,1.830100,1.830100,1.829700,1.829800
1075306440,1.829900,1.830000,1.829800,1.830000
1075306500,1.830000,1.830200,1.829900,1.830100
1075306560,1.830100,1.830300,1.830100,1.830200
1075306620,1.830200,1.830300,1.830100,1.830200
1075306680,1.830200,1.831000,1.830200,1.831000
1075306740,1.831000,1.831200,1.830900,1.831000
1075306800,1.831000,1.831800,1.831000,1.831800
1075306860,1.831800,1.831800,1.831500,1.831600
1075306920,1.831600,1.831700,1.831500,1.831600
1075306980,1.831600,1.831600,1.831300,1.831300
1075307040,1.831300,1.831400,1.831200,1.831400
1075307100,1.831400,1.831500,1.831300,1.831500
1075307160,1.831500,1.831600,1.831300,1.831300
1075307220,1.831300,1.831800,1.831300,1.831800
1075307280,1.831800,1.831900,1.831700,1.831900
1075307340,1.831800,1.831800,1.831800,1.831800
1075307400,1.831800,1.831900,1.831700,1.831800
1075307460,1.831800,1.831800,1.831600,1.831700
1075307520,1.831700,1.831700,1.831300,1.831300
1075307580,1.831300,1.831400,1.831200,1.831300
1075307640,1.831300,1.831300,1.831200,1.831200
1075307700,1.831200,1.831300,1.831200,1.831200
1075307760,1.831300,1.831300,1.831200,1.831200
1075307820,1.831200,1.831700,1.831200,1.831700
1075307880,1.831700,1.831900,1.831700,1.831900
1075307940,1.831900,1.833100,1.831900,1.833000
1075308000,1.833000,1.833000,1.832300,1.832600
1075308060,1.832600,1.833600,1.832600,1.833500
1075308120,1.833500,1.833800,1.833200,1.833200
1075308180,1.833200,1.833400,1.833100,1.833300
1075308240,1.833300,1.833300,1.833200,1.833200
1075308300,1.833200,1.833400,1.833200,1.833400
1075308360,1.833400,1.833700,1.833400,1.833500
1075308420,1.833500,1.834900,1.833500,1.834900
1075308480,1.834900,1.835400,1.834800,1.834900
1075308540,1.834900,1.836700,1.834900,1.836700
1075308600,1.836700,1.836800,1.835600,1.835600
1075308660,1.835600,1.835800,1.835300,1.835700
1075308720,1.835700,1.836100,1.835200,1.836100
1075308780,1.836100,1.836300,1.835900,1.836200
1075308840,1.836200,1.836600,1.836100,1.836400
1075308900,1.836400,1.836500,1.836100,1.836400
1075308960,1.836400,1.836400,1.836300,1.836400
1075309020,1.836400,1.836400,1.836100,1.836400
1075309080,1.836300,1.836700,1.836300,1.836400
1075309140,1.836400,1.837200,1.836400,1.837200
1075309200,1.837200,1.837700,1.837200,1.837700
1075309260,1.837700,1.837800,1.837500,1.837500
1075309320,1.837500,1.837500,1.837100,1.837100
1075309380,1.837200,1.837500,1.837200,1.837200
1075309440,1.837200,1.837700,1.837200,1.837700
1075309500,1.837700,1.837800,1.837500,1.837800
1075309560,1.837800,1.838200,1.837700,1.837700
1075309620,1.837800,1.837800,1.837500,1.837500
1075309680,1.837500,1.837600,1.837100,1.837400
1075309740,1.837400,1.837900,1.837400,1.837700
1075309800,1.837700,1.837700,1.837500,1.837700
1075309860,1.837700,1.837700,1.836700,1.836700
1075309920,1.836700,1.837100,1.836600,1.837100
1075309980,1.837100,1.837200,1.836900,1.837100
1075310040,1.837100,1.837400,1.837100,1.837100
1075310100,1.837100,1.837100,1.836800,1.836900
1075310160,1.837000,1.837000,1.836700,1.836900
1075310220,1.836900,1.837000,1.836900,1.837000
1075310280,1.837000,1.837000,1.836600,1.836700
1075310340,1.836700,1.836900,1.836600,1.836800
1075310400,1.836800,1.837100,1.836600,1.837000
1075310460,1.837000,1.837100,1.836800,1.836800
1075310520,1.836900,1.836900,1.836900,1.836900
1075310580,1.836900,1.836900,1.836900,1.836900
1075310640,1.836900,1.837000,1.836800,1.836900
1075310700,1.836900,1.837000,1.836800,1.836900
1075310760,1.837000,1.837400,1.836900,1.837300
1075310820,1.837300,1.837500,1.837200,1.837500
1075310880,1.837500,1.838000,1.837500,1.837900
1075310940,1.837900,1.838100,1.837900,1.838100
1075311000,1.838100,1.838100,1.838000,1.838000
1075311060,1.838000,1.838100,1.837900,1.838100
1075311120,1.838000,1.838500,1.837800,1.838000
1075311180,1.838000,1.838000,1.837200,1.837200
1075311240,1.837100,1.837200,1.836900,1.837200
1075311300,1.837200,1.837200,1.837200,1.837200
1075311360,1.837100,1.837100,1.836900,1.837000
1075311420,1.837100,1.837200,1.837100,1.837200
1075311480,1.837200,1.837500,1.837100,1.837100
1075311540,1.837100,1.837100,1.837000,1.837000
1075311600,1.837000,1.837100,1.837000,1.837000
1075311660,1.837000,1.837100,1.836900,1.836900
1075311720,1.836900,1.837100,1.836900,1.837000
1075311780,1.837000,1.837000,1.836900,1.836900
1075311840,1.837000,1.837000,1.836700,1.837000
1075311900,1.837000,1.837200,1.837000,1.837100
1075311960,1.837100,1.837100,1.836600,1.836600
1075312020,1.836600,1.836900,1.836600,1.836900
1075312080,1.836900,1.836900,1.836800,1.836800
1075312140,1.836900,1.836900,1.836800,1.836800
1075312200,1.836800,1.836800,1.836700,1.836700
1075312260,1.836700,1.836800,1.836600,1.836600
1075312320,1.836600,1.836800,1.836400,1.836800
1075312380,1.836700,1.837000,1.836700,1.836700
1075312440,1.836700,1.836900,1.836600,1.836900
1075312500,1.836700,1.837000,1.836600,1.836900
1075312560,1.836900,1.837000,1.836700,1.837000
1075312620,1.837000,1.837200,1.837000,1.837000
1075312680,1.837100,1.837200,1.837000,1.837100
1075312740,1.837100,1.837100,1.837000,1.837100
1075312800,1.837100,1.837200,1.837100,1.837200
1075312860,1.837200,1.837400,1.837200,1.837200
1075312920,1.837300,1.837400,1.836900,1.837200
1075312980,1.837200,1.837200,1.836900,1.836900
1075313040,1.836900,1.836900,1.836500,1.836600
1075313100,1.836500,1.836600,1.836500,1.836500
1075313160,1.836500,1.836500,1.836400,1.836500
1075313220,1.836500,1.836600,1.836400,1.836500
1075313280,1.836500,1.836700,1.836500,1.836600
1075313340,1.836500,1.836800,1.836500,1.836500
1075313400,1.836500,1.836600,1.836500,1.836600
1075313460,1.836600,1.836700,1.836600,1.836600
1075313520,1.836600,1.836700,1.836500,1.836700
1075313580,1.836700,1.836700,1.836700,1.836700
1075313640,1.836700,1.836700,1.836600,1.836600
1075313700,1.836600,1.836600,1.836500,1.836500
1075313760,1.836500,1.836600,1.836400,1.836400
1075313820,1.836400,1.836600,1.836400,1.836600
1075313880,1.836600,1.836700,1.836500,1.836600
1075313940,1.836600,1.836600,1.836500,1.836600
1075314000,1.836600,1.836600,1.836400,1.836400
1075314060,1.836400,1.836600,1.836200,1.836500
1075314120,1.836400,1.836600,1.836300,1.836300
1075314180,1.836300,1.836300,1.836300,1.836300
1075314240,1.836300,1.836300,1.836300,1.836300
1075314300,1.836300,1.836300,1.836200,1.836300
1075314360,1.836300,1.836300,1.836300,1.836300
1075314420,1.836300,1.836300,1.836300,1.836300
1075314480,1.836300,1.836300,1.836300,1.836300
1075314540,1.836300,1.836500,1.836300,1.836500
1075314600,1.836500,1.836500,1.836400,1.836400
1075314660,1.836400,1.836400,1.836400,1.836400
1075314720,1.836400,1.836400,1.836400,1.836400
1075314780,1.836400,1.836400,1.836400,1.836400
1075314840,1.836400,1.836400,1.836400,1.836400
1075314900,1.836400,1.836400,1.836300,1.836300
1075314960,1.836300,1.836300,1.836300,1.836300
1075315020,1.836300,1.836300,1.836300,1.836300
1075315080,1.836300,1.836400,1.836300,1.836300
1075315140,1.836300,1.836300,1.836300,1.836300
1075315200,1.836300,1.836300,1.836200,1.836200
1075315260,1.836200,1.836200,1.836000,1.836000
1075315320,1.836000,1.836000,1.835500,1.835500
1075315380,1.835500,1.835600,1.835300,1.835500
1075315440,1.835500,1.835500,1.835500,1.835500
1075315500,1.835500,1.835700,1.835500,1.835600
1075315560,1.835600,1.835700,1.835600,1.835700
1075315620,1.835700,1.835700,1.835700,1.835700
1075315680,1.835700,1.835800,1.835700,1.835700
1075315740,1.835700,1.835700,1.835600,1.835600
1075315800,1.835600,1.835600,1.835600,1.835600
1075315860,1.835600,1.835700,1.835600,1.835600
1075315920,1.835600,1.835600,1.835300,1.835500
1075315980,1.835500,1.835700,1.835200,1.835500
1075316040,1.835600,1.835600,1.835300,1.835300
1075316100,1.835400,1.835400,1.835200,1.835400
1075316160,1.835300,1.835400,1.835300,1.835400
1075316220,1.835500,1.835500,1.835400,1.835400
1075316280,1.835400,1.835400,1.835400,1.835400
1075316340,1.835400,1.835500,1.835300,1.835500
1075316400,1.835400,1.835500,1.835300,1.835500
1075316460,1.835500,1.835500,1.835300,1.835400
1075316520,1.835400,1.835400,1.835000,1.835000
1075316580,1.835000,1.835300,1.835000,1.835100
1075316640,1.835100,1.835100,1.834900,1.835000
1075316700,1.834900,1.835100,1.834900,1.835100
1075316760,1.835100,1.835500,1.835100,1.835400
1075316820,1.835300,1.835900,1.835300,1.835900
1075316880,1.835900,1.836000,1.835700,1.835900
1075316940,1.835800,1.836100,1.835700,1.836100
1075317000,1.836100,1.836300,1.835900,1.836100
1075317060,1.836100,1.836200,1.836000,1.836100
1075317120,1.836100,1.836400,1.835900,1.836000
1075317180,1.836000,1.836100,1.835800,1.836100
1075317240,1.836200,1.836200,1.835900,1.836000
1075317300,1.835000,1.835000,1.833700,1.833700
1075317360,1.833700,1.833700,1.831600,1.831600
1075317540,1.830000,1.830000,1.830000,1.830000
1075317600,1.830000,1.830400,1.829300,1.829900
1075317660,1.829900,1.830200,1.829500,1.829800
1075317720,1.830000,1.830000,1.828300,1.828700
1075317780,1.828700,1.828900,1.828100,1.828300
1075317840,1.828300,1.828400,1.826800,1.826800
1075317900,1.826800,1.826800,1.824000,1.824100
1075317960,1.824100,1.824100,1.820500,1.820500
1075318020,1.820500,1.820500,1.819000,1.820200
1075318080,1.820200,1.823600,1.820000,1.823600
1075318140,1.823600,1.823800,1.822400,1.822500
1075318200,1.822500,1.822800,1.820700,1.821800
1075318260,1.821800,1.822200,1.821800,1.822200
1075318320,1.822200,1.822800,1.820700,1.821100
1075318380,1.820900,1.821500,1.820900,1.821300
1075318440,1.821300,1.821300,1.820400,1.820700
1075318500,1.820900,1.820900,1.819000,1.819200
1075318560,1.819200,1.819200,1.817900,1.818900
1075318620,1.818900,1.818900,1.818400,1.818500
1075318680,1.818400,1.818400,1.817500,1.818100
1075318740,1.818000,1.818600,1.817600,1.817900
1075318800,1.817900,1.819500,1.817900,1.819500
1075318860,1.819500,1.819900,1.819400,1.819500
1075318920,1.819400,1.819400,1.818400,1.818900
1075318980,1.818700,1.819300,1.818400,1.818700
1075319040,1.818700,1.819600,1.818300,1.819500
1075319100,1.819800,1.820400,1.819600,1.820200
1075319160,1.820200,1.820400,1.819400,1.819400
1075319220,1.819500,1.819700,1.819100,1.819500
1075319280,1.819500,1.820300,1.819400,1.820300
1075319340,1.820300,1.820800,1.820200,1.820800
1075319400,1.820800,1.822400,1.820800,1.822300
1075319460,1.822300,1.822400,1.821800,1.822300
1075319520,1.822200,1.822900,1.822200,1.822900
1075319580,1.822800,1.823900,1.822800,1.823800
1075319640,1.823800,1.824500,1.823500,1.824100
1075319700,1.824300,1.824300,1.823700,1.823700
1075319760,1.823700,1.825000,1.823700,1.824900
1075319820,1.824900,1.824900,1.823900,1.824100
1075319880,1.824100,1.824600,1.823900,1.823900
1075319940,1.823800,1.824200,1.823200,1.823800
1075320000,1.823600,1.824200,1.823300,1.823500
1075320060,1.823500,1.823700,1.823500,1.823500
1075320120,1.823500,1.823500,1.822300,1.822400
1075320180,1.822400,1.822400,1.821700,1.821700
1075320240,1.821700,1.822600,1.821700,1.822400
1075320300,1.822400,1.822600,1.821900,1.822200
1075320360,1.822200,1.822800,1.822100,1.822800
1075320420,1.822800,1.823000,1.822600,1.822600
1075320480,1.822800,1.822800,1.822400,1.822400
1075320540,1.822400,1.822500,1.822100,1.822200
1075320600,1.822100,1.823000,1.822100,1.822500
1075320660,1.822500,1.823000,1.822500,1.823000
1075320720,1.822800,1.823400,1.822600,1.823400
1075320780,1.823400,1.823400,1.822800,1.822800
1075320840,1.822800,1.823400,1.822800,1.823200
1075320900,1.823300,1.823500,1.823200,1.823500
1075320960,1.823500,1.823600,1.823200,1.823200
1075321020,1.823200,1.824000,1.823200,1.823900
1075321080,1.823900,1.824400,1.823600,1.824100
1075321140,1.824100,1.824300,1.823900,1.824200
1075321200,1.824200,1.824200,1.823200,1.823400
1075321260,1.823400,1.823400,1.823000,1.823000
1075321320,1.823200,1.823200,1.823000,1.823200
1075321380,1.823000,1.823000,1.822800,1.823000
1075321440,1.823000,1.823400,1.822800,1.823400
1075321500,1.823400,1.823400,1.823200,1.823200
1075321560,1.823400,1.823600,1.823000,1.823200
1075321620,1.823200,1.823600,1.823200,1.823400
1075321680,1.823400,1.823600,1.823100,1.823500
1075321740,1.823400,1.823400,1.823200,1.823300
1075321800,1.823300,1.823500,1.823100,1.823400
1075321860,1.823400,1.823400,1.823300,1.823400
1075321920,1.823300,1.823700,1.823300,1.823700
1075321980,1.823800,1.823800,1.823500,1.823500
1075322040,1.823600,1.823600,1.823500,1.823600
1075322100,1.823600,1.823600,1.823600,1.823600
1075322160,1.823600,1.823600,1.823200,1.823200
1075322220,1.823300,1.823300,1.823000,1.823000
1075322280,1.823000,1.823000,1.822800,1.822900
1075322340,1.822900,1.823500,1.822900,1.823200
1075322400,1.823200,1.823400,1.822800,1.823400
1075322460,1.823300,1.823300,1.822900,1.822900
1075322520,1.823100,1.823100,1.822800,1.822800
1075322640,1.822900,1.822900,1.822600,1.822600
1075322700,1.822600,1.823000,1.822400,1.822800
1075322760,1.822800,1.823000,1.822800,1.822800
1075322820,1.822800,1.822900,1.822800,1.822900
1075322880,1.822900,1.822900,1.822800,1.822800
1075322940,1.822800,1.823000,1.822800,1.822800
1075323000,1.822800,1.822800,1.822500,1.822600
1075323060,1.822600,1.822600,1.822000,1.822000
1075323120,1.822000,1.822000,1.821900,1.822000
1075323180,1.822000,1.822400,1.822000,1.822400
1075323240,1.822400,1.822900,1.822400,1.822800
1075323300,1.822800,1.822800,1.822800,1.822800
1075323360,1.822800,1.822900,1.822800,1.822900
1075323420,1.822900,1.822900,1.822800,1.822800
1075323480,1.822800,1.822800,1.822700,1.822700
1075323540,1.822700,1.822700,1.822200,1.822200
1075323600,1.822200,1.822500,1.822200,1.822300
1075323660,1.822300,1.822300,1.822200,1.822200
1075323720,1.822200,1.822200,1.822200,1.822200
1075323780,1.822200,1.822200,1.822000,1.822000
1075323840,1.822000,1.822100,1.821900,1.822100
1075323900,1.822100,1.822200,1.821900,1.822000
1075323960,1.822000,1.822000,1.821800,1.821900
1075324020,1.821900,1.821900,1.821600,1.821600
1075324080,1.821600,1.821600,1.821100,1.821200
1075324140,1.821200,1.821200,1.821000,1.821000
1075324200,1.821000,1.821200,1.821000,1.821200
1075324260,1.821300,1.821300,1.821300,1.821300
1075324320,1.821200,1.821300,1.820600,1.820700
1075324380,1.820700,1.820900,1.820700,1.820900
1075324440,1.820900,1.821000,1.820900,1.821000
1075324500,1.821000,1.831700,1.821000,1.821400
1075324560,1.821400,1.821700,1.821200,1.821600
1075324620,1.821600,1.821600,1.821600,1.821600
1075324680,1.821600,1.821600,1.821600,1.821600
1075324740,1.821600,1.821600,1.821500,1.821500
1075324800,1.821500,1.821500,1.821100,1.821100
1075324860,1.821100,1.821200,1.821100,1.821200
1075324920,1.821200,1.821300,1.821100,1.821200
1075324980,1.821200,1.821400,1.821100,1.821400
1075325040,1.821400,1.821800,1.821400,1.821800
1075325100,1.821800,1.822400,1.821800,1.822100
1075325160,1.822100,1.822100,1.822000,1.822000
1075325220,1.822000,1.822000,1.821600,1.821700
1075325280,1.821700,1.821800,1.821600,1.821600
1075325340,1.821600,1.821600,1.821500,1.821500
1075325400,1.821500,1.821600,1.821500,1.821600
1075325460,1.821600,1.821600,1.821500,1.821500
1075325520,1.821500,1.821500,1.821500,1.821500
1075325580,1.821500,1.821500,1.821300,1.821400
1075325640,1.821400,1.821600,1.821400,1.821600
1075325700,1.821800,1.821800,1.821500,1.821800
1075325760,1.821800,1.821800,1.821300,1.821400
1075325820,1.821400,1.821600,1.821300,1.821500
1075325880,1.821500,1.821700,1.821500,1.821500
1075325940,1.821500,1.821500,1.821300,1.821500
1075326000,1.821500,1.821500,1.821300,1.821300
1075326060,1.821300,1.821300,1.821300,1.821300
1075326120,1.821300,1.821300,1.821300,1.821300
1075326180,1.821300,1.821300,1.821200,1.821200
1075326240,1.821200,1.821200,1.821200,1.821200
1075326300,1.821200,1.821200,1.821000,1.821200
1075326360,1.821200,1.821200,1.820800,1.821000
1075326420,1.821000,1.821200,1.820900,1.821200
1075326480,1.821200,1.821400,1.821200,1.821400
1075326540,1.821400,1.821400,1.821200,1.821200
1075326600,1.821200,1.821300,1.821200,1.821200
1075326660,1.821200,1.821200,1.821000,1.821000
1075326720,1.821000,1.821000,1.820900,1.820900
1075326780,1.820900,1.820900,1.820800,1.820800
1075326840,1.820800,1.820800,1.820800,1.820800
1075326900,1.820800,1.820800,1.820700,1.820700
1075326960,1.820700,1.820700,1.820200,1.820300
1075327020,1.820300,1.820500,1.820100,1.820300
1075327080,1.820300,1.820300,1.820000,1.820000
1075328040,1.816800,1.816900,1.816700,1.816900
1075328100,1.816900,1.816900,1.816600,1.816600
1075328160,1.816600,1.816600,1.816000,1.816100
1075328220,1.816100,1.816200,1.816100,1.816200
1075328280,1.816200,1.816500,1.816200,1.816200
1075328340,1.816300,1.816700,1.816300,1.816700
1075328400,1.816600,1.816600,1.816300,1.816300
1075328460,1.816300,1.816400,1.816300,1.816400
1075328520,1.816400,1.816400,1.815300,1.815300
1075328580,1.815300,1.815300,1.813700,1.813700
1075328640,1.813600,1.813800,1.813000,1.813200
1075328700,1.813200,1.813700,1.813200,1.813500
1075328760,1.813500,1.813600,1.813300,1.813300
1075328820,1.813300,1.813700,1.812900,1.813600
1075328880,1.813600,1.813700,1.813500,1.813500
1075328940,1.813400,1.813800,1.813400,1.813800
1075329000,1.813800,1.813900,1.813700,1.813700
1075329060,1.813700,1.813700,1.812900,1.813400
1075329120,1.813400,1.813600,1.813300,1.813400
1075329180,1.813400,1.813800,1.813400,1.813800
1075329240,1.813800,1.814200,1.813700,1.814000
1075329300,1.814000,1.814300,1.813500,1.813900
1075329360,1.813900,1.814000,1.813800,1.814000
1075329420,1.814000,1.814600,1.814000,1.814600
1075329480,1.814600,1.814800,1.813900,1.813900
1075329540,1.813900,1.814300,1.813500,1.813700
1075329600,1.813600,1.813700,1.813500,1.813500
1075329660,1.813500,1.814100,1.813500,1.814000
1075329720,1.813900,1.814400,1.813900,1.814200
1075329780,1.814000,1.814600,1.814000,1.814500
1075329840,1.814500,1.814500,1.814400,1.814400
1075329900,1.814300,1.814300,1.814200,1.814300
1075329960,1.814200,1.814200,1.813800,1.813800
1075330020,1.813800,1.813900,1.813800,1.813800
1075330080,1.813800,1.813900,1.813700,1.813800
1075330140,1.813800,1.814000,1.813800,1.814000
1075330200,1.814100,1.814200,1.814100,1.814200
1075330260,1.814100,1.814300,1.814100,1.814100
1075330320,1.814200,1.814200,1.814100,1.814100
1075330380,1.814000,1.814200,1.813700,1.814000
1075330440,1.814000,1.814000,1.813500,1.813600
1075330500,1.813600,1.813800,1.813500,1.813800
1075330560,1.813800,1.813800,1.813600,1.813800
1075330620,1.813800,1.814000,1.813700,1.814000
1075330680,1.814100,1.814200,1.814000,1.814200
1075330740,1.814300,1.814400,1.814100,1.814200
1075330800,1.814200,1.814200,1.813600,1.813800
1075330860,1.813800,1.813900,1.813800,1.813900
1075330920,1.813900,1.813900,1.813600,1.813900
1075330980,1.813800,1.813900,1.813700,1.813800
1075331040,1.813800,1.813900,1.813800,1.813800
1075331100,1.813800,1.813800,1.813500,1.813600
1075331160,1.813700,1.813700,1.813400,1.813400
1075331220,1.813400,1.813800,1.813400,1.813800
1075331280,1.813800,1.813800,1.813800,1.813800
1075331340,1.813800,1.814000,1.813800,1.814000
1075331400,1.814000,1.814200,1.814000,1.814200
1075331460,1.814200,1.814400,1.814100,1.814300
1075331520,1.814300,1.814500,1.814300,1.814500
1075331580,1.814500,1.814500,1.814400,1.814500
1075331640,1.814500,1.814500,1.814200,1.814200
1075331700,1.814200,1.814900,1.814200,1.814700
1075331760,1.814700,1.814700,1.814700,1.814700
1075331820,1.814700,1.815000,1.814700,1.815000
1075331880,1.815000,1.815300,1.815000,1.815300
1075331940,1.815200,1.815400,1.815200,1.815400
1075332000,1.815400,1.815500,1.814700,1.814800
1075332060,1.814800,1.814800,1.814300,1.814800
1075332120,1.814900,1.815000,1.814900,1.815000
1075332180,1.815000,1.815000,1.815000,1.815000
1075332240,1.815000,1.815400,1.814800,1.815000
1075332300,1.815000,1.815100,1.814900,1.815100
1075332360,1.815100,1.815100,1.814100,1.814200
1075332420,1.814200,1.814400,1.812500,1.812500
1075332480,1.812400,1.812900,1.812200,1.812900
1075332540,1.812900,1.813000,1.812800,1.812800
1075332600,1.812800,1.813000,1.812700,1.813000
1075332660,1.813000,1.813000,1.813000,1.813000
1075332720,1.813000,1.813000,1.813000,1.813000
1075332780,1.813000,1.813400,1.813000,1.813400
1075332840,1.813400,1.813400,1.813400,1.813400
1075332900,1.813400,1.813600,1.813400,1.813600
1075332960,1.813600,1.813700,1.813600,1.813700
1075333020,1.813600,1.813900,1.813600,1.813900
1075333080,1.813900,1.813900,1.813700,1.813800
1075333140,1.813800,1.813900,1.813800,1.813800
1075333200,1.813800,1.814100,1.813500,1.814100
1075333260,1.814000,1.814000,1.813700,1.813700
1075333320,1.813700,1.813700,1.813700,1.813700
1075333380,1.813700,1.813700,1.813600,1.813700
1075333440,1.813700,1.813800,1.813700,1.813800
1075333500,1.813800,1.814400,1.813800,1.814400
1075333560,1.814400,1.814400,1.814200,1.814200
1075333620,1.814200,1.814500,1.814200,1.814500
1075333680,1.814500,1.814500,1.814500,1.814500
1075333740,1.814500,1.814500,1.814500,1.814500
1075333800,1.814500,1.814500,1.814500,1.814500
1075333860,1.814500,1.815100,1.814500,1.815000
1075333920,1.815000,1.815000,1.814600,1.814800
1075333980,1.814800,1.814900,1.814800,1.814900
1075334040,1.814900,1.814900,1.814900,1.814900
1075334100,1.814900,1.814900,1.814800,1.814900
1075334160,1.814900,1.814900,1.814900,1.814900
1075334220,1.814900,1.814900,1.814900,1.814900
1075334280,1.814900,1.815500,1.814900,1.815500
1075334340,1.815500,1.815500,1.815200,1.815200
1075334400,1.815200,1.815300,1.814800,1.815100
1075334460,1.815100,1.815100,1.814900,1.814900
1075334520,1.814900,1.815100,1.814900,1.815100
1075334580,1.815100,1.815400,1.815100,1.815400
1075334640,1.815400,1.815800,1.815400,1.815800
1075334700,1.815800,1.816000,1.815800,1.816000
1075334760,1.816000,1.816200,1.816000,1.816100
1075334820,1.816200,1.816500,1.816200,1.816400
1075334880,1.816500,1.816500,1.815700,1.815900
1075334940,1.815900,1.816000,1.815900,1.816000
1075335000,1.816000,1.816200,1.815800,1.816200
1075335060,1.816200,1.816200,1.815900,1.816000
1075335120,1.816000,1.816100,1.816000,1.816100
1075335180,1.816100,1.816100,1.816000,1.816100
1075335240,1.816100,1.816100,1.815900,1.816100
1075335300,1.816100,1.816400,1.816100,1.816400
1075335360,1.816400,1.817000,1.816400,1.816600
1075335420,1.816600,1.817000,1.816600,1.816900
1075335480,1.816900,1.816900,1.816600,1.816700
1075335540,1.816900,1.816900,1.816400,1.816600
1075335600,1.816600,1.816600,1.816400,1.816400
1075335660,1.816400,1.816500,1.816400,1.816500
1075335720,1.816500,1.816500,1.816500,1.816500
1075335780,1.816500,1.816500,1.816100,1.816300
1075335840,1.816300,1.816400,1.816000,1.816000
1075335900,1.816000,1.816400,1.816000,1.816200
1075335960,1.816200,1.817000,1.816200,1.816900
1075336020,1.816900,1.817000,1.816600,1.816600
1075336080,1.816600,1.816900,1.816600,1.816800
1075336140,1.816800,1.816900,1.816700,1.816900
1075336200,1.816900,1.816900,1.816900,1.816900
1075336260,1.816900,1.816900,1.816900,1.816900
1075336320,1.816900,1.817100,1.816900,1.817100
1075336380,1.817100,1.817100,1.817000,1.817000
1075336440,1.817000,1.817400,1.817000,1.817400
1075336500,1.817400,1.817500,1.817300,1.817300
1075336560,1.817300,1.817600,1.817300,1.817500
1075336620,1.817500,1.817700,1.817500,1.817600
1075336680,1.817600,1.818100,1.817600,1.818100
1075336740,1.818200,1.818500,1.817900,1.817900
1075336800,1.817900,1.818000,1.817900,1.818000
1075336860,1.818000,1.818000,1.817900,1.818000
1075336920,1.818000,1.818100,1.817900,1.818000
1075336980,1.818000,1.818000,1.817900,1.817900
1075337040,1.817900,1.818000,1.817900,1.818000
1075337100,1.818000,1.818400,1.817900,1.818300
1075337160,1.818300,1.818400,1.818300,1.818300
1075337220,1.818300,1.818300,1.818200,1.818300
1075337280,1.818300,1.818400,1.817900,1.818000
1075337340,1.818000,1.818000,1.817900,1.817900
1075337400,1.817900,1.817900,1.817800,1.817900
1075337460,1.817900,1.818000,1.817700,1.817800
1075337520,1.817800,1.817800,1.817100,1.817100
1075337580,1.817100,1.817100,1.817000,1.817100
1075337640,1.817100,1.817300,1.816700,1.817300
1075337700,1.817300,1.817400,1.817300,1.817400
1075337760,1.817400,1.817500,1.817200,1.817400
1075337820,1.817400,1.817600,1.817400,1.817600
1075337880,1.817600,1.818100,1.817600,1.817900
1075337940,1.817900,1.818100,1.817900,1.818100
1075338000,1.818100,1.818200,1.818000,1.818200
1075338060,1.818200,1.818200,1.818000,1.818100
1075338120,1.818100,1.818100,1.818000,1.818100
1075338180,1.818100,1.818200,1.817900,1.817900
1075338240,1.817900,1.818000,1.817900,1.817900
1075338300,1.817900,1.817900,1.817800,1.817800
1075338360,1.817800,1.817800,1.817600,1.817800
1075338420,1.817800,1.817900,1.817800,1.817900
1075338480,1.817900,1.818100,1.817900,1.818100
1075338540,1.818100,1.819000,1.818000,1.819000
1075338600,1.818800,1.819000,1.818700,1.818700
1075338660,1.818700,1.818800,1.818500,1.818700
1075338720,1.818700,1.819100,1.818700,1.819000
1075338780,1.819000,1.819600,1.819000,1.819300
1075338840,1.819300,1.819600,1.819300,1.819300
1075338900,1.819300,1.819300,1.819200,1.819300
1075338960,1.819300,1.819300,1.819100,1.819200
1075339020,1.819200,1.819300,1.819200,1.819300
1075339080,1.819300,1.819500,1.818700,1.819300
1075339140,1.819300,1.819700,1.819300,1.819600
1075339200,1.819600,1.819800,1.819600,1.819800
1075339260,1.819800,1.820000,1.819800,1.820000
1075339320,1.820000,1.820000,1.819500,1.819600
1075339380,1.819600,1.819900,1.819200,1.819800
1075339440,1.819800,1.819900,1.819800,1.819900
1075339500,1.819900,1.819900,1.819800,1.819900
1075339560,1.819900,1.820700,1.819800,1.820600
1075339620,1.820600,1.820600,1.819900,1.819900
1075339680,1.819900,1.820200,1.819900,1.820100
1075339740,1.820100,1.820200,1.819900,1.819900
1075339800,1.819900,1.820000,1.819900,1.820000
1075339860,1.820000,1.820100,1.820000,1.820100
1075339920,1.820100,1.820400,1.820000,1.820400
1075339980,1.820400,1.820400,1.820000,1.820000
1075340040,1.820000,1.820100,1.819900,1.820100
1075340100,1.820100,1.820100,1.819800,1.819800
1075340160,1.819800,1.819800,1.819500,1.819500
1075340220,1.819500,1.819500,1.819200,1.819200
1075340280,1.819200,1.819300,1.819100,1.819300
1075340340,1.819300,1.819300,1.819300,1.819300
1075340400,1.819300,1.819300,1.819200,1.819200
1075340460,1.819200,1.819200,1.819000,1.819000
1075340520,1.819000,1.819100,1.819000,1.819100
1075340580,1.819100,1.819300,1.819000,1.819200
1075340640,1.819200,1.819300,1.819200,1.819300
1075340700,1.819300,1.819400,1.819300,1.819400
1075340760,1.819400,1.819400,1.819300,1.819400
1075340820,1.819500,1.819800,1.819400,1.819700
1075340880,1.819700,1.819800,1.819700,1.819800
1075340940,1.819800,1.819800,1.819600,1.819800
1075341000,1.819800,1.819800,1.819800,1.819800
1075341060,1.819800,1.819800,1.819800,1.819800
1075341120,1.819800,1.820100,1.819800,1.820100
1075341180,1.820100,1.820100,1.820000,1.820100
1075341240,1.820100,1.820100,1.820100,1.820100
1075341300,1.820100,1.820100,1.820000,1.820000
1075341360,1.820000,1.820100,1.820000,1.820100
1075341420,1.820100,1.820100,1.820100,1.820100
1075341480,1.820100,1.820100,1.819900,1.819900
1075341540,1.819900,1.819900,1.819700,1.819800
1075341600,1.819700,1.819700,1.819400,1.819500
1075341660,1.819500,1.819600,1.819200,1.819300
1075341720,1.819300,1.819500,1.819000,1.819300
1075341780,1.819300,1.819500,1.819100,1.819400
1075341840,1.819400,1.819500,1.819000,1.819000
1075341900,1.819000,1.819000,1.818700,1.818700
1075341960,1.818700,1.818800,1.818700,1.818700
1075342020,1.818700,1.818800,1.818600,1.818800
1075342080,1.818800,1.819000,1.818800,1.819000
1075342140,1.819000,1.819000,1.818800,1.819000
1075342200,1.819000,1.819000,1.818800,1.818800
1075342260,1.818800,1.818800,1.818600,1.818600
1075342320,1.818600,1.818600,1.818500,1.818600
1075342380,1.818600,1.818600,1.818400,1.818500
1075342440,1.818500,1.818500,1.818400,1.818500
1075342500,1.818500,1.818600,1.818500,1.818500
1075342560,1.818500,1.818500,1.818500,1.818500
1075342620,1.818500,1.818500,1.818500,1.818500
1075342680,1.818500,1.818600,1.818500,1.818600
1075342740,1.818600,1.818600,1.818500,1.818600
1075342800,1.818600,1.818800,1.818500,1.818500
1075342860,1.818500,1.818600,1.818500,1.818600
1075342920,1.818600,1.818600,1.818600,1.818600
1075342980,1.818600,1.818600,1.818600,1.818600
1075343040,1.818600,1.818600,1.818600,1.818600
1075343100,1.818600,1.818600,1.818400,1.818400
1075343160,1.818400,1.818600,1.818400,1.818600
1075343220,1.818600,1.818700,1.818500,1.818600
1075343280,1.818600,1.818600,1.818600,1.818600
1075343340,1.818600,1.818600,1.818500,1.818500
1075343400,1.818500,1.818600,1.818400,1.818400
1075343460,1.818400,1.818500,1.818300,1.818400
1075343520,1.818400,1.818500,1.818400,1.818500
1075343580,1.818500,1.818500,1.818500,1.818500
1075343640,1.818500,1.818500,1.818500,1.818500
1075343700,1.818500,1.818500,1.818400,1.818400
1075343760,1.818400,1.818500,1.818400,1.818500
1075343820,1.818500,1.818500,1.818500,1.818500
1075343880,1.818500,1.818500,1.818100,1.818100
1075343940,1.818100,1.818200,1.818100,1.818100
1075344000,1.818100,1.818200,1.818000,1.818100
1075344060,1.818100,1.818100,1.818100,1.818100
1075344120,1.818100,1.818300,1.818100,1.818300
1075344180,1.818300,1.818900,1.818200,1.818500
1075344240,1.818500,1.818600,1.818400,1.818600
1075344300,1.818600,1.818600,1.818400,1.818400
1075344360,1.818400,1.818400,1.818000,1.818400
1075344420,1.818400,1.829200,1.818300,1.818800
1075344480,1.818800,1.819200,1.818600,1.819200
1075344540,1.819200,1.819200,1.819100,1.819200
1075344600,1.819200,1.819200,1.819100,1.819100
1075344660,1.819100,1.819400,1.819000,1.819400
1075344720,1.819400,1.819900,1.819300,1.819600
1075344780,1.819600,1.819600,1.819300,1.819400
1075344840,1.819400,1.819500,1.819400,1.819500
1075344900,1.819500,1.819500,1.819300,1.819300
1075344960,1.819300,1.819500,1.819300,1.819500
1075345020,1.819500,1.819900,1.819400,1.819900
1075345080,1.819900,1.820500,1.819900,1.820100
1075345140,1.820100,1.820400,1.820100,1.820300
1075345200,1.820300,1.820300,1.819600,1.819600
1075345260,1.819600,1.819700,1.819600,1.819700
1075345320,1.819700,1.819700,1.819700,1.819700
1075345380,1.819700,1.819700,1.819700,1.819700
1075345440,1.819700,1.819800,1.819700,1.819800
1075345500,1.819800,1.819800,1.819600,1.819600
1075345560,1.819600,1.819600,1.819600,1.819600
1075345620,1.819600,1.819800,1.819600,1.819800
1075345680,1.819800,1.819800,1.819800,1.819800
1075345740,1.819800,1.819800,1.819700,1.819800
1075345800,1.819800,1.820600,1.819600,1.820600
1075345860,1.820600,1.820800,1.820600,1.820800
1075345920,1.820800,1.820800,1.820400,1.820400
1075345980,1.820400,1.820800,1.820200,1.820500
1075346040,1.820500,1.820700,1.820400,1.820500
1075346100,1.820500,1.820700,1.820100,1.820400
1075346160,1.820400,1.820500,1.820200,1.820300
1075346220,1.820300,1.820300,1.820300,1.820300
1075346280,1.820300,1.820300,1.820100,1.820100
1075346340,1.820100,1.820100,1.819600,1.819800
1075346400,1.819800,1.820000,1.819400,1.819400
1075346460,1.819400,1.819800,1.819400,1.819800
1075346520,1.819800,1.820000,1.819800,1.819800
1075346580,1.819800,1.819800,1.819600,1.819800
1075346640,1.819800,1.819800,1.819700,1.819700
1075346700,1.819700,1.819800,1.819600,1.819600
1075346760,1.819600,1.819700,1.819600,1.819600
1075346820,1.819700,1.819900,1.819700,1.819800
1075346880,1.819800,1.819800,1.819700,1.819700
1075346940,1.819700,1.819800,1.819700,1.819800
1075347000,1.819800,1.819800,1.819800,1.819800
1075347060,1.819800,1.819800,1.819800,1.819800
1075347120,1.819800,1.819800,1.819700,1.819700
1075347180,1.819700,1.819700,1.819700,1.819700
1075347240,1.819700,1.819700,1.819600,1.819600
1075347300,1.819600,1.819600,1.819600,1.819600
1075347360,1.819600,1.819600,1.819600,1.819600
1075347420,1.819600,1.819600,1.819600,1.819600
1075347480,1.819600,1.819600,1.819500,1.819500
1075347540,1.819500,1.819500,1.819400,1.819400
1075347600,1.819400,1.819400,1.819400,1.819400
1075347660,1.819400,1.819400,1.819300,1.819300
1075347720,1.819300,1.819300,1.819000,1.819200
1075347780,1.819200,1.819200,1.819000,1.819100
1075347840,1.819100,1.819100,1.819000,1.819000
1075347900,1.819000,1.819100,1.818900,1.819100
1075347960,1.819100,1.819300,1.819100,1.819300
1075348020,1.819300,1.819300,1.819200,1.819200
1075348080,1.819200,1.819300,1.819200,1.819200
1075348140,1.819200,1.819300,1.819200,1.819300
1075348200,1.819300,1.819600,1.819200,1.819500
1075348260,1.819500,1.819500,1.819400,1.819400
1075348320,1.819400,1.819400,1.819300,1.819300
1075348380,1.819300,1.819300,1.819300,1.819300
1075348440,1.819300,1.819300,1.819300,1.819300
1075348500,1.819300,1.819300,1.819300,1.819300
1075348560,1.819300,1.819300,1.819300,1.819300
1075348620,1.819300,1.819300,1.819200,1.819300
1075348680,1.819300,1.819300,1.819300,1.819300
1075348740,1.819300,1.819300,1.819300,1.819300
1075348800,1.819300,1.819400,1.819300,1.819400
1075348860,1.819400,1.819400,1.819400,1.819400
1075348920,1.819400,1.819500,1.819400,1.819500
1075348980,1.819500,1.819500,1.819500,1.819500
1075349040,1.819500,1.819600,1.819500,1.819600
1075349100,1.819600,1.819600,1.819600,1.819600
1075349160,1.819600,1.819600,1.819400,1.819400
1075349220,1.819400,1.819500,1.819400,1.819500
1075349280,1.819500,1.819600,1.819500,1.819600
1075349340,1.819600,1.819600,1.819600,1.819600
1075349400,1.819600,1.819600,1.819600,1.819600
1075349460,1.819600,1.819800,1.819600,1.819800
1075349520,1.819800,1.820100,1.819800,1.820000
1075349580,1.820000,1.820000,1.820000,1.820000
1075349640,1.820000,1.820000,1.819800,1.819800
1075349700,1.819800,1.819800,1.819700,1.819700
1075349760,1.819700,1.819800,1.819500,1.819800
1075349820,1.819800,1.819800,1.819700,1.819700
1075349880,1.819700,1.819800,1.819700,1.819800
1075349940,1.819800,1.819800,1.819600,1.819600
1075350000,1.819600,1.819700,1.819500,1.819600
1075350060,1.819600,1.819600,1.819300,1.819300
1075350120,1.819300,1.819400,1.819300,1.819400
1075350180,1.819400,1.819400,1.818900,1.819000
1075350240,1.819000,1.819000,1.818200,1.818300
1075350300,1.818300,1.818800,1.818300,1.818500
1075350360,1.818500,1.818600,1.818300,1.818500
1075350420,1.818500,1.818600,1.818500,1.818600
1075350480,1.818600,1.818600,1.818200,1.818400
1075350540,1.818400,1.818500,1.818200,1.818200
1075350600,1.818200,1.818300,1.818200,1.818300
1075350660,1.818300,1.818500,1.818300,1.818400
1075350720,1.818400,1.818400,1.818100,1.818300
1075350780,1.818300,1.818400,1.818200,1.818400
1075350840,1.818400,1.818400,1.818300,1.818400
1075350900,1.818400,1.818500,1.818300,1.818400
1075350960,1.818400,1.818400,1.818400,1.818400
1075351020,1.818400,1.818600,1.818300,1.818500
1075351080,1.818500,1.818900,1.818500,1.818900
1075351140,1.818900,1.819000,1.818900,1.818900
1075351200,1.818900,1.818900,1.818900,1.818900
1075351260,1.818900,1.819000,1.818900,1.818900
1075351320,1.818900,1.819300,1.818900,1.819100
1075351380,1.819100,1.819300,1.819000,1.819300
1075351440,1.819300,1.819300,1.819300,1.819300
1075351500,1.819300,1.819400,1.819300,1.819300
1075351560,1.819300,1.819500,1.819300,1.819500
1075351620,1.819500,1.819500,1.819500,1.819500
1075351680,1.819500,1.819500,1.819400,1.819500
1075351740,1.819500,1.819600,1.819500,1.819600
1075351800,1.819600,1.819600,1.819500,1.819600
1075351860,1.819600,1.819600,1.819500,1.819500
1075351920,1.819500,1.819500,1.819400,1.819400
1075351980,1.819400,1.819400,1.819400,1.819400
1075352040,1.819400,1.819400,1.819100,1.819100
1075352100,1.819100,1.819200,1.818800,1.818800
1075352160,1.818800,1.819100,1.818800,1.819000
1075352220,1.819000,1.819100,1.818700,1.818700
1075352280,1.818700,1.819000,1.818700,1.818800
1075352340,1.818800,1.818800,1.818700,1.818700
