time,open,high,low,close
1558929600,109.447000,109.456000,109.446000,109.453000
1558929660,109.453000,109.455000,109.448000,109.454000
1558929720,109.454000,109.457000,109.454000,109.457000
1558929780,109.457000,109.462000,109.455000,109.458000
1558929840,109.457000,109.467000,109.456000,109.467000
1558929900,109.469000,109.470000,109.458000,109.458000
1558929960,109.458000,109.459000,109.455000,109.459000
1558930020,109.459000,109.461000,109.457000,109.457000
1558930080,109.459000,109.459000,109.454000,109.458000
1558930140,109.458000,109.461000,109.455000,109.460000
1558930200,109.459000,109.459000,109.454000,109.455000
1558930260,109.454000,109.457000,109.448000,109.451000
1558930320,109.450000,109.453000,109.450000,109.452000
1558930380,109.452000,109.453000,109.452000,109.453000
1558930440,109.452000,109.453000,109.451000,109.453000
1558930500,109.453000,109.455000,109.451000,109.454000
1558930560,109.454000,109.454000,109.452000,109.452000
1558930620,109.451000,109.451000,109.451000,109.451000
1558930680,109.451000,109.451000,109.451000,109.451000
1558930740,109.451000,109.451000,109.451000,109.451000
1558930800,109.451000,109.461000,109.451000,109.458000
1558930860,109.458000,109.459000,109.455000,109.457000
1558930920,109.457000,109.457000,109.454000,109.456000
1558930980,109.457000,109.460000,109.457000,109.460000
1558931040,109.460000,109.460000,109.460000,109.460000
1558931100,109.460000,109.460000,109.460000,109.460000
1558931160,109.460000,109.460000,109.460000,109.460000
1558931220,109.461000,109.461000,109.456000,109.456000
1558931280,109.457000,109.458000,109.455000,109.455000
1558931340,109.457000,109.459000,109.456000,109.457000
1558931400,109.458000,109.458000,109.453000,109.453000
1558931460,109.455000,109.466000,109.455000,109.466000
1558931520,109.467000,109.468000,109.466000,109.467000
1558931580,109.467000,109.473000,109.466000,109.466000
1558931640,109.465000,109.465000,109.464000,109.464000
1558931700,109.464000,109.464000,109.464000,109.464000
1558931760,109.465000,109.465000,109.464000,109.465000
1558931820,109.470000,109.478000,109.467000,109.477000
1558931880,109.477000,109.490000,109.476000,109.483000
1558931940,109.482000,109.482000,109.477000,109.479000
1558932000,109.478000,109.488000,109.476000,109.485000
1558932060,109.485000,109.490000,109.485000,109.487000
1558932120,109.485000,109.485000,109.484000,109.485000
1558932180,109.484000,109.484000,109.478000,109.480000
1558932240,109.478000,109.479000,109.463000,109.465000
1558932300,109.464000,109.474000,109.463000,109.471000
1558932360,109.472000,109.475000,109.472000,109.473000
1558932420,109.473000,109.474000,109.472000,109.472000
1558932480,109.473000,109.473000,109.473000,109.473000
1558932540,109.472000,109.472000,109.467000,109.468000
1558932600,109.468000,109.472000,109.465000,109.469000
1558932660,109.470000,109.471000,109.467000,109.467000
1558932720,109.467000,109.470000,109.467000,109.467000
1558932780,109.467000,109.469000,109.467000,109.469000
1558932840,109.470000,109.472000,109.470000,109.472000
1558932900,109.471000,109.472000,109.470000,109.472000
1558932960,109.475000,109.484000,109.475000,109.484000
1558933020,109.484000,109.484000,109.483000,109.484000
1558933080,109.484000,109.491000,109.483000,109.491000
1558933140,109.491000,109.495000,109.482000,109.483000
1558933200,109.483000,109.490000,109.483000,109.483000
1558933260,109.483000,109.489000,109.482000,109.487000
1558933320,109.487000,109.490000,109.483000,109.487000
1558933380,109.485000,109.485000,109.477000,109.481000
1558933440,109.481000,109.481000,109.471000,109.472000
1558933500,109.475000,109.475000,109.462000,109.463000
1558933560,109.463000,109.464000,109.463000,109.463000
1558933620,109.463000,109.463000,109.462000,109.462000
1558933680,109.462000,109.464000,109.460000,109.464000
1558933740,109.465000,109.465000,109.464000,109.464000
1558933800,109.464000,109.470000,109.463000,109.469000
1558933860,109.469000,109.476000,109.468000,109.469000
1558933920,109.469000,109.475000,109.464000,109.475000
1558933980,109.475000,109.482000,109.471000,109.482000
1558934040,109.483000,109.494000,109.483000,109.493000
1558934100,109.494000,109.500000,109.488000,109.490000
1558934160,109.492000,109.493000,109.487000,109.487000
1558934220,109.488000,109.494000,109.487000,109.493000
1558934280,109.493000,109.494000,109.492000,109.493000
1558934340,109.488000,109.488000,109.481000,109.484000
1558934400,109.484000,109.486000,109.482000,109.485000
1558934460,109.485000,109.487000,109.476000,109.476000
1558934520,109.477000,109.481000,109.474000,109.481000
1558934580,109.481000,109.481000,109.476000,109.479000
1558934640,109.478000,109.480000,109.468000,109.474000
1558934700,109.474000,109.475000,109.466000,109.468000
1558934760,109.468000,109.471000,109.468000,109.468000
1558934820,109.469000,109.469000,109.466000,109.469000
1558934880,109.469000,109.472000,109.469000,109.471000
1558934940,109.471000,109.475000,109.471000,109.474000
1558935000,109.474000,109.482000,109.473000,109.479000
1558935060,109.480000,109.482000,109.472000,109.472000
1558935120,109.474000,109.482000,109.472000,109.473000
1558935180,109.472000,109.475000,109.470000,109.471000
1558935240,109.471000,109.471000,109.467000,109.470000
1558935300,109.471000,109.480000,109.471000,109.472000
1558935360,109.472000,109.477000,109.472000,109.472000
1558935420,109.472000,109.477000,109.472000,109.477000
1558935480,109.475000,109.477000,109.473000,109.473000
1558935540,109.473000,109.478000,109.471000,109.476000
1558935600,109.477000,109.477000,109.473000,109.475000
1558935660,109.474000,109.474000,109.468000,109.472000
1558935720,109.470000,109.471000,109.469000,109.470000
1558935780,109.470000,109.475000,109.469000,109.475000
1558935840,109.475000,109.477000,109.473000,109.475000
1558935900,109.476000,109.481000,109.474000,109.481000
1558935960,109.482000,109.482000,109.477000,109.480000
1558936020,109.482000,109.483000,109.482000,109.483000
1558936080,109.482000,109.487000,109.482000,109.485000
1558936140,109.487000,109.488000,109.483000,109.488000
1558936200,109.488000,109.488000,109.483000,109.487000
1558936260,109.487000,109.495000,109.484000,109.487000
1558936320,109.488000,109.490000,109.487000,109.489000
1558936380,109.489000,109.489000,109.484000,109.486000
1558936440,109.487000,109.488000,109.482000,109.484000
1558936500,109.483000,109.488000,109.483000,109.487000
1558936560,109.487000,109.488000,109.486000,109.486000
1558936620,109.487000,109.491000,109.484000,109.486000
1558936680,109.485000,109.487000,109.478000,109.480000
1558936740,109.478000,109.478000,109.475000,109.476000
1558936800,109.476000,109.494000,109.476000,109.480000
1558936860,109.481000,109.493000,109.481000,109.492000
1558936920,109.491000,109.495000,109.487000,109.487000
1558936980,109.487000,109.492000,109.483000,109.492000
1558937040,109.492000,109.499000,109.489000,109.493000
1558937100,109.494000,109.497000,109.491000,109.495000
1558937160,109.495000,109.499000,109.489000,109.497000
1558937220,109.498000,109.507000,109.494000,109.506000
1558937280,109.506000,109.531000,109.505000,109.512000
1558937340,109.512000,109.517000,109.508000,109.516000
1558937400,109.515000,109.527000,109.515000,109.527000
1558937460,109.526000,109.536000,109.525000,109.534000
1558937520,109.534000,109.556000,109.533000,109.541000
1558937580,109.540000,109.543000,109.532000,109.534000
1558937640,109.531000,109.536000,109.529000,109.536000
1558937700,109.536000,109.536000,109.523000,109.529000
1558937760,109.529000,109.541000,109.529000,109.541000
1558937820,109.542000,109.545000,109.536000,109.543000
1558937880,109.542000,109.544000,109.542000,109.543000
1558937940,109.543000,109.544000,109.536000,109.542000
1558938000,109.543000,109.550000,109.543000,109.545000
1558938060,109.543000,109.549000,109.542000,109.543000
1558938120,109.542000,109.543000,109.532000,109.539000
1558938180,109.538000,109.538000,109.529000,109.529000
1558938240,109.528000,109.535000,109.524000,109.525000
1558938300,109.527000,109.534000,109.526000,109.526000
1558938360,109.528000,109.538000,109.520000,109.538000
1558938420,109.537000,109.537000,109.532000,109.534000
1558938480,109.533000,109.537000,109.531000,109.533000
1558938540,109.534000,109.545000,109.534000,109.538000
1558938600,109.540000,109.550000,109.537000,109.544000
1558938660,109.546000,109.547000,109.518000,109.518000
1558938720,109.518000,109.531000,109.517000,109.530000
1558938780,109.530000,109.534000,109.525000,109.532000
1558938840,109.531000,109.532000,109.526000,109.531000
1558938900,109.532000,109.532000,109.522000,109.526000
1558938960,109.527000,109.528000,109.523000,109.525000
1558939020,109.525000,109.529000,109.522000,109.529000
1558939080,109.530000,109.539000,109.528000,109.528000
1558939140,109.529000,109.540000,109.529000,109.535000
1558939200,109.533000,109.538000,109.530000,109.530000
1558939260,109.530000,109.530000,109.525000,109.527000
1558939320,109.526000,109.530000,109.524000,109.525000
1558939380,109.526000,109.528000,109.524000,109.524000
1558939440,109.526000,109.530000,109.524000,109.527000
1558939500,109.527000,109.537000,109.527000,109.537000
1558939560,109.536000,109.542000,109.531000,109.540000
1558939620,109.540000,109.540000,109.533000,109.537000
1558939680,109.537000,109.544000,109.537000,109.543000
1558939740,109.542000,109.542000,109.538000,109.541000
1558939800,109.540000,109.549000,109.539000,109.544000
1558939860,109.545000,109.547000,109.542000,109.542000
1558939920,109.543000,109.550000,109.542000,109.546000
1558939980,109.546000,109.546000,109.537000,109.543000
1558940040,109.542000,109.550000,109.540000,109.547000
1558940100,109.547000,109.554000,109.543000,109.553000
1558940160,109.553000,109.584000,109.553000,109.572000
1558940220,109.572000,109.573000,109.563000,109.571000
1558940280,109.570000,109.570000,109.559000,109.561000
1558940340,109.562000,109.568000,109.560000,109.561000
1558940400,109.560000,109.568000,109.549000,109.552000
1558940460,109.552000,109.553000,109.550000,109.552000
1558940520,109.553000,109.556000,109.549000,109.553000
1558940580,109.554000,109.555000,109.542000,109.542000
1558940640,109.543000,109.544000,109.521000,109.521000
1558940700,109.522000,109.522000,109.514000,109.516000
1558940760,109.517000,109.530000,109.515000,109.519000
1558940820,109.519000,109.526000,109.512000,109.525000
1558940880,109.525000,109.530000,109.522000,109.524000
1558940940,109.524000,109.531000,109.522000,109.530000
1558941000,109.530000,109.532000,109.522000,109.528000
1558941060,109.528000,109.529000,109.522000,109.526000
1558941120,109.526000,109.531000,109.520000,109.520000
1558941180,109.521000,109.522000,109.510000,109.511000
1558941240,109.510000,109.520000,109.509000,109.510000
1558941300,109.512000,109.519000,109.507000,109.515000
1558941360,109.516000,109.523000,109.507000,109.507000
1558941420,109.510000,109.549000,109.510000,109.543000
1558941480,109.542000,109.548000,109.534000,109.543000
1558941540,109.544000,109.558000,109.542000,109.552000
1558941600,109.552000,109.553000,109.535000,109.535000
1558941660,109.538000,109.548000,109.535000,109.542000
1558941720,109.542000,109.546000,109.534000,109.535000
1558941780,109.535000,109.539000,109.522000,109.536000
1558941840,109.536000,109.547000,109.535000,109.541000
1558941900,109.542000,109.551000,109.527000,109.539000
1558941960,109.540000,109.540000,109.525000,109.529000
1558942020,109.529000,109.545000,109.527000,109.542000
1558942080,109.541000,109.541000,109.528000,109.535000
1558942140,109.535000,109.536000,109.532000,109.536000
1558942200,109.538000,109.545000,109.532000,109.533000
1558942260,109.533000,109.543000,109.531000,109.543000
1558942320,109.544000,109.548000,109.537000,109.542000
1558942380,109.542000,109.545000,109.542000,109.542000
1558942440,109.541000,109.544000,109.541000,109.542000
1558942500,109.543000,109.559000,109.542000,109.559000
1558942560,109.558000,109.559000,109.553000,109.554000
1558942620,109.553000,109.553000,109.541000,109.543000
1558942680,109.544000,109.547000,109.539000,109.541000
1558942740,109.542000,109.547000,109.541000,109.541000
1558942800,109.541000,109.546000,109.541000,109.542000
1558942860,109.541000,109.550000,109.540000,109.550000
1558942920,109.549000,109.557000,109.549000,109.552000
1558942980,109.552000,109.554000,109.548000,109.553000
1558943040,109.553000,109.563000,109.551000,109.561000
1558943100,109.561000,109.563000,109.546000,109.548000
1558943160,109.550000,109.553000,109.545000,109.553000
1558943220,109.553000,109.554000,109.548000,109.548000
1558943280,109.549000,109.550000,109.539000,109.543000
1558943340,109.542000,109.545000,109.540000,109.542000
1558943400,109.543000,109.548000,109.542000,109.547000
1558943460,109.548000,109.552000,109.548000,109.551000
1558943520,109.552000,109.558000,109.551000,109.557000
1558943580,109.558000,109.558000,109.547000,109.547000
1558943640,109.548000,109.557000,109.547000,109.553000
1558943700,109.551000,109.561000,109.547000,109.559000
1558943760,109.558000,109.568000,109.552000,109.568000
1558943820,109.566000,109.574000,109.564000,109.567000
1558943880,109.570000,109.578000,109.564000,109.577000
1558943940,109.578000,109.580000,109.570000,109.572000
1558944000,109.572000,109.575000,109.547000,109.556000
1558944060,109.554000,109.555000,109.542000,109.546000
1558944120,109.546000,109.546000,109.527000,109.531000
1558944180,109.530000,109.535000,109.524000,109.531000
1558944240,109.530000,109.538000,109.524000,109.538000
1558944300,109.537000,109.542000,109.531000,109.535000
1558944360,109.536000,109.536000,109.527000,109.534000
1558944420,109.534000,109.538000,109.528000,109.537000
1558944480,109.536000,109.537000,109.530000,109.532000
1558944540,109.531000,109.534000,109.529000,109.529000
1558944600,109.528000,109.529000,109.514000,109.514000
1558944660,109.514000,109.520000,109.514000,109.517000
1558944720,109.516000,109.521000,109.513000,109.519000
1558944780,109.519000,109.521000,109.517000,109.520000
1558944840,109.523000,109.523000,109.512000,109.513000
1558944900,109.512000,109.513000,109.506000,109.510000
1558944960,109.509000,109.515000,109.508000,109.510000
1558945020,109.509000,109.515000,109.508000,109.514000
1558945080,109.512000,109.514000,109.507000,109.507000
1558945140,109.507000,109.515000,109.505000,109.513000
1558945200,109.512000,109.528000,109.511000,109.526000
1558945260,109.527000,109.530000,109.523000,109.523000
1558945320,109.523000,109.531000,109.523000,109.531000
1558945380,109.532000,109.532000,109.527000,109.527000
1558945440,109.527000,109.533000,109.527000,109.531000
1558945500,109.530000,109.532000,109.528000,109.531000
1558945560,109.530000,109.531000,109.529000,109.531000
1558945620,109.529000,109.530000,109.525000,109.525000
1558945680,109.526000,109.529000,109.525000,109.526000
1558945740,109.526000,109.529000,109.524000,109.527000
1558945800,109.527000,109.531000,109.527000,109.527000
1558945860,109.528000,109.530000,109.526000,109.530000
1558945920,109.529000,109.531000,109.527000,109.531000
1558945980,109.531000,109.532000,109.531000,109.532000
1558946040,109.531000,109.532000,109.530000,109.531000
1558946100,109.531000,109.532000,109.526000,109.530000
1558946160,109.530000,109.531000,109.527000,109.531000
1558946220,109.531000,109.532000,109.528000,109.529000
1558946280,109.528000,109.530000,109.525000,109.530000
1558946340,109.529000,109.534000,109.526000,109.534000
1558946400,109.535000,109.544000,109.533000,109.536000
1558946460,109.536000,109.537000,109.534000,109.535000
1558946520,109.534000,109.537000,109.529000,109.530000
1558946580,109.530000,109.535000,109.529000,109.530000
1558946640,109.530000,109.530000,109.524000,109.528000
1558946700,109.528000,109.528000,109.510000,109.510000
1558946760,109.510000,109.510000,109.493000,109.493000
1558946820,109.492000,109.495000,109.482000,109.491000
1558946880,109.493000,109.493000,109.484000,109.487000
1558946940,109.488000,109.495000,109.486000,109.493000
1558947000,109.492000,109.499000,109.490000,109.499000
1558947060,109.498000,109.501000,109.497000,109.499000
1558947120,109.499000,109.507000,109.497000,109.507000
1558947180,109.507000,109.509000,109.504000,109.506000
1558947240,109.507000,109.510000,109.502000,109.505000
1558947300,109.505000,109.505000,109.491000,109.496000
1558947360,109.495000,109.495000,109.482000,109.488000
1558947420,109.487000,109.490000,109.482000,109.484000
1558947480,109.484000,109.490000,109.482000,109.489000
1558947540,109.489000,109.493000,109.488000,109.490000
1558947600,109.490000,109.490000,109.481000,109.481000
1558947660,109.482000,109.486000,109.475000,109.484000
1558947720,109.483000,109.485000,109.475000,109.481000
1558947780,109.481000,109.484000,109.478000,109.484000
1558947840,109.483000,109.485000,109.480000,109.483000
1558947900,109.483000,109.484000,109.481000,109.482000
1558947960,109.482000,109.483000,109.477000,109.482000
1558948020,109.483000,109.483000,109.477000,109.478000
1558948080,109.478000,109.478000,109.477000,109.478000
1558948140,109.479000,109.485000,109.478000,109.479000
1558948200,109.478000,109.481000,109.477000,109.478000
1558948260,109.481000,109.481000,109.477000,109.480000
1558948320,109.480000,109.485000,109.477000,109.483000
1558948380,109.482000,109.486000,109.482000,109.484000
1558948440,109.483000,109.486000,109.483000,109.485000
1558948500,109.487000,109.491000,109.484000,109.491000
1558948560,109.490000,109.490000,109.488000,109.488000
1558948620,109.487000,109.487000,109.483000,109.483000
1558948680,109.485000,109.490000,109.483000,109.490000
1558948740,109.491000,109.492000,109.487000,109.490000
1558948800,109.489000,109.494000,109.488000,109.494000
1558948860,109.493000,109.495000,109.490000,109.491000
1558948920,109.491000,109.495000,109.490000,109.490000
1558948980,109.491000,109.492000,109.487000,109.487000
1558949040,109.486000,109.490000,109.483000,109.490000
1558949100,109.490000,109.490000,109.489000,109.490000
1558949160,109.492000,109.494000,109.490000,109.490000
1558949220,109.491000,109.491000,109.490000,109.490000
1558949280,109.490000,109.495000,109.490000,109.491000
1558949340,109.491000,109.497000,109.490000,109.496000
1558949400,109.496000,109.496000,109.490000,109.490000
1558949460,109.488000,109.488000,109.483000,109.483000
1558949520,109.485000,109.489000,109.483000,109.488000
1558949580,109.488000,109.496000,109.487000,109.496000
1558949640,109.496000,109.496000,109.492000,109.494000
1558949700,109.495000,109.498000,109.489000,109.490000
1558949760,109.489000,109.491000,109.489000,109.490000
1558949820,109.490000,109.490000,109.489000,109.490000
1558949880,109.490000,109.491000,109.489000,109.490000
1558949940,109.489000,109.490000,109.485000,109.485000
1558950000,109.485000,109.490000,109.485000,109.489000
1558950060,109.488000,109.490000,109.487000,109.490000
1558950120,109.490000,109.490000,109.490000,109.490000
1558950180,109.491000,109.492000,109.491000,109.491000
1558950240,109.489000,109.490000,109.487000,109.489000
1558950300,109.488000,109.490000,109.485000,109.485000
1558950360,109.486000,109.486000,109.484000,109.485000
1558950420,109.484000,109.484000,109.482000,109.483000
1558950480,109.481000,109.481000,109.466000,109.478000
1558950540,109.479000,109.480000,109.469000,109.469000
1558950600,109.470000,109.475000,109.465000,109.468000
1558950660,109.468000,109.469000,109.456000,109.457000
1558950720,109.457000,109.460000,109.451000,109.451000
1558950780,109.452000,109.455000,109.445000,109.446000
1558950840,109.445000,109.452000,109.444000,109.449000
1558950900,109.450000,109.454000,109.448000,109.453000
1558950960,109.453000,109.454000,109.452000,109.454000
1558951020,109.453000,109.455000,109.451000,109.451000
1558951080,109.454000,109.457000,109.452000,109.457000
1558951140,109.458000,109.460000,109.456000,109.459000
1558951200,109.458000,109.464000,109.457000,109.464000
1558951260,109.465000,109.468000,109.465000,109.467000
1558951320,109.467000,109.470000,109.464000,109.466000
1558951380,109.465000,109.471000,109.463000,109.467000
1558951440,109.468000,109.470000,109.465000,109.465000
1558951500,109.465000,109.467000,109.457000,109.460000
1558951560,109.461000,109.467000,109.460000,109.465000
1558951620,109.465000,109.468000,109.463000,109.467000
1558951680,109.467000,109.467000,109.457000,109.458000
1558951740,109.460000,109.461000,109.453000,109.460000
1558951800,109.460000,109.461000,109.457000,109.461000
1558951860,109.464000,109.471000,109.464000,109.466000
1558951920,109.466000,109.469000,109.464000,109.464000
1558951980,109.465000,109.465000,109.457000,109.457000
1558952040,109.459000,109.460000,109.456000,109.458000
1558952100,109.457000,109.461000,109.453000,109.460000
1558952160,109.460000,109.460000,109.457000,109.460000
1558952220,109.463000,109.466000,109.458000,109.460000
1558952280,109.462000,109.465000,109.461000,109.463000
1558952340,109.463000,109.465000,109.463000,109.463000
1558952400,109.462000,109.462000,109.455000,109.457000
1558952460,109.457000,109.459000,109.453000,109.453000
1558952520,109.453000,109.457000,109.452000,109.452000
1558952580,109.456000,109.459000,109.454000,109.454000
1558952640,109.453000,109.453000,109.452000,109.453000
1558952700,109.453000,109.454000,109.453000,109.453000
1558952760,109.453000,109.460000,109.453000,109.460000
1558952820,109.460000,109.461000,109.458000,109.461000
1558952880,109.463000,109.463000,109.460000,109.460000
1558952940,109.461000,109.461000,109.459000,109.461000
1558953000,109.460000,109.462000,109.460000,109.461000
1558953060,109.460000,109.461000,109.458000,109.460000
1558953120,109.459000,109.467000,109.457000,109.466000
1558953180,109.466000,109.467000,109.465000,109.465000
1558953240,109.464000,109.467000,109.461000,109.466000
1558953300,109.466000,109.471000,109.465000,109.466000
1558953360,109.467000,109.471000,109.466000,109.467000
1558953420,109.469000,109.479000,109.467000,109.479000
1558953480,109.478000,109.479000,109.472000,109.478000
1558953540,109.475000,109.479000,109.473000,109.478000
1558953600,109.476000,109.476000,109.470000,109.473000
1558953660,109.472000,109.474000,109.469000,109.472000
1558953720,109.471000,109.473000,109.470000,109.473000
1558953780,109.473000,109.475000,109.472000,109.473000
1558953840,109.473000,109.473000,109.467000,109.470000
1558953900,109.470000,109.471000,109.465000,109.467000
1558953960,109.468000,109.472000,109.466000,109.472000
1558954020,109.473000,109.478000,109.472000,109.478000
1558954080,109.479000,109.480000,109.474000,109.479000
1558954140,109.478000,109.479000,109.477000,109.479000
1558954200,109.478000,109.480000,109.478000,109.479000
1558954260,109.478000,109.479000,109.478000,109.478000
1558954380,109.478000,109.486000,109.478000,109.484000
1558954440,109.484000,109.484000,109.484000,109.484000
1558954500,109.484000,109.485000,109.484000,109.484000
1558954560,109.485000,109.485000,109.484000,109.484000
1558954620,109.485000,109.485000,109.485000,109.485000
1558954680,109.485000,109.491000,109.485000,109.491000
1558954740,109.491000,109.491000,109.484000,109.485000
1558954800,109.485000,109.486000,109.485000,109.486000
1558954860,109.487000,109.487000,109.484000,109.486000
1558954920,109.485000,109.490000,109.485000,109.490000
1558954980,109.490000,109.491000,109.485000,109.485000
1558955040,109.485000,109.486000,109.485000,109.485000
1558955100,109.485000,109.485000,109.484000,109.484000
1558955160,109.484000,109.485000,109.480000,109.484000
1558955220,109.484000,109.484000,109.481000,109.483000
1558955280,109.484000,109.484000,109.483000,109.483000
1558955340,109.483000,109.485000,109.483000,109.484000
1558955400,109.484000,109.490000,109.484000,109.490000
1558955460,109.491000,109.491000,109.491000,109.491000
1558955520,109.492000,109.496000,109.492000,109.492000
1558955580,109.494000,109.495000,109.491000,109.494000
1558955640,109.496000,109.496000,109.493000,109.495000
1558955700,109.496000,109.498000,109.492000,109.498000
1558955760,109.497000,109.503000,109.496000,109.503000
1558955820,109.503000,109.508000,109.502000,109.502000
1558955880,109.502000,109.504000,109.501000,109.504000
1558955940,109.503000,109.505000,109.503000,109.503000
1558956000,109.502000,109.504000,109.502000,109.503000
1558956060,109.503000,109.505000,109.502000,109.503000
1558956120,109.503000,109.504000,109.503000,109.503000
1558956180,109.504000,109.505000,109.503000,109.503000
1558956240,109.504000,109.509000,109.504000,109.509000
1558956300,109.509000,109.509000,109.508000,109.508000
1558956360,109.508000,109.508000,109.501000,109.502000
1558956420,109.502000,109.503000,109.500000,109.502000
1558956480,109.502000,109.507000,109.502000,109.507000
1558956540,109.505000,109.506000,109.501000,109.502000
1558956600,109.503000,109.503000,109.495000,109.496000
1558956660,109.495000,109.499000,109.494000,109.498000
1558956720,109.499000,109.499000,109.496000,109.499000
1558956780,109.498000,109.499000,109.495000,109.498000
1558956840,109.498000,109.503000,109.498000,109.499000
1558956900,109.500000,109.500000,109.498000,109.500000
1558956960,109.500000,109.501000,109.499000,109.500000
1558957020,109.500000,109.500000,109.493000,109.496000
1558957080,109.498000,109.499000,109.492000,109.492000
1558957140,109.493000,109.493000,109.486000,109.487000
1558957200,109.487000,109.490000,109.487000,109.487000
1558957260,109.487000,109.487000,109.487000,109.487000
1558957320,109.488000,109.488000,109.487000,109.487000
1558957380,109.488000,109.488000,109.487000,109.488000
1558957440,109.487000,109.488000,109.487000,109.487000
1558957500,109.487000,109.488000,109.487000,109.487000
1558957560,109.487000,109.489000,109.487000,109.488000
1558957620,109.487000,109.490000,109.487000,109.488000
1558957680,109.486000,109.487000,109.486000,109.487000
1558957740,109.487000,109.488000,109.486000,109.487000
1558957800,109.487000,109.489000,109.487000,109.487000
1558957860,109.487000,109.488000,109.487000,109.488000
1558957920,109.488000,109.488000,109.487000,109.487000
1558957980,109.487000,109.489000,109.487000,109.488000
1558958040,109.488000,109.488000,109.487000,109.488000
1558958100,109.488000,109.488000,109.488000,109.488000
1558958160,109.488000,109.490000,109.488000,109.489000
1558958220,109.488000,109.490000,109.486000,109.486000
1558958280,109.486000,109.486000,109.481000,109.481000
1558958340,109.481000,109.482000,109.481000,109.481000
1558958400,109.481000,109.481000,109.474000,109.475000
1558958460,109.475000,109.478000,109.474000,109.475000
1558958520,109.476000,109.476000,109.474000,109.475000
1558958580,109.474000,109.475000,109.474000,109.475000
1558958640,109.476000,109.477000,109.475000,109.475000
1558958700,109.475000,109.477000,109.471000,109.475000
1558958760,109.474000,109.474000,109.469000,109.469000
1558958820,109.469000,109.469000,109.468000,109.468000
1558958880,109.468000,109.468000,109.460000,109.460000
1558958940,109.459000,109.459000,109.457000,109.457000
1558959000,109.457000,109.457000,109.452000,109.457000
1558959060,109.455000,109.455000,109.452000,109.452000
1558959120,109.452000,109.456000,109.452000,109.453000
1558959180,109.452000,109.452000,109.447000,109.451000
1558959240,109.451000,109.452000,109.448000,109.451000
1558959300,109.451000,109.451000,109.449000,109.449000
1558959360,109.449000,109.451000,109.446000,109.447000
1558959420,109.446000,109.456000,109.446000,109.455000
1558959480,109.456000,109.456000,109.454000,109.454000
1558959540,109.455000,109.455000,109.454000,109.454000
1558959600,109.455000,109.467000,109.455000,109.467000
1558959660,109.466000,109.469000,109.465000,109.467000
1558959720,109.468000,109.470000,109.466000,109.467000
1558959780,109.467000,109.479000,109.467000,109.478000
1558959840,109.479000,109.479000,109.478000,109.478000
1558959900,109.478000,109.485000,109.478000,109.485000
1558959960,109.484000,109.485000,109.478000,109.479000
1558960020,109.479000,109.481000,109.478000,109.479000
1558960080,109.479000,109.485000,109.479000,109.484000
1558960140,109.484000,109.484000,109.478000,109.479000
1558960200,109.478000,109.485000,109.478000,109.483000
1558960260,109.482000,109.485000,109.482000,109.483000
1558960320,109.485000,109.488000,109.485000,109.485000
1558960380,109.485000,109.485000,109.484000,109.485000
1558960440,109.485000,109.485000,109.484000,109.484000
1558960500,109.485000,109.496000,109.484000,109.495000
1558960560,109.495000,109.498000,109.495000,109.497000
1558960620,109.497000,109.497000,109.496000,109.496000
1558960680,109.496000,109.502000,109.496000,109.502000
1558960740,109.502000,109.510000,109.501000,109.508000
1558960800,109.507000,109.507000,109.503000,109.506000
1558960860,109.505000,109.506000,109.500000,109.501000
1558960920,109.502000,109.502000,109.494000,109.494000
1558960980,109.495000,109.499000,109.494000,109.499000
1558961040,109.498000,109.502000,109.495000,109.501000
1558961100,109.504000,109.504000,109.499000,109.499000
1558961160,109.499000,109.501000,109.497000,109.501000
1558961220,109.501000,109.506000,109.501000,109.505000
1558961280,109.505000,109.505000,109.499000,109.500000
1558961340,109.501000,109.505000,109.500000,109.502000
1558961400,109.501000,109.501000,109.495000,109.495000
1558961460,109.495000,109.496000,109.493000,109.495000
1558961520,109.496000,109.500000,109.495000,109.499000
1558961580,109.499000,109.505000,109.498000,109.499000
1558961640,109.499000,109.503000,109.498000,109.502000
1558961700,109.503000,109.508000,109.501000,109.507000
1558961760,109.507000,109.509000,109.500000,109.500000
1558961820,109.501000,109.506000,109.500000,109.502000
1558961880,109.501000,109.508000,109.501000,109.507000
1558961940,109.507000,109.509000,109.502000,109.502000
1558962000,109.501000,109.503000,109.499000,109.501000
1558962060,109.502000,109.509000,109.497000,109.500000
1558962120,109.500000,109.503000,109.494000,109.495000
1558962180,109.495000,109.496000,109.488000,109.488000
1558962240,109.489000,109.493000,109.488000,109.489000
1558962300,109.488000,109.490000,109.483000,109.484000
1558962360,109.485000,109.485000,109.480000,109.482000
1558962420,109.483000,109.483000,109.480000,109.481000
1558962480,109.482000,109.488000,109.479000,109.488000
1558962540,109.490000,109.491000,109.485000,109.486000
1558962600,109.487000,109.491000,109.487000,109.489000
1558962660,109.490000,109.496000,109.489000,109.492000
1558962720,109.491000,109.496000,109.491000,109.491000
1558962780,109.492000,109.497000,109.491000,109.497000
1558962840,109.496000,109.496000,109.494000,109.494000
1558962900,109.495000,109.495000,109.492000,109.493000
1558962960,109.494000,109.496000,109.494000,109.496000
1558963020,109.494000,109.502000,109.494000,109.502000
1558963080,109.501000,109.501000,109.496000,109.496000
1558963140,109.497000,109.501000,109.495000,109.496000
1558963200,109.496000,109.497000,109.495000,109.497000
1558963260,109.496000,109.496000,109.495000,109.495000
1558963320,109.497000,109.504000,109.497000,109.502000
1558963380,109.501000,109.503000,109.489000,109.489000
1558963440,109.489000,109.490000,109.473000,109.481000
1558963500,109.481000,109.488000,109.478000,109.488000
1558963560,109.488000,109.490000,109.484000,109.485000
1558963620,109.485000,109.487000,109.483000,109.487000
1558963680,109.487000,109.490000,109.484000,109.485000
1558963740,109.485000,109.486000,109.483000,109.484000
1558963800,109.485000,109.492000,109.485000,109.488000
1558963860,109.488000,109.491000,109.484000,109.490000
1558963920,109.491000,109.491000,109.482000,109.484000
1558963980,109.483000,109.483000,109.480000,109.482000
1558964040,109.483000,109.484000,109.483000,109.483000
1558964100,109.483000,109.486000,109.483000,109.483000
1558964160,109.483000,109.484000,109.478000,109.478000
1558964220,109.478000,109.478000,109.472000,109.472000
1558964280,109.475000,109.477000,109.473000,109.477000
1558964340,109.478000,109.478000,109.473000,109.473000
1558964400,109.472000,109.474000,109.472000,109.472000
1558964460,109.472000,109.472000,109.470000,109.471000
1558964520,109.472000,109.479000,109.472000,109.479000
1558964580,109.479000,109.483000,109.479000,109.479000
1558964640,109.479000,109.479000,109.473000,109.477000
1558964700,109.478000,109.479000,109.473000,109.479000
1558964760,109.478000,109.484000,109.478000,109.483000
1558964820,109.480000,109.480000,109.477000,109.478000
1558964880,109.478000,109.478000,109.476000,109.477000
1558964940,109.475000,109.479000,109.475000,109.479000
1558965000,109.479000,109.480000,109.472000,109.473000
1558965060,109.474000,109.478000,109.472000,109.474000
1558965120,109.473000,109.485000,109.473000,109.484000
1558965180,109.484000,109.488000,109.484000,109.485000
1558965240,109.486000,109.496000,109.485000,109.496000
1558965300,109.496000,109.497000,109.490000,109.496000
1558965360,109.496000,109.502000,109.496000,109.497000
1558965420,109.498000,109.499000,109.496000,109.496000
1558965480,109.496000,109.497000,109.495000,109.496000
1558965540,109.495000,109.496000,109.491000,109.495000
1558965600,109.495000,109.498000,109.495000,109.497000
1558965660,109.497000,109.504000,109.497000,109.502000
1558965720,109.500000,109.502000,109.500000,109.501000
1558965780,109.500000,109.501000,109.497000,109.500000
1558965840,109.498000,109.498000,109.495000,109.495000
1558965900,109.495000,109.496000,109.489000,109.490000
1558965960,109.489000,109.494000,109.489000,109.490000
1558966020,109.490000,109.491000,109.490000,109.490000
1558966080,109.489000,109.490000,109.484000,109.490000
1558966140,109.489000,109.490000,109.485000,109.490000
1558966200,109.489000,109.491000,109.488000,109.491000
1558966260,109.491000,109.499000,109.491000,109.498000
1558966320,109.498000,109.501000,109.497000,109.497000
1558966380,109.497000,109.497000,109.494000,109.496000
1558966440,109.496000,109.497000,109.496000,109.497000
1558966500,109.496000,109.497000,109.489000,109.496000
1558966560,109.497000,109.497000,109.492000,109.496000
1558966620,109.497000,109.497000,109.495000,109.495000
1558966680,109.495000,109.503000,109.495000,109.503000
1558966740,109.502000,109.504000,109.498000,109.501000
1558966800,109.502000,109.505000,109.498000,109.500000
1558966860,109.499000,109.500000,109.491000,109.495000
1558966920,109.495000,109.499000,109.489000,109.497000
1558966980,109.496000,109.501000,109.492000,109.501000
1558967040,109.501000,109.501000,109.497000,109.497000
1558967100,109.497000,109.497000,109.495000,109.495000
1558967160,109.496000,109.507000,109.496000,109.507000
1558967220,109.507000,109.507000,109.501000,109.501000
1558967280,109.501000,109.511000,109.501000,109.511000
1558967340,109.512000,109.513000,109.511000,109.511000
1558967400,109.512000,109.514000,109.511000,109.513000
1558967460,109.512000,109.515000,109.512000,109.514000
1558967520,109.513000,109.514000,109.513000,109.513000
1558967580,109.515000,109.515000,109.505000,109.506000
1558967640,109.506000,109.510000,109.503000,109.505000
1558967700,109.505000,109.505000,109.498000,109.501000
1558967820,109.501000,109.501000,109.491000,109.494000
1558967880,109.495000,109.499000,109.495000,109.498000
1558967940,109.497000,109.503000,109.497000,109.501000
1558968000,109.502000,109.502000,109.501000,109.502000
1558968060,109.503000,109.503000,109.497000,109.500000
1558968120,109.499000,109.499000,109.496000,109.497000
1558968180,109.498000,109.502000,109.497000,109.501000
1558968240,109.502000,109.502000,109.500000,109.500000
1558968300,109.503000,109.504000,109.501000,109.503000
1558968360,109.502000,109.503000,109.502000,109.503000
1558968420,109.505000,109.514000,109.505000,109.511000
1558968480,109.513000,109.515000,109.510000,109.513000
1558968540,109.514000,109.515000,109.507000,109.508000
1558968600,109.508000,109.515000,109.508000,109.514000
1558968660,109.514000,109.515000,109.514000,109.514000
1558968720,109.515000,109.527000,109.515000,109.526000
1558968780,109.526000,109.530000,109.525000,109.527000
1558968840,109.527000,109.530000,109.525000,109.525000
1558968900,109.525000,109.525000,109.511000,109.513000
1558968960,109.511000,109.515000,109.507000,109.514000
1558969020,109.514000,109.521000,109.514000,109.521000
1558969080,109.521000,109.535000,109.521000,109.534000
1558969140,109.533000,109.533000,109.531000,109.531000
1558969200,109.532000,109.546000,109.526000,109.546000
1558969260,109.546000,109.547000,109.542000,109.545000
1558969320,109.545000,109.546000,109.538000,109.538000
1558969380,109.539000,109.543000,109.538000,109.540000
1558969440,109.540000,109.544000,109.540000,109.544000
1558969500,109.543000,109.547000,109.543000,109.545000
1558969560,109.545000,109.545000,109.545000,109.545000
1558969620,109.547000,109.555000,109.542000,109.544000
1558969680,109.543000,109.544000,109.538000,109.542000
1558969740,109.542000,109.543000,109.540000,109.542000
1558969800,109.543000,109.544000,109.532000,109.532000
1558969860,109.531000,109.531000,109.528000,109.531000
1558969920,109.529000,109.530000,109.526000,109.526000
1558969980,109.526000,109.526000,109.523000,109.524000
1558970040,109.525000,109.526000,109.519000,109.520000
1558970100,109.521000,109.523000,109.519000,109.519000
1558970160,109.519000,109.523000,109.518000,109.521000
1558970220,109.521000,109.526000,109.519000,109.520000
1558970280,109.520000,109.521000,109.520000,109.521000
1558970340,109.521000,109.526000,109.519000,109.526000
1558970400,109.526000,109.530000,109.526000,109.530000
1558970460,109.531000,109.534000,109.531000,109.533000
1558970520,109.532000,109.533000,109.531000,109.533000
1558970580,109.534000,109.534000,109.533000,109.533000
1558970640,109.534000,109.534000,109.526000,109.527000
1558970700,109.528000,109.531000,109.527000,109.528000
1558970760,109.529000,109.534000,109.528000,109.533000
1558970820,109.533000,109.534000,109.533000,109.534000
1558970880,109.533000,109.534000,109.531000,109.533000
1558970940,109.533000,109.534000,109.533000,109.534000
1558971000,109.533000,109.534000,109.533000,109.534000
1558971060,109.534000,109.541000,109.533000,109.541000
1558971120,109.540000,109.541000,109.540000,109.541000
1558971180,109.540000,109.541000,109.540000,109.540000
1558971240,109.540000,109.540000,109.537000,109.538000
1558971300,109.539000,109.539000,109.539000,109.539000
1558971360,109.539000,109.539000,109.532000,109.532000
1558971420,109.532000,109.532000,109.532000,109.532000
1558971480,109.533000,109.533000,109.533000,109.533000
1558971540,109.532000,109.533000,109.527000,109.530000
1558971600,109.530000,109.530000,109.527000,109.528000
1558971660,109.528000,109.531000,109.526000,109.528000
1558971720,109.530000,109.530000,109.528000,109.529000
1558971780,109.530000,109.534000,109.529000,109.534000
1558971840,109.533000,109.534000,109.533000,109.533000
1558971900,109.535000,109.535000,109.533000,109.533000
1558971960,109.534000,109.538000,109.534000,109.537000
1558972020,109.537000,109.537000,109.534000,109.535000
1558972080,109.534000,109.534000,109.529000,109.532000
1558972140,109.534000,109.535000,109.534000,109.534000
1558972200,109.535000,109.536000,109.532000,109.533000
1558972260,109.534000,109.535000,109.534000,109.534000
1558972320,109.534000,109.535000,109.533000,109.534000
1558972380,109.534000,109.535000,109.533000,109.534000
1558972440,109.534000,109.539000,109.534000,109.539000
1558972500,109.539000,109.539000,109.539000,109.539000
1558972560,109.540000,109.541000,109.539000,109.541000
1558972620,109.539000,109.541000,109.534000,109.538000
1558972680,109.539000,109.540000,109.534000,109.538000
1558972740,109.539000,109.541000,109.539000,109.540000
1558972800,109.539000,109.541000,109.539000,109.541000
1558972860,109.541000,109.546000,109.541000,109.544000
1558972920,109.545000,109.546000,109.545000,109.545000
1558972980,109.544000,109.545000,109.544000,109.544000
1558973040,109.545000,109.546000,109.545000,109.546000
1558973100,109.546000,109.553000,109.545000,109.551000
1558973160,109.551000,109.551000,109.551000,109.551000
1558973220,109.551000,109.562000,109.551000,109.557000
1558973280,109.556000,109.556000,109.556000,109.556000
1558973340,109.557000,109.564000,109.556000,109.563000
1558973400,109.563000,109.564000,109.549000,109.549000
1558973460,109.550000,109.550000,109.537000,109.537000
1558973520,109.536000,109.537000,109.534000,109.535000
1558973580,109.536000,109.536000,109.532000,109.532000
1558973640,109.533000,109.533000,109.527000,109.531000
1558973700,109.531000,109.532000,109.529000,109.531000
1558973760,109.531000,109.538000,109.531000,109.537000
1558973820,109.537000,109.539000,109.533000,109.534000
1558973880,109.534000,109.535000,109.533000,109.534000
1558973940,109.534000,109.538000,109.532000,109.538000
1558974000,109.538000,109.538000,109.535000,109.535000
1558974060,109.536000,109.537000,109.534000,109.534000
1558974120,109.534000,109.534000,109.533000,109.533000
1558974180,109.534000,109.534000,109.524000,109.527000
1558974240,109.528000,109.528000,109.519000,109.519000
1558974300,109.521000,109.527000,109.521000,109.526000
1558974360,109.525000,109.526000,109.521000,109.522000
1558974420,109.522000,109.522000,109.521000,109.522000
1558974480,109.522000,109.527000,109.521000,109.527000
1558974540,109.526000,109.532000,109.526000,109.532000
1558974600,109.532000,109.532000,109.532000,109.532000
1558974660,109.531000,109.531000,109.531000,109.531000
1558974720,109.532000,109.532000,109.532000,109.532000
1558974780,109.532000,109.533000,109.532000,109.533000
1558974840,109.533000,109.533000,109.533000,109.533000
1558974900,109.533000,109.534000,109.533000,109.534000
1558974960,109.534000,109.534000,109.533000,109.534000
1558975020,109.534000,109.535000,109.533000,109.533000
1558975080,109.533000,109.533000,109.531000,109.531000
1558975140,109.533000,109.534000,109.533000,109.534000
1558975200,109.534000,109.534000,109.534000,109.534000
1558975260,109.534000,109.534000,109.533000,109.534000
1558975320,109.534000,109.535000,109.527000,109.527000
1558975380,109.526000,109.526000,109.526000,109.526000
1558975440,109.526000,109.526000,109.526000,109.526000
1558975500,109.526000,109.526000,109.525000,109.526000
1558975560,109.526000,109.526000,109.526000,109.526000
1558975620,109.526000,109.527000,109.526000,109.527000
1558975680,109.527000,109.527000,109.525000,109.527000
1558975740,109.527000,109.528000,109.527000,109.528000
1558975800,109.528000,109.530000,109.528000,109.529000
1558975860,109.531000,109.532000,109.529000,109.530000
1558975920,109.529000,109.533000,109.529000,109.533000
1558975980,109.531000,109.531000,109.531000,109.531000
1558976040,109.530000,109.531000,109.527000,109.528000
1558976100,109.528000,109.528000,109.528000,109.528000
1558976160,109.527000,109.528000,109.526000,109.528000
1558976220,109.529000,109.529000,109.527000,109.529000
1558976280,109.528000,109.530000,109.526000,109.526000
1558976340,109.525000,109.532000,109.525000,109.530000
1558976400,109.530000,109.534000,109.516000,109.516000
1558976460,109.516000,109.516000,109.507000,109.513000
1558976520,109.514000,109.522000,109.514000,109.521000
1558976580,109.521000,109.521000,109.518000,109.518000
1558976640,109.519000,109.520000,109.519000,109.519000
1558976700,109.519000,109.519000,109.519000,109.519000
1558976760,109.519000,109.519000,109.519000,109.519000
1558976820,109.519000,109.519000,109.519000,109.519000
1558976880,109.519000,109.519000,109.519000,109.519000
1558976940,109.520000,109.521000,109.520000,109.520000
1558977000,109.520000,109.520000,109.519000,109.520000
1558977060,109.520000,109.524000,109.519000,109.524000
1558977120,109.524000,109.524000,109.523000,109.523000
1558977180,109.523000,109.523000,109.522000,109.522000
1558977240,109.522000,109.523000,109.522000,109.523000
1558977300,109.523000,109.523000,109.522000,109.522000
1558977360,109.522000,109.523000,109.522000,109.523000
1558977420,109.524000,109.530000,109.524000,109.529000
1558977480,109.529000,109.530000,109.527000,109.528000
1558977540,109.528000,109.529000,109.526000,109.527000
1558977600,109.527000,109.529000,109.526000,109.527000
1558977660,109.528000,109.528000,109.527000,109.528000
1558977720,109.528000,109.529000,109.528000,109.528000
1558977780,109.528000,109.529000,109.527000,109.528000
1558977840,109.528000,109.528000,109.528000,109.528000
1558977900,109.528000,109.529000,109.528000,109.529000
1558977960,109.528000,109.529000,109.528000,109.529000
1558978020,109.529000,109.531000,109.529000,109.530000
1558978080,109.530000,109.534000,109.530000,109.533000
1558978140,109.533000,109.533000,109.528000,109.528000
1558978200,109.528000,109.531000,109.528000,109.531000
1558978260,109.532000,109.532000,109.530000,109.531000
1558978320,109.531000,109.531000,109.531000,109.531000
1558978380,109.531000,109.531000,109.531000,109.531000
1558978440,109.531000,109.531000,109.531000,109.531000
1558978500,109.531000,109.531000,109.531000,109.531000
1558978560,109.531000,109.531000,109.531000,109.531000
1558978620,109.531000,109.531000,109.531000,109.531000
1558978680,109.531000,109.531000,109.529000,109.529000
1558978740,109.529000,109.529000,109.528000,109.529000
1558978800,109.529000,109.533000,109.529000,109.532000
1558978860,109.532000,109.543000,109.532000,109.542000
1558978920,109.543000,109.543000,109.542000,109.542000
1558978980,109.542000,109.542000,109.541000,109.542000
1558979040,109.541000,109.541000,109.540000,109.541000
1558979100,109.541000,109.541000,109.540000,109.541000
1558979160,109.541000,109.541000,109.540000,109.541000
1558979220,109.541000,109.541000,109.541000,109.541000
1558979280,109.541000,109.541000,109.537000,109.537000
1558979340,109.536000,109.536000,109.527000,109.528000
1558979400,109.528000,109.528000,109.523000,109.523000
1558979460,109.523000,109.524000,109.523000,109.524000
1558979520,109.524000,109.524000,109.524000,109.524000
1558979580,109.524000,109.528000,109.524000,109.528000
1558979640,109.528000,109.528000,109.526000,109.528000
1558979700,109.528000,109.530000,109.528000,109.530000
1558979760,109.528000,109.530000,109.528000,109.530000
1558979820,109.531000,109.531000,109.530000,109.531000
1558979880,109.530000,109.530000,109.530000,109.530000
1558979940,109.530000,109.530000,109.526000,109.526000
1558980000,109.527000,109.527000,109.526000,109.526000
1558980060,109.526000,109.528000,109.526000,109.527000
1558980120,109.528000,109.530000,109.528000,109.529000
1558980180,109.529000,109.529000,109.529000,109.529000
1558980240,109.529000,109.532000,109.529000,109.531000
1558980300,109.532000,109.533000,109.532000,109.533000
1558980360,109.533000,109.533000,109.531000,109.531000
1558980420,109.531000,109.531000,109.531000,109.531000
1558980480,109.531000,109.534000,109.531000,109.534000
1558980540,109.534000,109.534000,109.532000,109.533000
1558980600,109.531000,109.533000,109.531000,109.533000
1558980660,109.533000,109.533000,109.527000,109.527000
1558980720,109.526000,109.526000,109.525000,109.525000
1558980780,109.527000,109.527000,109.524000,109.524000
1558980840,109.524000,109.524000,109.524000,109.524000
1558980900,109.524000,109.524000,109.524000,109.524000
1558980960,109.524000,109.524000,109.524000,109.524000
1558981020,109.524000,109.524000,109.524000,109.524000
1558981080,109.524000,109.524000,109.523000,109.523000
1558981140,109.523000,109.524000,109.523000,109.524000
1558981200,109.524000,109.524000,109.524000,109.524000
1558981260,109.524000,109.524000,109.524000,109.524000
1558981320,109.524000,109.524000,109.523000,109.524000
1558981380,109.524000,109.524000,109.524000,109.524000
1558981440,109.524000,109.524000,109.524000,109.524000
1558981500,109.524000,109.524000,109.524000,109.524000
1558981560,109.524000,109.524000,109.524000,109.524000
1558981620,109.524000,109.524000,109.524000,109.524000
1558981680,109.524000,109.524000,109.524000,109.524000
1558981740,109.524000,109.524000,109.524000,109.524000
1558981800,109.523000,109.523000,109.523000,109.523000
1558981860,109.524000,109.525000,109.524000,109.525000
1558981920,109.524000,109.525000,109.524000,109.525000
1558981980,109.525000,109.525000,109.522000,109.522000
1558982040,109.521000,109.522000,109.521000,109.522000
1558982100,109.522000,109.523000,109.522000,109.523000
1558982160,109.523000,109.523000,109.522000,109.522000
1558982220,109.522000,109.522000,109.521000,109.521000
1558982280,109.521000,109.521000,109.521000,109.521000
1558982340,109.521000,109.521000,109.521000,109.521000
1558982400,109.521000,109.521000,109.521000,109.521000
1558982460,109.520000,109.521000,109.520000,109.521000
1558982520,109.522000,109.523000,109.521000,109.522000
1558982580,109.522000,109.522000,109.521000,109.521000
1558982640,109.521000,109.521000,109.521000,109.521000
1558982700,109.523000,109.523000,109.521000,109.521000
1558982760,109.521000,109.523000,109.521000,109.521000
1558982820,109.521000,109.523000,109.521000,109.521000
1558982880,109.521000,109.522000,109.521000,109.521000
1558982940,109.521000,109.525000,109.521000,109.525000
1558983000,109.525000,109.525000,109.524000,109.525000
1558983060,109.525000,109.527000,109.525000,109.526000
1558983120,109.525000,109.527000,109.525000,109.527000
1558983180,109.527000,109.527000,109.526000,109.527000
1558983240,109.527000,109.527000,109.526000,109.527000
1558983300,109.526000,109.526000,109.526000,109.526000
1558983360,109.526000,109.527000,109.525000,109.526000
1558983420,109.526000,109.527000,109.526000,109.527000
1558983480,109.527000,109.530000,109.527000,109.530000
1558983540,109.529000,109.530000,109.529000,109.530000
1558983600,109.530000,109.530000,109.529000,109.529000
1558983660,109.529000,109.529000,109.523000,109.523000
1558983720,109.523000,109.523000,109.522000,109.523000
1558983780,109.523000,109.523000,109.523000,109.523000
1558983840,109.523000,109.525000,109.523000,109.523000
1558983900,109.524000,109.525000,109.524000,109.524000
1558983960,109.525000,109.527000,109.525000,109.527000
1558984020,109.526000,109.529000,109.526000,109.529000
1558984080,109.529000,109.533000,109.529000,109.533000
1558984140,109.534000,109.534000,109.533000,109.534000
1558984200,109.534000,109.534000,109.533000,109.533000
1558984260,109.533000,109.539000,109.533000,109.538000
1558984320,109.537000,109.538000,109.537000,109.537000
1558984380,109.537000,109.538000,109.537000,109.538000
1558984440,109.537000,109.537000,109.537000,109.537000
1558984500,109.538000,109.538000,109.538000,109.538000
1558984560,109.537000,109.538000,109.537000,109.537000
1558984620,109.537000,109.537000,109.537000,109.537000
1558984680,109.537000,109.537000,109.536000,109.536000
1558984740,109.536000,109.536000,109.536000,109.536000
1558984800,109.536000,109.537000,109.533000,109.533000
1558984860,109.533000,109.533000,109.533000,109.533000
1558984920,109.533000,109.534000,109.533000,109.534000
1558984980,109.534000,109.534000,109.533000,109.534000
1558985040,109.533000,109.533000,109.532000,109.532000
1558985100,109.533000,109.533000,109.533000,109.533000
1558985160,109.533000,109.533000,109.533000,109.533000
1558985220,109.533000,109.537000,109.533000,109.537000
1558985280,109.537000,109.538000,109.537000,109.538000
1558985340,109.538000,109.538000,109.537000,109.537000
1558985400,109.537000,109.539000,109.537000,109.539000
1558985460,109.539000,109.539000,109.539000,109.539000
1558985520,109.539000,109.539000,109.539000,109.539000
1558985580,109.539000,109.539000,109.539000,109.539000
1558985640,109.538000,109.538000,109.538000,109.538000
1558985700,109.538000,109.539000,109.532000,109.532000
1558985760,109.532000,109.532000,109.531000,109.531000
1558985820,109.531000,109.531000,109.531000,109.531000
1558985880,109.531000,109.531000,109.531000,109.531000
1558985940,109.531000,109.534000,109.531000,109.534000
1558986000,109.533000,109.534000,109.531000,109.532000
1558986060,109.532000,109.533000,109.530000,109.532000
1558986120,109.533000,109.534000,109.532000,109.534000
1558986180,109.534000,109.534000,109.532000,109.532000
1558986240,109.532000,109.533000,109.532000,109.532000
1558986300,109.532000,109.532000,109.532000,109.532000
1558986360,109.532000,109.535000,109.532000,109.535000
1558986420,109.535000,109.535000,109.533000,109.533000
1558986480,109.534000,109.534000,109.531000,109.531000
1558986540,109.532000,109.533000,109.531000,109.533000
1558986600,109.533000,109.533000,109.533000,109.533000
1558986660,109.533000,109.534000,109.531000,109.534000
1558986720,109.535000,109.540000,109.534000,109.540000
1558986780,109.539000,109.539000,109.536000,109.539000
1558986840,109.539000,109.540000,109.534000,109.534000
1558986900,109.533000,109.533000,109.530000,109.533000
1558986960,109.533000,109.536000,109.533000,109.536000
1558987020,109.534000,109.534000,109.533000,109.533000
1558987080,109.533000,109.536000,109.533000,109.536000
1558987140,109.536000,109.537000,109.536000,109.536000
1558987200,109.536000,109.537000,109.536000,109.537000
1558987260,109.537000,109.537000,109.537000,109.537000
1558987320,109.537000,109.537000,109.536000,109.537000
1558987380,109.537000,109.538000,109.533000,109.538000
1558987440,109.538000,109.538000,109.537000,109.537000
1558987500,109.537000,109.537000,109.537000,109.537000
1558987560,109.537000,109.537000,109.537000,109.537000
1558987620,109.538000,109.538000,109.532000,109.532000
1558987680,109.532000,109.532000,109.531000,109.531000
1558987740,109.531000,109.531000,109.530000,109.530000
1558987800,109.530000,109.534000,109.530000,109.534000
1558987860,109.534000,109.536000,109.534000,109.535000
1558987920,109.534000,109.538000,109.534000,109.538000
1558987980,109.538000,109.540000,109.538000,109.540000
1558988040,109.541000,109.544000,109.541000,109.543000
1558988100,109.543000,109.543000,109.543000,109.543000
1558988160,109.543000,109.544000,109.543000,109.544000
1558988220,109.544000,109.545000,109.544000,109.545000
1558988280,109.545000,109.545000,109.543000,109.545000
1558988340,109.545000,109.545000,109.544000,109.544000
1558988400,109.544000,109.544000,109.542000,109.543000
1558988460,109.543000,109.543000,109.542000,109.542000
1558988520,109.542000,109.542000,109.541000,109.541000
1558988580,109.541000,109.541000,109.535000,109.536000
1558988640,109.536000,109.537000,109.534000,109.535000
1558988700,109.535000,109.538000,109.529000,109.534000
1558988760,109.535000,109.536000,109.535000,109.535000
1558988820,109.536000,109.536000,109.534000,109.535000
1558988880,109.535000,109.536000,109.533000,109.533000
1558988940,109.533000,109.534000,109.531000,109.531000
1558989000,109.531000,109.533000,109.531000,109.533000
1558989060,109.533000,109.533000,109.533000,109.533000
1558989120,109.533000,109.535000,109.533000,109.535000
1558989180,109.535000,109.536000,109.534000,109.536000
1558989240,109.536000,109.536000,109.535000,109.535000
1558989300,109.535000,109.536000,109.535000,109.536000
1558989360,109.536000,109.538000,109.536000,109.538000
1558989420,109.538000,109.542000,109.538000,109.541000
1558989480,109.542000,109.542000,109.541000,109.542000
1558989540,109.542000,109.542000,109.540000,109.541000
1558989600,109.541000,109.542000,109.541000,109.542000
1558989660,109.542000,109.547000,109.541000,109.547000
1558989720,109.548000,109.548000,109.546000,109.546000
1558989780,109.547000,109.547000,109.540000,109.540000
1558989840,109.539000,109.552000,109.538000,109.546000
1558989900,109.546000,109.547000,109.543000,109.545000
1558989960,109.544000,109.547000,109.544000,109.546000
1558990020,109.547000,109.547000,109.544000,109.544000
1558990080,109.544000,109.546000,109.544000,109.544000
1558990140,109.544000,109.544000,109.543000,109.544000
1558990200,109.544000,109.544000,109.537000,109.537000
1558990260,109.538000,109.538000,109.538000,109.538000
1558990320,109.538000,109.539000,109.538000,109.538000
1558990380,109.538000,109.538000,109.537000,109.537000
1558990440,109.536000,109.536000,109.532000,109.534000
1558990500,109.535000,109.535000,109.533000,109.534000
1558990560,109.534000,109.534000,109.529000,109.529000
1558990620,109.530000,109.530000,109.529000,109.529000
1558990680,109.528000,109.528000,109.518000,109.521000
1558990740,109.514000,109.526000,109.466000,109.504000
1558990800,109.481000,109.482000,109.452000,109.480000
1558990860,109.481000,109.481000,109.481000,109.481000
1558990920,109.480000,109.481000,109.480000,109.481000
1558990980,109.480000,109.482000,109.480000,109.482000
1558991040,109.484000,109.484000,109.480000,109.482000
1558991100,109.480000,109.485000,109.474000,109.485000
1558991160,109.485000,109.504000,109.480000,109.485000
1558991220,109.491000,109.491000,109.471000,109.480000
1558991280,109.483000,109.483000,109.471000,109.481000
1558991340,109.479000,109.503000,109.471000,109.477000
1558991400,109.475000,109.519000,109.473000,109.500000
1558991460,109.500000,109.523000,109.473000,109.485000
1558991520,109.477000,109.513000,109.475000,109.491000
1558991580,109.482000,109.513000,109.476000,109.512000
1558991640,109.490000,109.513000,109.476000,109.498000
1558991700,109.491000,109.519000,109.487000,109.498000
1558991760,109.495000,109.498000,109.484000,109.496000
1558991820,109.493000,109.498000,109.479000,109.497000
1558991880,109.494000,109.497000,109.477000,109.486000
1558991940,109.478000,109.488000,109.477000,109.486000
1558992000,109.478000,109.487000,109.478000,109.485000
1558992060,109.483000,109.497000,109.482000,109.497000
1558992120,109.493000,109.504000,109.467000,109.489000
1558992180,109.502000,109.505000,109.463000,109.495000
1558992240,109.512000,109.532000,109.508000,109.509000
1558992300,109.512000,109.516000,109.504000,109.512000
1558992360,109.512000,109.516000,109.502000,109.504000
1558992420,109.512000,109.518000,109.495000,109.500000
1558992480,109.497000,109.504000,109.495000,109.500000
1558992540,109.503000,109.503000,109.495000,109.503000
1558992600,109.498000,109.500000,109.482000,109.492000
1558992660,109.492000,109.501000,109.482000,109.500000
1558992720,109.500000,109.500000,109.500000,109.500000
1558992780,109.499000,109.502000,109.499000,109.502000
1558992840,109.502000,109.512000,109.497000,109.501000
1558992900,109.502000,109.502000,109.501000,109.502000
1558992960,109.502000,109.502000,109.502000,109.502000
1558993020,109.501000,109.502000,109.501000,109.502000
1558993080,109.502000,109.502000,109.500000,109.501000
1558993140,109.501000,109.502000,109.501000,109.502000
1558993200,109.502000,109.502000,109.501000,109.502000
1558993260,109.501000,109.502000,109.501000,109.502000
1558993320,109.501000,109.502000,109.501000,109.501000
1558993380,109.502000,109.503000,109.501000,109.503000
1558993440,109.503000,109.503000,109.502000,109.503000
1558993500,109.503000,109.503000,109.503000,109.503000
1558993560,109.503000,109.505000,109.503000,109.503000
1558993620,109.505000,109.505000,109.504000,109.505000
1558993680,109.505000,109.505000,109.504000,109.505000
1558993740,109.505000,109.506000,109.505000,109.506000
1558993800,109.505000,109.506000,109.505000,109.505000
1558993860,109.506000,109.506000,109.504000,109.506000
1558993920,109.506000,109.506000,109.503000,109.503000
1558993980,109.502000,109.507000,109.496000,109.496000
1558994040,109.495000,109.505000,109.494000,109.504000
1558994100,109.504000,109.508000,109.504000,109.507000
1558994160,109.507000,109.507000,109.499000,109.499000
1558994220,109.499000,109.500000,109.494000,109.497000
1558994280,109.497000,109.498000,109.471000,109.473000
1558994340,109.475000,109.511000,109.466000,109.470000
1558994400,109.469000,109.497000,109.469000,109.495000
1558994460,109.495000,109.505000,109.490000,109.505000
1558994520,109.505000,109.505000,109.501000,109.504000
1558994580,109.505000,109.509000,109.504000,109.509000
1558994640,109.508000,109.508000,109.504000,109.506000
1558994700,109.507000,109.509000,109.504000,109.507000
1558994760,109.507000,109.510000,109.507000,109.507000
1558994820,109.508000,109.508000,109.506000,109.508000
1558994880,109.508000,109.508000,109.505000,109.506000
1558994940,109.507000,109.507000,109.506000,109.506000
1558995000,109.504000,109.507000,109.500000,109.501000
1558995060,109.500000,109.500000,109.500000,109.500000
1558995120,109.499000,109.500000,109.498000,109.500000
1558995180,109.499000,109.500000,109.497000,109.500000
1558995240,109.501000,109.501000,109.500000,109.500000
1558995300,109.501000,109.501000,109.501000,109.501000
1558995360,109.503000,109.509000,109.503000,109.506000
1558995420,109.506000,109.506000,109.505000,109.505000
1558995480,109.505000,109.507000,109.505000,109.505000
1558995540,109.506000,109.506000,109.504000,109.505000
1558995600,109.506000,109.507000,109.506000,109.507000
1558995660,109.506000,109.507000,109.506000,109.506000
1558995720,109.505000,109.505000,109.505000,109.505000
1558995780,109.505000,109.505000,109.504000,109.504000
1558995840,109.504000,109.505000,109.504000,109.505000
1558995900,109.504000,109.504000,109.504000,109.504000
1558995960,109.502000,109.510000,109.502000,109.506000
1558996020,109.505000,109.510000,109.505000,109.510000
1558996080,109.511000,109.513000,109.511000,109.511000
1558996140,109.511000,109.511000,109.511000,109.511000
1558996200,109.511000,109.511000,109.511000,109.511000
1558996260,109.513000,109.515000,109.511000,109.512000
1558996320,109.513000,109.514000,109.511000,109.512000
1558996380,109.512000,109.523000,109.511000,109.521000
1558996440,109.519000,109.524000,109.519000,109.524000
1558996500,109.524000,109.524000,109.523000,109.524000
1558996560,109.523000,109.524000,109.523000,109.524000
1558996620,109.523000,109.523000,109.518000,109.518000
1558996680,109.517000,109.518000,109.517000,109.517000
1558996740,109.518000,109.518000,109.517000,109.518000
1558996800,109.518000,109.518000,109.514000,109.518000
1558996860,109.518000,109.518000,109.518000,109.518000
1558996920,109.518000,109.519000,109.518000,109.518000
1558996980,109.516000,109.518000,109.516000,109.518000
1558997040,109.518000,109.518000,109.512000,109.517000
1558997100,109.517000,109.518000,109.513000,109.518000
1558997160,109.518000,109.524000,109.516000,109.523000
1558997220,109.524000,109.530000,109.523000,109.527000
1558997280,109.528000,109.530000,109.527000,109.530000
1558997340,109.534000,109.535000,109.534000,109.535000
1558997400,109.536000,109.536000,109.533000,109.535000
1558997460,109.535000,109.536000,109.535000,109.535000
1558997520,109.537000,109.537000,109.536000,109.536000
1558997580,109.531000,109.532000,109.529000,109.532000
1558997640,109.532000,109.535000,109.531000,109.533000
1558997700,109.534000,109.536000,109.534000,109.536000
1558997760,109.536000,109.548000,109.536000,109.548000
1558997820,109.548000,109.548000,109.542000,109.542000
1558997880,109.542000,109.543000,109.541000,109.542000
1558997940,109.541000,109.541000,109.536000,109.536000
1558998000,109.535000,109.535000,109.527000,109.530000
1558998060,109.530000,109.530000,109.525000,109.530000
1558998120,109.531000,109.537000,109.531000,109.536000
1558998180,109.536000,109.536000,109.536000,109.536000
1558998240,109.534000,109.542000,109.532000,109.542000
1558998300,109.542000,109.543000,109.536000,109.536000
1558998360,109.536000,109.537000,109.536000,109.536000
1558998420,109.536000,109.537000,109.524000,109.525000
1558998480,109.524000,109.533000,109.524000,109.531000
1558998540,109.530000,109.531000,109.525000,109.531000
1558998600,109.531000,109.538000,109.531000,109.537000
1558998660,109.537000,109.541000,109.536000,109.537000
1558998720,109.535000,109.544000,109.535000,109.543000
1558998780,109.541000,109.545000,109.541000,109.543000
1558998840,109.543000,109.547000,109.541000,109.547000
1558998900,109.546000,109.550000,109.543000,109.549000
1558998960,109.549000,109.550000,109.545000,109.545000
1558999020,109.545000,109.551000,109.536000,109.549000
1558999080,109.550000,109.553000,109.546000,109.549000
1558999140,109.550000,109.550000,109.548000,109.549000
1558999200,109.548000,109.549000,109.537000,109.538000
1558999260,109.540000,109.547000,109.537000,109.544000
1558999320,109.544000,109.549000,109.542000,109.549000
1558999380,109.549000,109.549000,109.543000,109.549000
1558999440,109.549000,109.549000,109.548000,109.549000
1558999500,109.549000,109.549000,109.544000,109.547000
1558999560,109.549000,109.550000,109.543000,109.543000
1558999620,109.544000,109.549000,109.544000,109.548000
1558999680,109.548000,109.549000,109.541000,109.544000
1558999740,109.543000,109.543000,109.542000,109.542000
1558999800,109.542000,109.543000,109.536000,109.537000
1558999860,109.537000,109.537000,109.531000,109.531000
1558999920,109.531000,109.532000,109.531000,109.531000
1559000040,109.527000,109.527000,109.523000,109.523000
1559000100,109.525000,109.525000,109.522000,109.525000
1559000160,109.525000,109.525000,109.524000,109.524000
1559000220,109.524000,109.525000,109.524000,109.525000
1559000280,109.524000,109.524000,109.518000,109.518000
1559000340,109.518000,109.518000,109.505000,109.506000
1559000400,109.507000,109.507000,109.500000,109.501000
1559000460,109.502000,109.515000,109.502000,109.514000
1559000520,109.512000,109.515000,109.506000,109.513000
1559000580,109.520000,109.521000,109.513000,109.513000
1559000640,109.514000,109.526000,109.513000,109.526000
1559000700,109.531000,109.538000,109.531000,109.531000
1559000760,109.531000,109.533000,109.524000,109.531000
1559000820,109.528000,109.532000,109.522000,109.532000
1559000880,109.531000,109.532000,109.525000,109.525000
1559000940,109.525000,109.532000,109.525000,109.532000
1559001000,109.532000,109.532000,109.525000,109.526000
1559001060,109.526000,109.531000,109.526000,109.530000
1559001120,109.530000,109.531000,109.524000,109.525000
1559001180,109.525000,109.530000,109.525000,109.526000
1559001240,109.524000,109.524000,109.506000,109.512000
1559001300,109.512000,109.512000,109.506000,109.506000
1559001360,109.505000,109.508000,109.505000,109.506000
1559001420,109.506000,109.518000,109.506000,109.518000
1559001480,109.517000,109.517000,109.511000,109.511000
1559001540,109.511000,109.513000,109.511000,109.512000
1559001600,109.512000,109.532000,109.502000,109.505000
1559001660,109.504000,109.522000,109.500000,109.507000
1559001720,109.508000,109.546000,109.505000,109.536000
1559001780,109.536000,109.549000,109.535000,109.547000
1559001840,109.548000,109.548000,109.535000,109.535000
1559001900,109.534000,109.535000,109.529000,109.532000
1559001960,109.532000,109.532000,109.506000,109.512000
1559002020,109.511000,109.512000,109.493000,109.504000
1559002080,109.505000,109.519000,109.501000,109.518000
1559002140,109.518000,109.522000,109.512000,109.513000
1559002200,109.512000,109.524000,109.509000,109.520000
1559002260,109.520000,109.531000,109.520000,109.521000
1559002320,109.521000,109.522000,109.518000,109.520000
1559002380,109.520000,109.522000,109.518000,109.522000
1559002440,109.522000,109.522000,109.517000,109.517000
1559002500,109.517000,109.517000,109.507000,109.507000
1559002560,109.507000,109.511000,109.507000,109.511000
1559002620,109.511000,109.511000,109.508000,109.510000
1559002680,109.511000,109.515000,109.511000,109.514000
1559002740,109.514000,109.522000,109.514000,109.517000
1559002800,109.518000,109.522000,109.518000,109.521000
1559002860,109.521000,109.522000,109.519000,109.520000
1559002920,109.519000,109.522000,109.517000,109.522000
1559002980,109.525000,109.535000,109.525000,109.533000
1559003040,109.533000,109.545000,109.533000,109.545000
1559003100,109.547000,109.566000,109.547000,109.566000
1559003160,109.568000,109.571000,109.563000,109.565000
1559003220,109.567000,109.570000,109.557000,109.562000
1559003280,109.562000,109.607000,109.562000,109.604000
1559003340,109.604000,109.604000,109.591000,109.593000
1559003400,109.592000,109.604000,109.588000,109.596000
1559003460,109.595000,109.611000,109.592000,109.611000
1559003520,109.611000,109.616000,109.610000,109.611000
1559003580,109.612000,109.625000,109.612000,109.617000
1559003640,109.616000,109.620000,109.613000,109.617000
1559003700,109.617000,109.622000,109.615000,109.621000
1559003760,109.621000,109.622000,109.618000,109.620000
1559003820,109.618000,109.624000,109.618000,109.619000
1559003880,109.618000,109.619000,109.616000,109.617000
1559003940,109.617000,109.626000,109.616000,109.621000
1559004000,109.622000,109.628000,109.621000,109.624000
1559004060,109.624000,109.629000,109.622000,109.624000
1559004120,109.625000,109.626000,109.616000,109.623000
1559004180,109.622000,109.622000,109.609000,109.609000
1559004240,109.609000,109.610000,109.597000,109.597000
1559004300,109.597000,109.597000,109.589000,109.592000
1559004360,109.592000,109.593000,109.584000,109.586000
1559004420,109.587000,109.594000,109.587000,109.590000
1559004480,109.591000,109.606000,109.586000,109.600000
1559004540,109.600000,109.603000,109.581000,109.587000
1559004600,109.587000,109.592000,109.585000,109.591000
1559004660,109.591000,109.591000,109.584000,109.588000
1559004720,109.588000,109.588000,109.581000,109.581000
1559004780,109.582000,109.582000,109.571000,109.572000
1559004840,109.571000,109.575000,109.564000,109.572000
1559004900,109.571000,109.584000,109.567000,109.580000
1559004960,109.578000,109.589000,109.578000,109.588000
1559005020,109.588000,109.590000,109.583000,109.590000
1559005080,109.589000,109.589000,109.582000,109.582000
1559005140,109.582000,109.589000,109.582000,109.582000
1559005200,109.582000,109.595000,109.570000,109.571000
1559005260,109.571000,109.571000,109.564000,109.567000
1559005320,109.566000,109.569000,109.566000,109.566000
1559005380,109.566000,109.566000,109.560000,109.561000
1559005440,109.561000,109.562000,109.557000,109.562000
1559005500,109.561000,109.561000,109.561000,109.561000
1559005560,109.560000,109.560000,109.556000,109.556000
1559005620,109.555000,109.555000,109.540000,109.547000
1559005680,109.546000,109.547000,109.536000,109.544000
1559005740,109.545000,109.546000,109.528000,109.528000
1559005800,109.530000,109.530000,109.524000,109.528000
1559005860,109.527000,109.527000,109.525000,109.525000
1559005920,109.525000,109.525000,109.511000,109.512000
1559005980,109.511000,109.524000,109.510000,109.524000
1559006040,109.525000,109.531000,109.521000,109.531000
1559006100,109.529000,109.530000,109.522000,109.529000
1559006160,109.528000,109.530000,109.523000,109.529000
1559006220,109.530000,109.531000,109.523000,109.523000
1559006280,109.521000,109.525000,109.517000,109.524000
1559006340,109.524000,109.528000,109.524000,109.527000
1559006400,109.526000,109.530000,109.525000,109.530000
1559006460,109.531000,109.531000,109.525000,109.530000
1559006520,109.530000,109.530000,109.517000,109.517000
1559006580,109.518000,109.520000,109.512000,109.517000
1559006640,109.517000,109.524000,109.517000,109.524000
1559006700,109.524000,109.524000,109.512000,109.512000
1559006760,109.511000,109.511000,109.477000,109.495000
1559006820,109.495000,109.498000,109.468000,109.471000
1559006880,109.471000,109.476000,109.457000,109.471000
1559006940,109.471000,109.482000,109.468000,109.471000
1559007000,109.472000,109.474000,109.458000,109.458000
1559007060,109.458000,109.458000,109.441000,109.449000
1559007120,109.450000,109.462000,109.450000,109.462000
1559007180,109.461000,109.468000,109.461000,109.468000
1559007240,109.469000,109.470000,109.464000,109.468000
1559007300,109.467000,109.476000,109.467000,109.476000
1559007360,109.476000,109.476000,109.470000,109.471000
1559007420,109.473000,109.489000,109.473000,109.488000
1559007480,109.488000,109.493000,109.481000,109.492000
1559007540,109.492000,109.500000,109.491000,109.493000
1559007600,109.491000,109.498000,109.480000,109.487000
1559007660,109.489000,109.495000,109.486000,109.490000
1559007720,109.491000,109.501000,109.487000,109.498000
1559007780,109.498000,109.516000,109.494000,109.504000
1559007840,109.503000,109.523000,109.503000,109.504000
1559007900,109.504000,109.505000,109.497000,109.498000
1559007960,109.497000,109.513000,109.493000,109.513000
1559008020,109.512000,109.517000,109.507000,109.516000
1559008080,109.515000,109.517000,109.510000,109.515000
1559008140,109.515000,109.520000,109.515000,109.520000
1559008200,109.520000,109.521000,109.514000,109.521000
1559008260,109.519000,109.519000,109.511000,109.515000
1559008320,109.515000,109.521000,109.515000,109.517000
1559008380,109.517000,109.518000,109.516000,109.517000
1559008440,109.517000,109.518000,109.511000,109.513000
1559008500,109.512000,109.513000,109.490000,109.490000
1559008560,109.491000,109.503000,109.491000,109.503000
1559008620,109.502000,109.507000,109.497000,109.497000
1559008680,109.497000,109.505000,109.496000,109.503000
1559008740,109.504000,109.505000,109.500000,109.502000
1559008800,109.502000,109.534000,109.500000,109.514000
1559008860,109.513000,109.515000,109.505000,109.508000
1559008920,109.508000,109.509000,109.499000,109.509000
1559008980,109.509000,109.516000,109.507000,109.510000
1559009040,109.512000,109.514000,109.504000,109.506000
1559009100,109.507000,109.511000,109.506000,109.507000
1559009160,109.506000,109.508000,109.498000,109.498000
1559009220,109.498000,109.507000,109.497000,109.507000
1559009280,109.506000,109.512000,109.506000,109.509000
1559009340,109.509000,109.522000,109.508000,109.522000
1559009400,109.522000,109.522000,109.520000,109.521000
1559009460,109.521000,109.526000,109.521000,109.522000
1559009520,109.521000,109.523000,109.521000,109.521000
1559009580,109.521000,109.521000,109.518000,109.521000
1559009640,109.520000,109.520000,109.519000,109.520000
1559009700,109.520000,109.522000,109.516000,109.522000
1559009760,109.522000,109.523000,109.512000,109.512000
1559009820,109.512000,109.514000,109.508000,109.508000
1559009880,109.507000,109.509000,109.500000,109.500000
1559009940,109.500000,109.504000,109.495000,109.496000
1559010000,109.496000,109.498000,109.493000,109.493000
1559010060,109.493000,109.493000,109.488000,109.491000
1559010120,109.490000,109.491000,109.487000,109.487000
1559010180,109.486000,109.486000,109.486000,109.486000
1559010240,109.484000,109.484000,109.476000,109.478000
1559010300,109.478000,109.478000,109.461000,109.471000
1559010360,109.470000,109.477000,109.469000,109.477000
1559010420,109.477000,109.477000,109.474000,109.476000
1559010480,109.476000,109.483000,109.476000,109.482000
1559010540,109.482000,109.483000,109.477000,109.482000
1559010600,109.482000,109.482000,109.468000,109.473000
1559010660,109.474000,109.484000,109.474000,109.479000
1559010720,109.478000,109.479000,109.475000,109.475000
1559010780,109.476000,109.476000,109.471000,109.472000
1559010840,109.473000,109.476000,109.472000,109.476000
1559010900,109.477000,109.480000,109.474000,109.474000
1559010960,109.474000,109.474000,109.460000,109.460000
1559011020,109.460000,109.460000,109.446000,109.446000
1559011080,109.446000,109.456000,109.444000,109.455000
1559011140,109.455000,109.462000,109.455000,109.460000
1559011200,109.461000,109.465000,109.455000,109.456000
1559011260,109.457000,109.457000,109.436000,109.437000
1559011320,109.436000,109.436000,109.431000,109.432000
1559011380,109.432000,109.434000,109.431000,109.432000
1559011440,109.433000,109.436000,109.432000,109.435000
1559011500,109.435000,109.436000,109.430000,109.431000
1559011560,109.431000,109.431000,109.431000,109.431000
1559011620,109.431000,109.451000,109.431000,109.451000
1559011680,109.450000,109.450000,109.442000,109.443000
1559011740,109.443000,109.449000,109.441000,109.448000
1559011800,109.449000,109.456000,109.444000,109.454000
1559011860,109.453000,109.456000,109.452000,109.456000
1559011920,109.458000,109.465000,109.457000,109.464000
1559011980,109.464000,109.464000,109.464000,109.464000
1559012040,109.463000,109.475000,109.462000,109.474000
1559012100,109.475000,109.488000,109.475000,109.479000
1559012160,109.479000,109.485000,109.472000,109.472000
1559012220,109.472000,109.480000,109.472000,109.480000
1559012280,109.480000,109.487000,109.479000,109.485000
1559012340,109.484000,109.492000,109.481000,109.485000
1559012400,109.485000,109.489000,109.484000,109.485000
1559012460,109.486000,109.487000,109.485000,109.487000
1559012520,109.488000,109.488000,109.485000,109.486000
1559012580,109.487000,109.487000,109.487000,109.487000
1559012640,109.487000,109.488000,109.486000,109.486000
1559012700,109.487000,109.494000,109.486000,109.487000
1559012760,109.486000,109.490000,109.486000,109.486000
1559012820,109.486000,109.487000,109.485000,109.487000
1559012880,109.486000,109.489000,109.486000,109.487000
1559012940,109.487000,109.487000,109.480000,109.482000
1559013000,109.482000,109.485000,109.482000,109.484000
1559013060,109.485000,109.486000,109.482000,109.482000
1559013120,109.484000,109.485000,109.475000,109.476000
1559013180,109.476000,109.478000,109.472000,109.472000
1559013240,109.472000,109.472000,109.467000,109.468000
1559013300,109.468000,109.468000,109.467000,109.467000
1559013360,109.467000,109.467000,109.462000,109.462000
1559013420,109.462000,109.463000,109.462000,109.463000
1559013480,109.463000,109.470000,109.463000,109.469000
1559013540,109.468000,109.468000,109.468000,109.468000
1559013600,109.468000,109.469000,109.468000,109.469000
1559013660,109.469000,109.469000,109.465000,109.467000
1559013720,109.466000,109.466000,109.463000,109.463000
1559013780,109.462000,109.466000,109.462000,109.466000
1559013840,109.467000,109.467000,109.463000,109.464000
1559013900,109.464000,109.466000,109.464000,109.465000
1559013960,109.465000,109.473000,109.465000,109.473000
1559014020,109.473000,109.476000,109.473000,109.475000
1559014080,109.474000,109.477000,109.474000,109.475000
1559014140,109.475000,109.480000,109.475000,109.480000
1559014200,109.480000,109.480000,109.477000,109.479000
1559014260,109.479000,109.480000,109.476000,109.480000
1559014320,109.480000,109.480000,109.480000,109.480000
1559014380,109.480000,109.482000,109.479000,109.480000
1559014440,109.479000,109.480000,109.479000,109.479000
1559014500,109.479000,109.484000,109.476000,109.476000
1559014560,109.476000,109.481000,109.475000,109.480000
1559014620,109.480000,109.480000,109.475000,109.478000
1559014680,109.477000,109.480000,109.477000,109.479000
1559014740,109.479000,109.479000,109.475000,109.475000
1559014800,109.477000,109.478000,109.476000,109.478000
1559014860,109.477000,109.479000,109.476000,109.478000
1559014920,109.479000,109.479000,109.478000,109.479000
1559014980,109.478000,109.478000,109.476000,109.478000
1559015040,109.478000,109.478000,109.474000,109.474000
1559015100,109.474000,109.474000,109.473000,109.474000
1559015160,109.473000,109.473000,109.473000,109.473000
1559015220,109.472000,109.473000,109.472000,109.473000
1559015280,109.472000,109.473000,109.472000,109.473000
1559015340,109.472000,109.472000,109.467000,109.472000
1559015400,109.472000,109.473000,109.472000,109.473000
1559015460,109.473000,109.473000,109.473000,109.473000
1559015520,109.474000,109.481000,109.474000,109.481000
1559015580,109.482000,109.485000,109.482000,109.485000
1559015640,109.484000,109.485000,109.484000,109.484000
1559015700,109.484000,109.491000,109.484000,109.491000
1559015760,109.491000,109.492000,109.491000,109.492000
1559015820,109.491000,109.491000,109.487000,109.487000
1559015880,109.485000,109.490000,109.485000,109.489000
1559015940,109.490000,109.500000,109.490000,109.498000
