time,open,high,low,close
1217822400,0.789500,0.789500,0.789300,0.789300
1217822580,0.789200,0.789300,0.789200,0.789300
1217822880,0.789400,0.789400,0.789300,0.789400
1217823000,0.789500,0.789500,0.789400,0.789400
1217823060,0.789300,0.789300,0.789200,0.789200
1217823120,0.789100,0.789200,0.789100,0.789200
1217823180,0.789300,0.789300,0.789300,0.789300
1217823240,0.789200,0.789300,0.789200,0.789300
1217823360,0.789400,0.789400,0.789300,0.789300
1217823480,0.789200,0.789300,0.789200,0.789300
1217823540,0.789200,0.789200,0.789200,0.789200
1217823660,0.789100,0.789100,0.789100,0.789100
1217823900,0.789200,0.789200,0.789100,0.789100
1217824080,0.789000,0.789100,0.789000,0.789100
1217824680,0.789200,0.789200,0.789200,0.789200
1217824740,0.789100,0.789300,0.789100,0.789200
1217824800,0.789100,0.789200,0.789100,0.789100
1217824860,0.789200,0.789200,0.789100,0.789100
1217824920,0.789000,0.789000,0.789000,0.789000
1217824980,0.789100,0.789100,0.789100,0.789100
1217825280,0.789200,0.789200,0.789100,0.789200
1217825340,0.789100,0.789300,0.789100,0.789300
1217825400,0.789400,0.789400,0.789400,0.789400
1217825580,0.789300,0.789400,0.789300,0.789400
1217825640,0.789300,0.789400,0.789300,0.789400
1217825760,0.789300,0.789500,0.789300,0.789500
1217825820,0.789600,0.789600,0.789500,0.789600
1217825880,0.789500,0.789600,0.789500,0.789500
1217825940,0.789400,0.789500,0.789400,0.789400
1217826060,0.789500,0.789500,0.789400,0.789500
1217826120,0.789400,0.789500,0.789400,0.789500
1217826180,0.789400,0.789500,0.789400,0.789400
1217826240,0.789500,0.789500,0.789500,0.789500
1217826300,0.789400,0.789500,0.789400,0.789500
1217826360,0.789600,0.789600,0.789500,0.789500
1217826420,0.789600,0.789600,0.789500,0.789500
1217826480,0.789600,0.789600,0.789600,0.789600
1217826540,0.789500,0.789600,0.789500,0.789500
1217826600,0.789600,0.789600,0.789500,0.789600
1217827560,0.789500,0.789600,0.789500,0.789600
1217827680,0.789700,0.789800,0.789700,0.789700
1217827800,0.789800,0.789800,0.789800,0.789800
1217827860,0.789700,0.789700,0.789600,0.789700
1217827980,0.789800,0.789800,0.789700,0.789800
1217828340,0.789700,0.789800,0.789700,0.789800
1217828460,0.789900,0.789900,0.789800,0.789800
1217828520,0.789900,0.789900,0.789900,0.789900
1217828580,0.789800,0.789900,0.789800,0.789900
1217828640,0.790000,0.790000,0.789900,0.790000
1217828700,0.789900,0.789900,0.789800,0.789800
1217828760,0.789700,0.789800,0.789700,0.789800
1217828820,0.789700,0.789700,0.789700,0.789700
1217828940,0.789600,0.789700,0.789600,0.789600
1217829000,0.789700,0.789800,0.789700,0.789800
1217829060,0.789700,0.789700,0.789500,0.789500
1217829120,0.789400,0.789700,0.789400,0.789700
1217829180,0.789600,0.789800,0.789600,0.789700
1217829240,0.789800,0.789800,0.789700,0.789700
1217829300,0.789800,0.789900,0.789700,0.789800
1217829360,0.789900,0.789900,0.789900,0.789900
1217829420,0.790000,0.790000,0.790000,0.790000
1217829540,0.789900,0.790000,0.789900,0.790000
1217829600,0.789900,0.790000,0.789700,0.789800
1217829660,0.789900,0.789900,0.789800,0.789900
1217829780,0.789800,0.789800,0.789700,0.789700
1217829840,0.789600,0.790000,0.789600,0.789800
1217829900,0.789900,0.789900,0.789900,0.789900
1217829960,0.790000,0.790100,0.789900,0.790100
1217830020,0.790200,0.790400,0.790200,0.790400
1217830080,0.790500,0.790600,0.790400,0.790500
1217830140,0.790600,0.790700,0.790500,0.790700
1217830200,0.790600,0.790600,0.790400,0.790500
1217830260,0.790400,0.790600,0.790400,0.790600
1217830320,0.790500,0.790600,0.790500,0.790500
1217830380,0.790400,0.790500,0.790400,0.790500
1217830440,0.790400,0.790500,0.790300,0.790400
1217830500,0.790300,0.790500,0.790200,0.790200
1217830560,0.790300,0.790300,0.790200,0.790300
1217830620,0.790200,0.790300,0.790100,0.790300
1217830680,0.790200,0.790300,0.790100,0.790100
1217830740,0.790000,0.790100,0.790000,0.790000
1217830800,0.790100,0.790100,0.790000,0.790000
1217830860,0.790100,0.790100,0.789900,0.789900
1217830920,0.789800,0.789800,0.789800,0.789800
1217830980,0.789900,0.790000,0.789900,0.789900
1217831040,0.790000,0.790000,0.789900,0.790000
1217831100,0.789900,0.789900,0.789900,0.789900
1217831160,0.790000,0.790000,0.790000,0.790000
1217831340,0.789900,0.789900,0.789900,0.789900
1217831400,0.790000,0.790000,0.789900,0.790000
1217831460,0.790100,0.790300,0.790000,0.790100
1217831580,0.790200,0.790200,0.790100,0.790100
1217831640,0.790200,0.790200,0.790100,0.790100
1217831700,0.790200,0.790200,0.790200,0.790200
1217831820,0.790300,0.790300,0.790200,0.790300
1217831880,0.790200,0.790300,0.790200,0.790200
1217831940,0.790300,0.790300,0.790200,0.790300
1217832000,0.790400,0.790400,0.790300,0.790400
1217832060,0.790300,0.790500,0.790300,0.790400
1217832120,0.790500,0.790500,0.790400,0.790400
1217832180,0.790500,0.790500,0.790500,0.790500
1217832240,0.790400,0.790600,0.790300,0.790500
1217832300,0.790600,0.790600,0.790500,0.790500
1217832360,0.790600,0.790700,0.790500,0.790600
1217832420,0.790500,0.790600,0.790500,0.790500
1217832480,0.790400,0.790500,0.790400,0.790500
1217832600,0.790600,0.790600,0.790400,0.790400
1217832660,0.790500,0.790500,0.790300,0.790400
1217832720,0.790500,0.790600,0.790500,0.790600
1217832780,0.790500,0.790600,0.790500,0.790500
1217833020,0.790600,0.790600,0.790600,0.790600
1217833080,0.790700,0.790700,0.790600,0.790600
1217833140,0.790500,0.790600,0.790500,0.790500
1217833200,0.790400,0.790500,0.790400,0.790500
1217833260,0.790400,0.790400,0.790400,0.790400
1217833380,0.790300,0.790300,0.790300,0.790300
1217833440,0.790400,0.790400,0.790300,0.790300
1217833500,0.790400,0.790400,0.790400,0.790400
1217833560,0.790500,0.790500,0.790400,0.790500
1217833620,0.790400,0.790500,0.790400,0.790500
1217833680,0.790600,0.790600,0.790500,0.790500
1217833740,0.790600,0.790600,0.790500,0.790600
1217833800,0.790700,0.790800,0.790700,0.790700
1217833860,0.790600,0.790600,0.790600,0.790600
1217833920,0.790700,0.790800,0.790600,0.790800
1217833980,0.790700,0.790800,0.790700,0.790800
1217834040,0.790900,0.790900,0.790800,0.790900
1217834100,0.790800,0.790900,0.790800,0.790800
1217834160,0.790900,0.790900,0.790900,0.790900
1217834220,0.790800,0.790900,0.790800,0.790900
1217834280,0.790800,0.790900,0.790800,0.790800
1217834340,0.790700,0.790800,0.790600,0.790600
1217834400,0.790700,0.790900,0.790700,0.790900
1217834460,0.791000,0.791000,0.790900,0.790900
1217834520,0.791000,0.791000,0.790900,0.791000
1217834640,0.790900,0.790900,0.790900,0.790900
1217834700,0.791000,0.791000,0.791000,0.791000
1217834760,0.790900,0.791100,0.790900,0.791000
1217834820,0.791100,0.791100,0.791000,0.791000
1217834940,0.790900,0.791000,0.790900,0.791000
1217835000,0.790900,0.791000,0.790800,0.790900
1217835060,0.790800,0.790900,0.790800,0.790800
1217835120,0.790700,0.790800,0.790700,0.790800
1217835180,0.790900,0.790900,0.790900,0.790900
1217835240,0.791000,0.791000,0.791000,0.791000
1217835300,0.791100,0.791100,0.791100,0.791100
1217835360,0.791200,0.791200,0.791100,0.791100
1217835420,0.791000,0.791100,0.790900,0.791000
1217835480,0.791100,0.791100,0.791100,0.791100
1217835540,0.791000,0.791100,0.791000,0.791000
1217835600,0.790900,0.791000,0.790800,0.790800
1217835660,0.790900,0.790900,0.790900,0.790900
1217835720,0.790800,0.790900,0.790800,0.790900
1217835780,0.790800,0.790900,0.790800,0.790900
1217835900,0.791000,0.791000,0.790900,0.791000
1217835960,0.791100,0.791300,0.791000,0.791200
1217836020,0.791300,0.791300,0.791200,0.791200
1217836080,0.791300,0.791400,0.791200,0.791400
1217836140,0.791300,0.791400,0.791200,0.791400
1217836200,0.791500,0.791500,0.791500,0.791500
1217836260,0.791400,0.791700,0.791400,0.791700
1217836320,0.791800,0.791800,0.791700,0.791700
1217836380,0.791600,0.791600,0.791500,0.791600
1217836440,0.791500,0.791700,0.791500,0.791700
1217836560,0.791600,0.791600,0.791600,0.791600
1217836620,0.791700,0.791700,0.791600,0.791600
1217836680,0.791500,0.791500,0.791400,0.791400
1217836740,0.791500,0.791600,0.791400,0.791600
1217836800,0.791500,0.791500,0.791400,0.791400
1217836860,0.791500,0.791500,0.791400,0.791500
1217836920,0.791600,0.791600,0.791600,0.791600
1217836980,0.791700,0.791700,0.791600,0.791600
1217837040,0.791500,0.791600,0.791500,0.791600
1217837100,0.791700,0.791700,0.791600,0.791700
1217837160,0.791600,0.791700,0.791600,0.791700
1217837220,0.791600,0.791700,0.791600,0.791700
1217837280,0.791600,0.791800,0.791600,0.791700
1217837340,0.791800,0.791900,0.791700,0.791800
1217837400,0.791700,0.791800,0.791700,0.791700
1217837460,0.791800,0.791800,0.791700,0.791700
1217837520,0.791600,0.791700,0.791600,0.791700
1217837580,0.791800,0.791800,0.791700,0.791700
1217837640,0.791800,0.791900,0.791800,0.791800
1217837700,0.791900,0.791900,0.791900,0.791900
1217837760,0.792000,0.792000,0.791900,0.792000
1217837880,0.791900,0.791900,0.791900,0.791900
1217837940,0.791800,0.792000,0.791800,0.791900
1217838000,0.792000,0.792000,0.791900,0.791900
1217838060,0.791800,0.791900,0.791800,0.791800
1217838120,0.791900,0.791900,0.791700,0.791700
1217838180,0.791800,0.791900,0.791800,0.791900
1217838240,0.791800,0.791900,0.791800,0.791800
1217838300,0.791900,0.791900,0.791800,0.791900
1217838360,0.791800,0.791900,0.791800,0.791800
1217838420,0.791900,0.791900,0.791800,0.791800
1217838480,0.791900,0.791900,0.791800,0.791800
1217838540,0.791900,0.791900,0.791900,0.791900
1217838600,0.792000,0.792000,0.791500,0.791900
1217838660,0.792000,0.792000,0.791800,0.791800
1217838720,0.791900,0.791900,0.791800,0.791900
1217838780,0.791800,0.792000,0.791800,0.791900
1217838840,0.792000,0.792000,0.791900,0.792000
1217838900,0.791900,0.792000,0.791900,0.791900
1217838960,0.792000,0.792000,0.791900,0.791900
1217839080,0.791800,0.791900,0.791800,0.791900
1217839140,0.791800,0.792000,0.791800,0.791900
1217839200,0.791800,0.791900,0.791800,0.791800
1217839260,0.791900,0.791900,0.791800,0.791900
1217839320,0.791800,0.791900,0.791800,0.791800
1217839380,0.791700,0.791700,0.791600,0.791700
1217839440,0.791600,0.791800,0.791600,0.791800
1217839500,0.791700,0.791800,0.791700,0.791800
1217839620,0.791900,0.791900,0.791800,0.791800
1217839680,0.791900,0.791900,0.791800,0.791800
1217839740,0.791900,0.791900,0.791900,0.791900
1217839800,0.792000,0.792000,0.791900,0.792000
1217839860,0.791900,0.792000,0.791900,0.792000
1217839920,0.791900,0.791900,0.791600,0.791600
1217839980,0.791500,0.791700,0.791500,0.791700
1217840040,0.791600,0.791700,0.791600,0.791600
1217840100,0.791700,0.791700,0.791600,0.791600
1217840160,0.791500,0.791600,0.791400,0.791500
1217840280,0.791600,0.791600,0.791500,0.791600
1217840340,0.791700,0.791700,0.791600,0.791600
1217840400,0.791700,0.791700,0.791600,0.791600
1217840460,0.791700,0.791700,0.791500,0.791600
1217840520,0.791500,0.791500,0.791400,0.791400
1217840580,0.791500,0.791500,0.791400,0.791500
1217840640,0.791400,0.791600,0.791400,0.791600
1217840700,0.791500,0.791600,0.791500,0.791600
1217840760,0.791500,0.791600,0.791500,0.791500
1217840820,0.791400,0.791500,0.791400,0.791400
1217840880,0.791300,0.791500,0.791300,0.791400
1217840940,0.791500,0.791600,0.791500,0.791600
1217841000,0.791700,0.791700,0.791600,0.791700
1217841060,0.791600,0.791700,0.791500,0.791600
1217841120,0.791700,0.791800,0.791600,0.791800
1217841180,0.791700,0.791800,0.791700,0.791800
1217841240,0.791900,0.791900,0.791800,0.791900
1217841300,0.791800,0.791900,0.791800,0.791900
1217841360,0.791800,0.791900,0.791800,0.791800
1217841420,0.791900,0.791900,0.791700,0.791700
1217841480,0.791800,0.791800,0.791700,0.791700
1217841540,0.791600,0.791700,0.791600,0.791600
1217841600,0.791500,0.791800,0.791500,0.791800
1217841660,0.791700,0.791800,0.791700,0.791800
1217841720,0.791700,0.791800,0.791600,0.791700
1217841780,0.791600,0.791700,0.791500,0.791600
1217841840,0.791500,0.791600,0.791500,0.791600
1217841900,0.791700,0.791700,0.791700,0.791700
1217841960,0.791800,0.791800,0.791600,0.791600
1217842020,0.791700,0.791700,0.791600,0.791700
1217842080,0.791600,0.791600,0.791500,0.791500
1217842140,0.791600,0.791700,0.791600,0.791700
1217842200,0.791600,0.791600,0.791500,0.791500
1217842260,0.791400,0.791600,0.791400,0.791500
1217842320,0.791600,0.791600,0.791500,0.791500
1217842380,0.791600,0.791600,0.791500,0.791500
1217842440,0.791600,0.791700,0.791600,0.791600
1217842500,0.791700,0.791700,0.791600,0.791700
1217842560,0.791600,0.791700,0.791600,0.791700
1217842620,0.791800,0.791800,0.791400,0.791500
1217842680,0.791600,0.791600,0.791300,0.791400
1217842740,0.791500,0.791600,0.791400,0.791600
1217842800,0.791500,0.791800,0.791500,0.791500
1217842860,0.791600,0.791600,0.791600,0.791600
1217842920,0.791500,0.791600,0.791500,0.791600
1217842980,0.791500,0.791800,0.791500,0.791700
1217843040,0.791800,0.791900,0.791800,0.791900
1217843100,0.792000,0.792000,0.791900,0.792000
1217843160,0.791900,0.792000,0.791900,0.791900
1217843220,0.791800,0.791900,0.791800,0.791800
1217843280,0.791700,0.791800,0.791700,0.791800
1217843340,0.791700,0.791800,0.791600,0.791800
1217843400,0.791700,0.791700,0.791400,0.791400
1217843460,0.791500,0.791600,0.791400,0.791600
1217843520,0.791700,0.791700,0.791500,0.791600
1217843580,0.791700,0.791700,0.791600,0.791600
1217843640,0.791700,0.791700,0.791600,0.791600
1217843700,0.791500,0.791600,0.791500,0.791500
1217843760,0.791600,0.791700,0.791600,0.791700
1217843820,0.791600,0.791600,0.791400,0.791400
1217843880,0.791300,0.791400,0.791300,0.791300
1217843940,0.791200,0.791300,0.791200,0.791300
1217844000,0.791200,0.791200,0.791200,0.791200
1217844060,0.791100,0.791200,0.791100,0.791200
1217844120,0.791300,0.791300,0.791200,0.791200
1217844180,0.791300,0.791400,0.791300,0.791300
1217844240,0.791200,0.791200,0.791100,0.791100
1217844300,0.791200,0.791200,0.791200,0.791200
1217844360,0.791300,0.791400,0.791200,0.791300
1217844420,0.791400,0.791400,0.791400,0.791400
1217844480,0.791500,0.791500,0.791400,0.791500
1217844540,0.791400,0.791800,0.791400,0.791800
1217844600,0.791700,0.791700,0.791700,0.791700
1217844660,0.791800,0.791800,0.791800,0.791800
1217844720,0.791900,0.791900,0.791700,0.791800
1217844780,0.791900,0.791900,0.791800,0.791800
1217844900,0.791700,0.791700,0.791700,0.791700
1217844960,0.791800,0.791800,0.791700,0.791700
1217845020,0.791600,0.791700,0.791600,0.791600
1217845080,0.791700,0.791700,0.791600,0.791700
1217845140,0.791800,0.791800,0.791700,0.791700
1217845200,0.791800,0.791800,0.791600,0.791600
1217845260,0.791700,0.791700,0.791600,0.791700
1217845320,0.791600,0.791700,0.791600,0.791700
1217845380,0.791800,0.791800,0.791700,0.791700
1217845440,0.791800,0.791800,0.791700,0.791800
1217845500,0.791700,0.791800,0.791600,0.791700
1217845560,0.791600,0.791700,0.791600,0.791600
1217845620,0.791500,0.791600,0.791500,0.791500
1217845680,0.791400,0.791400,0.791400,0.791400
1217845740,0.791300,0.791400,0.791300,0.791400
1217845800,0.791300,0.791400,0.791300,0.791300
1217845860,0.791200,0.791300,0.791200,0.791300
1217845920,0.791200,0.791300,0.791200,0.791200
1217845980,0.791300,0.791400,0.791300,0.791400
1217846040,0.791300,0.791400,0.791300,0.791400
1217846100,0.791500,0.791600,0.791400,0.791600
1217846280,0.791500,0.791600,0.791500,0.791600
1217846460,0.791700,0.791700,0.791600,0.791600
1217846520,0.791700,0.791800,0.791700,0.791700
1217846580,0.791800,0.791800,0.791700,0.791700
1217846640,0.791800,0.792000,0.791800,0.791800
1217846700,0.791900,0.791900,0.791800,0.791800
1217846760,0.791900,0.791900,0.791800,0.791800
1217846820,0.791900,0.791900,0.791800,0.791900
1217846880,0.792000,0.792000,0.791900,0.791900
1217846940,0.792000,0.792000,0.791900,0.791900
1217847000,0.792000,0.792000,0.791900,0.791900
1217847060,0.792000,0.792000,0.792000,0.792000
1217847120,0.792100,0.792100,0.792000,0.792000
1217847180,0.792100,0.792100,0.792000,0.792100
1217847240,0.792000,0.792200,0.792000,0.792200
1217847300,0.792300,0.792300,0.792200,0.792200
1217847360,0.792100,0.792100,0.792000,0.792000
1217847420,0.792100,0.792100,0.792100,0.792100
1217847480,0.792200,0.792300,0.792200,0.792300
1217847540,0.792400,0.792400,0.792400,0.792400
1217847600,0.792300,0.792500,0.792300,0.792400
1217847660,0.792500,0.792500,0.792400,0.792500
1217847720,0.792600,0.792600,0.792600,0.792600
1217847840,0.792500,0.792600,0.792500,0.792600
1217847900,0.792500,0.792600,0.792500,0.792500
1217847960,0.792600,0.792600,0.792500,0.792600
1217848020,0.792700,0.792700,0.792600,0.792600
1217848080,0.792700,0.792700,0.792600,0.792600
1217848140,0.792700,0.792800,0.792700,0.792700
1217848200,0.792800,0.792800,0.792700,0.792800
1217848320,0.792700,0.792700,0.792600,0.792600
1217848380,0.792500,0.792500,0.792500,0.792500
1217848440,0.792600,0.792600,0.792500,0.792600
1217848500,0.792500,0.792600,0.792500,0.792500
1217848560,0.792600,0.792600,0.792500,0.792500
1217848620,0.792600,0.792600,0.792500,0.792600
1217848680,0.792500,0.792600,0.792500,0.792500
1217848860,0.792600,0.792600,0.792500,0.792600
1217848920,0.792500,0.792500,0.792500,0.792500
1217848980,0.792400,0.792500,0.792400,0.792500
1217849100,0.792400,0.792500,0.792400,0.792500
1217849160,0.792400,0.792400,0.792400,0.792400
1217849220,0.792500,0.792500,0.792300,0.792300
1217849340,0.792400,0.792400,0.792400,0.792400
1217849400,0.792500,0.792500,0.792400,0.792500
1217849460,0.792400,0.792500,0.792400,0.792400
1217849700,0.792300,0.792300,0.792300,0.792300
1217849760,0.792400,0.792400,0.792200,0.792200
1217849820,0.792300,0.792300,0.792000,0.792000
1217849880,0.791900,0.792000,0.791900,0.791900
1217849940,0.792000,0.792100,0.791900,0.792000
1217850060,0.791900,0.792000,0.791900,0.792000
1217850120,0.791900,0.792000,0.791900,0.792000
1217850180,0.791900,0.792000,0.791900,0.791900
1217850240,0.791800,0.791900,0.791700,0.791800
1217850300,0.791900,0.791900,0.791900,0.791900
1217850360,0.791800,0.791900,0.791800,0.791800
1217850420,0.791900,0.791900,0.791900,0.791900
1217850480,0.792000,0.792000,0.791900,0.792000
1217850600,0.792100,0.792100,0.792100,0.792100
1217850660,0.792000,0.792100,0.792000,0.792100
1217850720,0.792000,0.792000,0.792000,0.792000
1217850780,0.792100,0.792100,0.792100,0.792100
1217850900,0.792000,0.792000,0.792000,0.792000
1217850960,0.792100,0.792100,0.792000,0.792000
1217851020,0.791900,0.791900,0.791900,0.791900
1217851080,0.792000,0.792000,0.791700,0.791800
1217851140,0.791900,0.791900,0.791900,0.791900
1217851260,0.792000,0.792000,0.791900,0.792000
1217851320,0.791900,0.791900,0.791800,0.791900
1217851380,0.792000,0.792000,0.791900,0.792000
1217851440,0.792100,0.792100,0.791900,0.791900
1217851560,0.792000,0.792000,0.792000,0.792000
1217851620,0.791900,0.792000,0.791900,0.792000
1217851680,0.791900,0.792000,0.791900,0.792000
1217851740,0.791900,0.792000,0.791900,0.791900
1217851800,0.792000,0.792000,0.791900,0.791900
1217851860,0.791800,0.791900,0.791800,0.791900
1217851980,0.792000,0.792000,0.791900,0.792000
1217852040,0.791900,0.791900,0.791700,0.791900
1217852100,0.791800,0.791900,0.791800,0.791900
1217852280,0.792000,0.792000,0.791900,0.791900
1217852400,0.792000,0.792000,0.791900,0.792000
1217852460,0.791900,0.792000,0.791900,0.791900
1217852520,0.792000,0.792200,0.792000,0.792200
1217852640,0.792300,0.792300,0.792300,0.792300
1217852700,0.792400,0.792400,0.792200,0.792200
1217852760,0.792300,0.792300,0.792100,0.792100
1217852880,0.792200,0.792200,0.792100,0.792100
1217852940,0.792200,0.792200,0.792100,0.792100
1217853000,0.792200,0.792300,0.792100,0.792100
1217853060,0.792000,0.792100,0.791700,0.791700
1217853120,0.791800,0.791800,0.791700,0.791800
1217853180,0.791900,0.791900,0.791800,0.791800
1217853240,0.791700,0.791800,0.791700,0.791800
1217853300,0.791700,0.791800,0.791700,0.791800
1217853360,0.791900,0.791900,0.791800,0.791800
1217853420,0.791900,0.791900,0.791800,0.791900
1217853480,0.791800,0.792000,0.791800,0.792000
1217853540,0.791900,0.792000,0.791900,0.792000
1217853600,0.791900,0.792000,0.791900,0.792000
1217853780,0.792100,0.792100,0.792000,0.792000
1217853840,0.792100,0.792100,0.792000,0.792100
1217853900,0.792200,0.792300,0.792100,0.792200
1217854020,0.792100,0.792200,0.792100,0.792100
1217854080,0.792200,0.792300,0.792100,0.792200
1217854140,0.792100,0.792200,0.792100,0.792200
1217854200,0.792300,0.792300,0.792200,0.792300
1217854320,0.792400,0.792400,0.792300,0.792300
1217854380,0.792400,0.792400,0.792200,0.792300
1217854440,0.792200,0.792200,0.792100,0.792200
1217854500,0.792100,0.792200,0.792100,0.792100
1217854560,0.792000,0.792100,0.792000,0.792100
1217854620,0.792200,0.792200,0.792100,0.792200
1217854740,0.792100,0.792100,0.792000,0.792000
1217854800,0.792100,0.792100,0.792000,0.792000
1217854860,0.792100,0.792100,0.792000,0.792000
1217854920,0.792100,0.792100,0.792000,0.792000
1217854980,0.791900,0.792000,0.791900,0.792000
1217855100,0.792100,0.792200,0.792000,0.792000
1217855160,0.791900,0.792000,0.791900,0.791900
1217855220,0.791800,0.791900,0.791800,0.791900
1217855280,0.791800,0.791900,0.791800,0.791900
1217855340,0.791800,0.792000,0.791800,0.791900
1217855400,0.791800,0.791900,0.791800,0.791900
1217855460,0.792000,0.792000,0.791900,0.791900
1217855520,0.791800,0.791900,0.791800,0.791900
1217855580,0.791800,0.791900,0.791800,0.791800
1217855640,0.791900,0.792000,0.791900,0.792000
1217855700,0.791900,0.792100,0.791900,0.792000
1217855760,0.791900,0.791900,0.791800,0.791800
1217855820,0.791700,0.791800,0.791700,0.791800
1217855880,0.791900,0.791900,0.791800,0.791800
1217855940,0.791900,0.791900,0.791800,0.791800
1217856000,0.791900,0.791900,0.791800,0.791900
1217856060,0.791800,0.791900,0.791800,0.791800
1217856120,0.791700,0.791800,0.791700,0.791800
1217856180,0.791700,0.791900,0.791700,0.791900
1217856240,0.791800,0.791900,0.791800,0.791900
1217856360,0.791800,0.791900,0.791800,0.791900
1217856420,0.792000,0.792100,0.792000,0.792000
1217856480,0.792100,0.792200,0.792100,0.792100
1217856600,0.792000,0.792100,0.792000,0.792100
1217856660,0.792000,0.792100,0.792000,0.792000
1217856720,0.792100,0.792100,0.792100,0.792100
1217856780,0.792000,0.792100,0.792000,0.792000
1217856840,0.792100,0.792100,0.792000,0.792100
1217856960,0.792000,0.792100,0.792000,0.792100
1217857080,0.792200,0.792200,0.792100,0.792200
1217857140,0.792300,0.792300,0.792200,0.792200
1217857200,0.792300,0.792300,0.792200,0.792300
1217857260,0.792200,0.792400,0.792200,0.792300
1217857320,0.792400,0.792600,0.792400,0.792600
1217857380,0.792500,0.792500,0.792400,0.792500
1217857440,0.792400,0.792500,0.792400,0.792400
1217857500,0.792500,0.792500,0.792500,0.792500
1217857560,0.792400,0.792600,0.792400,0.792600
1217857620,0.792700,0.792700,0.792600,0.792600
1217857680,0.792500,0.792600,0.792500,0.792500
1217857740,0.792400,0.792400,0.792300,0.792300
1217857800,0.792400,0.792400,0.792200,0.792200
1217857860,0.792100,0.792100,0.791900,0.791900
1217857920,0.792000,0.792000,0.791900,0.792000
1217857980,0.792100,0.792100,0.792100,0.792100
1217858040,0.792000,0.792100,0.792000,0.792000
1217858100,0.792100,0.792100,0.792000,0.792100
1217858160,0.792200,0.792200,0.792100,0.792100
1217858220,0.792000,0.792000,0.791900,0.792000
1217858280,0.791900,0.791900,0.791900,0.791900
1217858340,0.792000,0.792000,0.792000,0.792000
1217858400,0.792200,0.792200,0.792000,0.792100
1217858460,0.792200,0.792600,0.792200,0.792400
1217858520,0.792500,0.792500,0.792400,0.792400
1217858640,0.792300,0.792500,0.792300,0.792400
1217858700,0.792500,0.792500,0.792400,0.792400
1217858760,0.792300,0.792300,0.792200,0.792200
1217858820,0.792300,0.792300,0.792200,0.792300
1217858880,0.792200,0.792400,0.792200,0.792400
1217858940,0.792500,0.792500,0.792400,0.792400
1217859000,0.792500,0.792500,0.792400,0.792500
1217859060,0.792600,0.792600,0.792500,0.792500
1217859120,0.792600,0.792600,0.792500,0.792500
1217859180,0.792400,0.792400,0.792200,0.792300
1217859240,0.792400,0.792600,0.792400,0.792600
1217859300,0.792700,0.793000,0.792700,0.792900
1217859360,0.792800,0.792900,0.792700,0.792800
1217859420,0.792900,0.792900,0.792800,0.792800
1217859540,0.792700,0.793000,0.792700,0.793000
1217859600,0.792900,0.793000,0.792700,0.792900
1217859660,0.793000,0.793100,0.793000,0.793100
1217859720,0.793000,0.793100,0.792900,0.792900
1217859780,0.793000,0.793100,0.793000,0.793000
1217859840,0.792900,0.793000,0.792900,0.793000
1217859900,0.792900,0.792900,0.792800,0.792900
1217859960,0.792800,0.792900,0.792800,0.792900
1217860020,0.792800,0.792800,0.792800,0.792800
1217860080,0.792900,0.793000,0.792800,0.793000
1217860140,0.793100,0.793100,0.792900,0.793000
1217860200,0.792900,0.793000,0.792900,0.793000
1217860260,0.792900,0.793100,0.792900,0.793000
1217860320,0.793100,0.793100,0.793000,0.793000
1217860380,0.792900,0.792900,0.792900,0.792900
1217860440,0.793000,0.793100,0.793000,0.793100
1217860500,0.793000,0.793100,0.793000,0.793000
1217860560,0.792900,0.793000,0.792900,0.793000
1217860620,0.792900,0.793000,0.792800,0.792900
1217860680,0.792800,0.792900,0.792800,0.792800
1217860740,0.792900,0.792900,0.792800,0.792800
1217860800,0.792900,0.792900,0.792800,0.792800
1217860860,0.792900,0.793000,0.792800,0.792900
1217860920,0.793000,0.793100,0.793000,0.793100
1217860980,0.793000,0.793300,0.793000,0.793300
1217861040,0.793200,0.793300,0.793200,0.793300
1217861100,0.793400,0.793400,0.793400,0.793400
1217861160,0.793500,0.793500,0.793400,0.793500
1217861220,0.793600,0.793600,0.793500,0.793600
1217861280,0.793500,0.793600,0.793500,0.793600
1217861340,0.793700,0.793800,0.793700,0.793800
1217861400,0.793700,0.793700,0.793600,0.793700
1217861460,0.793800,0.793800,0.793700,0.793700
1217861520,0.793800,0.793900,0.793700,0.793900
1217861580,0.793800,0.794000,0.793800,0.794000
1217861640,0.793900,0.793900,0.793900,0.793900
1217861700,0.793800,0.793900,0.793800,0.793800
1217861760,0.793900,0.794000,0.793900,0.793900
1217861820,0.794000,0.794000,0.793900,0.794000
1217861880,0.793900,0.794100,0.793900,0.794100
1217861940,0.794000,0.794300,0.794000,0.794200
1217862000,0.794300,0.794600,0.794200,0.794400
1217862060,0.794500,0.794500,0.794400,0.794400
1217862120,0.794500,0.794500,0.794400,0.794500
1217862300,0.794400,0.794500,0.794400,0.794400
1217862360,0.794300,0.794400,0.794300,0.794300
1217862420,0.794200,0.794400,0.794200,0.794300
1217862480,0.794200,0.794300,0.794200,0.794200
1217862540,0.794300,0.794300,0.794200,0.794300
1217862600,0.794200,0.794300,0.794200,0.794300
1217862660,0.794400,0.794400,0.794300,0.794400
1217862720,0.794500,0.794600,0.794500,0.794500
1217862780,0.794600,0.794600,0.794500,0.794500
1217862840,0.794600,0.794600,0.794500,0.794600
1217862900,0.794700,0.794700,0.794500,0.794600
1217862960,0.794500,0.794800,0.794500,0.794800
1217863020,0.794700,0.794700,0.794400,0.794500
1217863080,0.794400,0.794400,0.794300,0.794300
1217863140,0.794200,0.794300,0.794200,0.794300
1217863200,0.794200,0.794300,0.794200,0.794200
1217863260,0.794300,0.794300,0.794200,0.794300
1217863320,0.794200,0.794300,0.794200,0.794300
1217863380,0.794400,0.794400,0.794300,0.794300
1217863440,0.794400,0.794400,0.794300,0.794300
1217863500,0.794200,0.794400,0.794200,0.794300
1217863560,0.794200,0.794300,0.794200,0.794300
1217863620,0.794200,0.794300,0.794200,0.794200
1217863680,0.794300,0.794400,0.794300,0.794300
1217863740,0.794400,0.794400,0.794400,0.794400
1217863800,0.794300,0.794500,0.794300,0.794400
1217863860,0.794500,0.794500,0.794400,0.794400
1217863920,0.794300,0.794700,0.794300,0.794400
1217863980,0.794300,0.794500,0.794200,0.794300
1217864040,0.794400,0.794500,0.794400,0.794500
1217864100,0.794400,0.794600,0.794400,0.794500
1217864160,0.794400,0.794600,0.794400,0.794400
1217864220,0.794500,0.794500,0.794200,0.794300
1217864280,0.794200,0.794300,0.794200,0.794200
1217864340,0.794100,0.794300,0.794000,0.794000
1217864400,0.794100,0.794300,0.794000,0.794200
1217864460,0.794100,0.794200,0.794000,0.794000
1217864520,0.794100,0.794100,0.794000,0.794000
1217864580,0.793900,0.794100,0.793900,0.794100
1217864640,0.794000,0.794100,0.794000,0.794100
1217864700,0.794000,0.794100,0.794000,0.794100
1217864760,0.794000,0.794100,0.794000,0.794000
1217864820,0.793900,0.793900,0.793900,0.793900
1217864880,0.794000,0.794000,0.793900,0.794000
1217864940,0.793900,0.794100,0.793900,0.794000
1217865000,0.794100,0.794400,0.794100,0.794300
1217865060,0.794400,0.794500,0.794300,0.794400
1217865120,0.794300,0.794500,0.794300,0.794400
1217865180,0.794500,0.794500,0.794400,0.794400
1217865240,0.794500,0.794500,0.794300,0.794300
1217865360,0.794200,0.794200,0.794200,0.794200
1217865420,0.794300,0.794300,0.794200,0.794200
1217865480,0.794300,0.794300,0.794300,0.794300
1217865540,0.794200,0.794300,0.794200,0.794300
1217865600,0.794200,0.794300,0.794200,0.794300
1217865780,0.794400,0.794400,0.794400,0.794400
1217865840,0.794300,0.794400,0.794300,0.794400
1217865900,0.794500,0.794500,0.794500,0.794500
1217865960,0.794400,0.794500,0.794300,0.794300
1217866020,0.794200,0.794300,0.794200,0.794200
1217866080,0.794300,0.794300,0.794100,0.794200
1217866140,0.794100,0.794200,0.794100,0.794200
1217866260,0.794100,0.794100,0.794100,0.794100
1217866320,0.794000,0.794100,0.794000,0.794000
1217866440,0.793900,0.794100,0.793900,0.794000
1217866500,0.793900,0.794000,0.793900,0.794000
1217866560,0.793900,0.794000,0.793900,0.794000
1217866620,0.793900,0.794000,0.793900,0.794000
1217866680,0.793900,0.793900,0.793900,0.793900
1217866740,0.794000,0.794000,0.793900,0.793900
1217866800,0.794000,0.794000,0.794000,0.794000
1217866860,0.793900,0.794000,0.793900,0.794000
1217866980,0.793900,0.793900,0.793900,0.793900
1217867040,0.794000,0.794000,0.794000,0.794000
1217867220,0.794100,0.794100,0.794000,0.794100
1217867820,0.794200,0.794200,0.794100,0.794100
1217867880,0.794200,0.794200,0.794100,0.794100
1217867940,0.794200,0.794200,0.794200,0.794200
1217868000,0.794300,0.794300,0.794200,0.794300
1217868060,0.794200,0.794300,0.794200,0.794200
1217868180,0.794300,0.794300,0.794300,0.794300
1217868240,0.794200,0.794300,0.794200,0.794200
1217868300,0.794300,0.794300,0.794300,0.794300
1217868480,0.794400,0.794400,0.794400,0.794400
1217868540,0.794300,0.794400,0.794200,0.794300
1217868600,0.794200,0.794300,0.794200,0.794200
1217868660,0.794300,0.794300,0.794200,0.794300
1217868780,0.794200,0.794200,0.794200,0.794200
1217868840,0.794300,0.794300,0.794300,0.794300
1217868900,0.794400,0.794400,0.794300,0.794300
1217868960,0.794200,0.794200,0.794200,0.794200
1217869140,0.794100,0.794200,0.794000,0.794200
1217869200,0.794100,0.794200,0.794100,0.794200
1217869260,0.794100,0.794100,0.794100,0.794100
1217869320,0.794200,0.794200,0.794200,0.794200
1217869380,0.794300,0.794400,0.794200,0.794200
1217869440,0.794300,0.794300,0.794200,0.794200
1217869500,0.794300,0.794300,0.794200,0.794200
1217869560,0.794300,0.794300,0.794200,0.794300
1217869620,0.794200,0.794300,0.794200,0.794300
1217869860,0.794400,0.794400,0.794300,0.794300
1217869920,0.794200,0.794200,0.794200,0.794200
1217869980,0.794300,0.794300,0.794200,0.794200
1217870040,0.794100,0.794100,0.794100,0.794100
1217870100,0.794000,0.794200,0.794000,0.794100
1217870160,0.794200,0.794200,0.794100,0.794100
1217870220,0.794000,0.794000,0.794000,0.794000
1217870280,0.793900,0.793900,0.793900,0.793900
1217870340,0.794000,0.794000,0.793900,0.793900
1217870400,0.794000,0.794000,0.794000,0.794000
1217871000,0.794100,0.794300,0.794100,0.794100
1217871060,0.794000,0.794100,0.794000,0.794100
1217871180,0.794000,0.794000,0.794000,0.794000
1217871300,0.793900,0.794000,0.793900,0.794000
1217871420,0.794100,0.794100,0.794000,0.794100
1217871540,0.794000,0.794100,0.794000,0.794100
1217871720,0.794000,0.794100,0.794000,0.794000
1217871780,0.794100,0.794100,0.794100,0.794100
1217872020,0.794200,0.794200,0.794100,0.794100
1217872080,0.794200,0.794200,0.794100,0.794200
1217872140,0.794100,0.794200,0.794100,0.794100
1217872200,0.794000,0.794100,0.794000,0.794100
1217872260,0.794000,0.794100,0.794000,0.794000
1217872320,0.794100,0.794100,0.794000,0.794000
1217872560,0.794100,0.794100,0.794000,0.794000
1217872620,0.794100,0.794100,0.794100,0.794100
1217872800,0.794200,0.794200,0.794100,0.794200
1217872920,0.794300,0.794300,0.794200,0.794200
1217872980,0.794300,0.794300,0.794200,0.794300
1217873100,0.794200,0.794200,0.794200,0.794200
1217873280,0.794300,0.794300,0.794200,0.794200
1217873340,0.794300,0.794400,0.794300,0.794400
1217873400,0.794500,0.794500,0.794400,0.794500
1217873460,0.794400,0.794500,0.794400,0.794500
1217873520,0.794400,0.794400,0.794300,0.794400
1217873700,0.794300,0.794300,0.794300,0.794300
1217873760,0.794400,0.794400,0.794400,0.794400
1217873820,0.794300,0.794300,0.794300,0.794300
1217873940,0.794400,0.794400,0.794300,0.794300
1217874120,0.794200,0.794300,0.794200,0.794200
1217874180,0.794300,0.794300,0.794200,0.794300
1217874480,0.794400,0.794400,0.794300,0.794300
1217874540,0.794400,0.794400,0.794300,0.794400
1217874600,0.794500,0.794500,0.794500,0.794500
1217874660,0.794400,0.794400,0.794300,0.794300
1217874960,0.794400,0.794400,0.794300,0.794300
1217875080,0.794400,0.794400,0.794400,0.794400
1217875200,0.794300,0.794400,0.794300,0.794300
1217875500,0.794200,0.794300,0.794200,0.794200
1217875560,0.794100,0.794100,0.794100,0.794100
1217875740,0.794000,0.794100,0.794000,0.794000
1217875800,0.793900,0.794000,0.793900,0.794000
1217875920,0.794100,0.794100,0.794000,0.794000
1217876160,0.794100,0.794100,0.794000,0.794100
1217876220,0.794000,0.794100,0.794000,0.794000
1217876340,0.794100,0.794100,0.794000,0.794100
1217876400,0.794200,0.794300,0.794100,0.794200
1217876460,0.794300,0.794300,0.794200,0.794300
1217876520,0.794200,0.794300,0.794200,0.794300
1217876580,0.794200,0.794200,0.794100,0.794100
1217876640,0.794000,0.794100,0.794000,0.794000
1217876700,0.794100,0.794100,0.794000,0.794100
1217877240,0.794000,0.794000,0.794000,0.794000
1217877420,0.794100,0.794100,0.794000,0.794100
1217877480,0.794000,0.794100,0.794000,0.794100
1217877540,0.794000,0.794100,0.794000,0.794100
1217877660,0.794000,0.794000,0.794000,0.794000
1217877960,0.794100,0.794100,0.794100,0.794100
1217878020,0.794000,0.794100,0.794000,0.794100
1217878080,0.794000,0.794100,0.794000,0.794100
1217878200,0.794200,0.794200,0.794100,0.794200
1217878260,0.794100,0.794200,0.794100,0.794100
1217878740,0.794000,0.794100,0.794000,0.794000
1217878860,0.794100,0.794100,0.794000,0.794000
1217878920,0.794100,0.794100,0.794100,0.794100
1217878980,0.794000,0.794100,0.794000,0.794100
1217879100,0.794000,0.794000,0.794000,0.794000
1217879160,0.794100,0.794100,0.794100,0.794100
1217879220,0.794200,0.794400,0.794200,0.794400
1217879280,0.794300,0.794400,0.794200,0.794200
1217879580,0.794100,0.794100,0.794100,0.794100
1217879700,0.794200,0.794200,0.794100,0.794100
1217879760,0.794200,0.794200,0.794200,0.794200
1217879820,0.794100,0.794200,0.794100,0.794100
1217879880,0.794200,0.794200,0.794100,0.794100
1217880000,0.794000,0.794100,0.794000,0.794100
1217880060,0.794200,0.794200,0.794100,0.794200
1217880120,0.794100,0.794100,0.794100,0.794100
1217880180,0.794200,0.794200,0.794200,0.794200
1217880240,0.794100,0.794200,0.794100,0.794100
1217880360,0.794000,0.794000,0.794000,0.794000
1217880540,0.794100,0.794100,0.794000,0.794000
1217880600,0.793900,0.794000,0.793900,0.793900
1217880660,0.794000,0.794000,0.793900,0.793900
1217880720,0.794000,0.794100,0.794000,0.794000
1217880900,0.793900,0.793900,0.793900,0.793900
1217880960,0.794000,0.794000,0.793900,0.794000
1217881020,0.793900,0.794000,0.793900,0.794000
1217881080,0.793900,0.794000,0.793900,0.794000
1217881200,0.793900,0.794000,0.793900,0.794000
1217881260,0.793900,0.794000,0.793900,0.794000
1217881320,0.793900,0.794000,0.793900,0.793900
1217881380,0.793800,0.793800,0.793800,0.793800
1217881440,0.793900,0.793900,0.793800,0.793900
1217881500,0.794000,0.794000,0.794000,0.794000
1217881560,0.793900,0.793900,0.793900,0.793900
1217881680,0.794000,0.794000,0.793900,0.793900
1217881740,0.794000,0.794000,0.794000,0.794000
1217881860,0.793900,0.794000,0.793900,0.793900
1217882520,0.793800,0.794000,0.793800,0.793900
1217882580,0.794000,0.794000,0.793900,0.794000
1217882640,0.794100,0.794200,0.794100,0.794200
1217882700,0.794100,0.794200,0.794000,0.794000
1217882820,0.793900,0.794000,0.793900,0.794000
1217882880,0.793900,0.793900,0.793900,0.793900
1217882940,0.794000,0.794000,0.794000,0.794000
1217883000,0.794100,0.794200,0.794000,0.794200
1217883120,0.794100,0.794200,0.794100,0.794200
1217883180,0.794100,0.794200,0.794100,0.794200
1217883240,0.794100,0.794200,0.794100,0.794100
1217883300,0.794200,0.794200,0.794100,0.794100
1217883360,0.794200,0.794200,0.794100,0.794200
1217883480,0.794100,0.794200,0.794000,0.794000
1217883540,0.794100,0.794100,0.794100,0.794100
1217883660,0.794000,0.794100,0.794000,0.794100
1217883780,0.794000,0.794100,0.794000,0.794100
1217883900,0.794200,0.794200,0.794100,0.794100
1217883960,0.794000,0.794000,0.794000,0.794000
1217884020,0.794100,0.794200,0.794100,0.794200
1217884080,0.794100,0.794100,0.794100,0.794100
1217884140,0.794200,0.794200,0.794200,0.794200
1217884200,0.794300,0.794400,0.794300,0.794300
1217884260,0.794400,0.794400,0.794300,0.794400
1217884380,0.794300,0.794400,0.794300,0.794300
1217884440,0.794200,0.794300,0.794200,0.794300
1217884500,0.794400,0.794400,0.794300,0.794300
1217884560,0.794400,0.794400,0.794400,0.794400
1217884740,0.794300,0.794400,0.794300,0.794400
1217884800,0.794500,0.794500,0.794300,0.794400
1217885160,0.794500,0.794600,0.794500,0.794500
1217885460,0.794400,0.794400,0.794400,0.794400
1217885580,0.794300,0.794400,0.794300,0.794300
1217885640,0.794200,0.794200,0.794200,0.794200
1217885700,0.794100,0.794100,0.794100,0.794100
1217885760,0.794300,0.794300,0.794200,0.794200
1217885940,0.794100,0.794200,0.794100,0.794100
1217886060,0.794200,0.794200,0.794100,0.794100
1217886120,0.794200,0.794200,0.794200,0.794200
1217886180,0.794100,0.794100,0.794100,0.794100
1217886240,0.794200,0.794200,0.794100,0.794200
1217886300,0.794100,0.794200,0.794100,0.794200
1217886360,0.794300,0.794300,0.794200,0.794300
1217886420,0.794200,0.794300,0.794200,0.794300
1217886480,0.794200,0.794200,0.794200,0.794200
1217886540,0.794300,0.794400,0.794200,0.794200
1217886600,0.794100,0.794100,0.794100,0.794100
1217886660,0.794200,0.794200,0.794100,0.794100
1217886720,0.794200,0.794200,0.794100,0.794200
1217886900,0.794300,0.794300,0.794200,0.794200
1217886960,0.794300,0.794300,0.794300,0.794300
1217887020,0.794200,0.794300,0.794200,0.794300
1217887080,0.794200,0.794200,0.794200,0.794200
1217887200,0.794100,0.794200,0.794100,0.794200
1217887260,0.794100,0.794200,0.794100,0.794200
1217887320,0.794100,0.794200,0.794100,0.794100
1217887380,0.794200,0.794200,0.794100,0.794100
1217887440,0.794200,0.794200,0.794100,0.794100
1217887620,0.794200,0.794200,0.794200,0.794200
1217887800,0.794100,0.794100,0.794100,0.794100
1217887920,0.794000,0.794100,0.794000,0.794100
1217888100,0.794200,0.794200,0.794100,0.794100
1217888160,0.794200,0.794200,0.794100,0.794200
1217888220,0.794100,0.794100,0.794100,0.794100
1217888280,0.794200,0.794200,0.794200,0.794200
1217888340,0.794100,0.794100,0.794100,0.794100
1217889240,0.794000,0.794000,0.794000,0.794000
1217889360,0.794100,0.794100,0.794100,0.794100
1217889420,0.794200,0.794200,0.794100,0.794100
1217889480,0.794200,0.794200,0.794100,0.794100
1217889540,0.794200,0.794200,0.794200,0.794200
1217889720,0.794100,0.794200,0.794100,0.794200
1217889840,0.794100,0.794100,0.794100,0.794100
1217889900,0.794200,0.794200,0.794100,0.794100
1217889960,0.794000,0.794000,0.794000,0.794000
1217890200,0.794100,0.794100,0.794100,0.794100
1217890260,0.794000,0.794000,0.793900,0.793900
1217890560,0.794000,0.794000,0.794000,0.794000
1217890620,0.793900,0.794000,0.793900,0.793900
1217890680,0.794000,0.794000,0.794000,0.794000
1217890740,0.793900,0.794000,0.793900,0.793900
1217890860,0.793800,0.793800,0.793800,0.793800
1217891280,0.793900,0.793900,0.793800,0.793800
1217891400,0.793900,0.793900,0.793800,0.793800
1217891520,0.793700,0.793700,0.793700,0.793700
1217891580,0.793800,0.793900,0.793800,0.793800
1217892000,0.793900,0.793900,0.793800,0.793800
1217892060,0.793900,0.793900,0.793900,0.793900
1217892240,0.793800,0.793800,0.793800,0.793800
1217892300,0.793700,0.793800,0.793700,0.793700
1217892360,0.793800,0.793800,0.793800,0.793800
1217892480,0.793900,0.793900,0.793900,0.793900
1217892540,0.793800,0.793800,0.793800,0.793800
1217892600,0.793900,0.793900,0.793800,0.793800
1217892660,0.793700,0.793800,0.793700,0.793800
1217892720,0.793700,0.793800,0.793700,0.793800
1217892780,0.793700,0.793800,0.793700,0.793800
1217892840,0.793900,0.793900,0.793800,0.793800
1217893080,0.793900,0.793900,0.793800,0.793800
1217893200,0.793900,0.793900,0.793900,0.793900
1217893260,0.794000,0.794000,0.793900,0.793900
1217893320,0.794000,0.794000,0.794000,0.794000
1217893440,0.793900,0.794000,0.793900,0.794000
1217893560,0.793900,0.794000,0.793900,0.794000
1217893680,0.793900,0.793900,0.793900,0.793900
1217893740,0.794000,0.794000,0.793900,0.794000
1217893800,0.793900,0.794000,0.793700,0.793900
1217893860,0.794000,0.794000,0.793900,0.794000
1217894040,0.794100,0.794100,0.794000,0.794000
1217894100,0.794100,0.794100,0.794000,0.794000
1217894160,0.793900,0.794000,0.793900,0.793900
1217894280,0.793800,0.793900,0.793800,0.793900
1217894340,0.793800,0.794000,0.793800,0.794000
1217894400,0.793900,0.794000,0.793800,0.794000
1217894460,0.793900,0.794000,0.793800,0.793900
1217894520,0.793800,0.793900,0.793800,0.793900
1217894580,0.794000,0.794000,0.793900,0.794000
1217894640,0.793900,0.793900,0.793900,0.793900
1217894700,0.794000,0.794000,0.793800,0.793800
1217894760,0.793900,0.793900,0.793900,0.793900
1217894820,0.793800,0.793900,0.793800,0.793900
1217894880,0.793800,0.793900,0.793800,0.793800
1217895240,0.793700,0.793700,0.793700,0.793700
1217895360,0.793600,0.793700,0.793600,0.793600
1217895420,0.793700,0.793700,0.793600,0.793700
1217895540,0.793800,0.793800,0.793800,0.793800
1217895660,0.793700,0.793700,0.793700,0.793700
1217895720,0.793600,0.793600,0.793600,0.793600
1217895780,0.793500,0.793600,0.793500,0.793600
1217895840,0.793500,0.793600,0.793500,0.793500
1217895960,0.793600,0.793600,0.793500,0.793500
1217896020,0.793600,0.793600,0.793500,0.793500
1217896080,0.793600,0.793600,0.793500,0.793500
1217896200,0.793400,0.793400,0.793400,0.793400
1217896260,0.793300,0.793400,0.793300,0.793400
1217896320,0.793300,0.793400,0.793300,0.793300
1217896380,0.793400,0.793400,0.793400,0.793400
1217896680,0.793300,0.793300,0.793300,0.793300
1217896740,0.793400,0.793400,0.793100,0.793100
1217896800,0.793200,0.793200,0.793100,0.793100
1217896860,0.793200,0.793200,0.793100,0.793100
1217896920,0.793000,0.793000,0.793000,0.793000
1217896980,0.793100,0.793100,0.793000,0.793000
1217897100,0.792900,0.792900,0.792800,0.792900
1217897160,0.793000,0.793000,0.792900,0.792900
1217897220,0.793000,0.793000,0.792900,0.793000
1217897280,0.793100,0.793100,0.793000,0.793100
1217897340,0.793000,0.793100,0.793000,0.793000
1217897400,0.793100,0.793100,0.793000,0.793000
1217897460,0.793100,0.793100,0.793000,0.793000
1217897640,0.792900,0.792900,0.792900,0.792900
1217897700,0.792800,0.792900,0.792800,0.792800
1217897760,0.792900,0.792900,0.792800,0.792800
1217897820,0.792900,0.792900,0.792800,0.792800
1217897880,0.792900,0.792900,0.792800,0.792800
1217897940,0.792900,0.793000,0.792900,0.793000
1217898000,0.792900,0.792900,0.792900,0.792900
1217898060,0.793000,0.793000,0.792900,0.792900
1217898120,0.793000,0.793000,0.792900,0.793000
1217898180,0.793100,0.793100,0.793000,0.793000
1217898420,0.792900,0.792900,0.792900,0.792900
1217898540,0.792800,0.793000,0.792800,0.793000
1217898600,0.792900,0.793000,0.792900,0.792900
1217898660,0.793000,0.793000,0.792900,0.792900
1217898840,0.793000,0.793000,0.793000,0.793000
1217898960,0.793100,0.793100,0.793100,0.793100
1217899020,0.793000,0.793000,0.793000,0.793000
1217899080,0.793100,0.793100,0.793000,0.793000
1217899140,0.793100,0.793100,0.793000,0.793100
1217899620,0.793200,0.793200,0.793100,0.793100
1217899800,0.793000,0.793100,0.793000,0.793100
1217899920,0.793200,0.793200,0.793100,0.793100
1217900100,0.793000,0.793100,0.793000,0.793100
1217900220,0.793000,0.793100,0.793000,0.793100
1217900280,0.793000,0.793100,0.793000,0.793000
1217900340,0.793100,0.793100,0.793000,0.793000
1217900400,0.793100,0.793100,0.793000,0.793100
1217900460,0.793000,0.793000,0.793000,0.793000
1217900520,0.792900,0.793000,0.792900,0.792900
1217900580,0.792800,0.793100,0.792800,0.793000
1217900640,0.793100,0.793100,0.793000,0.793000
1217900700,0.792900,0.793100,0.792900,0.793000
1217900760,0.793100,0.793100,0.793000,0.793000
1217900820,0.793100,0.793100,0.793000,0.793100
1217900880,0.793000,0.793000,0.793000,0.793000
1217901000,0.793100,0.793100,0.793000,0.793000
1217901060,0.793100,0.793100,0.793100,0.793100
1217901240,0.793000,0.793100,0.793000,0.793100
1217901300,0.793000,0.793100,0.793000,0.793000
1217901360,0.793100,0.793100,0.793100,0.793100
1217901420,0.793200,0.793200,0.793200,0.793200
1217901480,0.793100,0.793200,0.793100,0.793200
1217901540,0.793100,0.793200,0.793100,0.793200
1217901600,0.793100,0.793200,0.793100,0.793200
1217901660,0.793100,0.793100,0.793100,0.793100
1217901720,0.793200,0.793200,0.793200,0.793200
1217901840,0.793100,0.793200,0.793100,0.793200
1217902020,0.793100,0.793200,0.793100,0.793100
1217902080,0.793200,0.793200,0.793200,0.793200
1217902140,0.793300,0.793300,0.793200,0.793300
1217902200,0.793200,0.793300,0.793200,0.793300
1217902260,0.793400,0.793400,0.793300,0.793300
1217902320,0.793200,0.793300,0.793200,0.793200
1217902440,0.793100,0.793100,0.793100,0.793100
1217902500,0.793000,0.793100,0.793000,0.793100
1217902560,0.793000,0.793100,0.793000,0.793000
1217902620,0.792900,0.793000,0.792900,0.793000
1217902680,0.792900,0.793000,0.792900,0.793000
1217902740,0.792900,0.793000,0.792900,0.793000
1217902800,0.792900,0.792900,0.792900,0.792900
1217903040,0.793000,0.793000,0.793000,0.793000
1217903220,0.793100,0.793100,0.793000,0.793000
1217903280,0.793100,0.793100,0.793000,0.793000
1217903340,0.793100,0.793100,0.793000,0.793000
1217903460,0.793100,0.793100,0.793000,0.793000
1217903520,0.793100,0.793100,0.793100,0.793100
1217903580,0.793000,0.793100,0.793000,0.793100
1217903640,0.793200,0.793200,0.793100,0.793100
1217903700,0.793200,0.793200,0.793100,0.793200
1217903820,0.793100,0.793200,0.793100,0.793100
1217903880,0.793200,0.793200,0.793100,0.793200
1217904000,0.793100,0.793200,0.793100,0.793200
1217904120,0.793100,0.793100,0.793100,0.793100
1217904360,0.793000,0.793000,0.793000,0.793000
1217904540,0.793100,0.793100,0.793000,0.793000
1217904660,0.793100,0.793100,0.793000,0.793000
1217904720,0.793100,0.793100,0.793000,0.793000
1217904780,0.793100,0.793100,0.793100,0.793100
1217904900,0.793000,0.793100,0.793000,0.793000
1217904960,0.793100,0.793100,0.793000,0.793000
1217905020,0.793100,0.793100,0.793000,0.793000
1217905200,0.793100,0.793100,0.793100,0.793100
1217905260,0.793000,0.793100,0.793000,0.793000
1217905380,0.793100,0.793100,0.792900,0.792900
1217905560,0.792800,0.792900,0.792800,0.792800
1217906100,0.792700,0.792700,0.792700,0.792700
1217906220,0.792800,0.792800,0.792700,0.792700
1217906340,0.792800,0.792800,0.792800,0.792800
1217906400,0.792700,0.792800,0.792700,0.792800
1217906520,0.792700,0.792700,0.792700,0.792700
1217906640,0.792800,0.792800,0.792700,0.792800
1217906880,0.792700,0.792700,0.792700,0.792700
1217906940,0.792800,0.792800,0.792800,0.792800
1217907000,0.792700,0.792800,0.792700,0.792800
1217907180,0.792900,0.792900,0.792800,0.792800
1217907360,0.792900,0.792900,0.792900,0.792900
1217907540,0.792800,0.792800,0.792800,0.792800
1217907600,0.792900,0.792900,0.792900,0.792900
1217907660,0.792800,0.792800,0.792800,0.792800
1217907780,0.792900,0.792900,0.792800,0.792800
1217907900,0.792900,0.792900,0.792800,0.792800
1217908620,0.792900,0.792900,0.792800,0.792900
