time,open,high,low,close
1519621200,0.732360,0.732370,0.732350,0.732360
1519621260,0.732360,0.732360,0.732320,0.732350
1519621320,0.732350,0.732420,0.732340,0.732410
1519621380,0.732420,0.732460,0.732370,0.732400
1519621440,0.732400,0.732450,0.732370,0.732420
1519621500,0.732410,0.732710,0.732370,0.732660
1519621560,0.732670,0.732730,0.732650,0.732680
1519621620,0.732690,0.732820,0.732690,0.732820
1519621680,0.732800,0.732810,0.732640,0.732640
1519621740,0.732640,0.732670,0.732540,0.732540
1519621800,0.732530,0.732560,0.732520,0.732540
1519621860,0.732550,0.732670,0.732520,0.732660
1519621920,0.732670,0.732670,0.732390,0.732400
1519621980,0.732400,0.732420,0.732370,0.732380
1519622040,0.732370,0.732430,0.732370,0.732420
1519622100,0.732430,0.732500,0.732430,0.732500
1519622160,0.732500,0.732500,0.732500,0.732500
1519622220,0.732490,0.732560,0.732490,0.732560
1519622280,0.732550,0.732550,0.732550,0.732550
1519622340,0.732530,0.732560,0.732450,0.732560
1519622400,0.732540,0.732670,0.732540,0.732650
1519622460,0.732700,0.732750,0.732650,0.732650
1519622520,0.732650,0.732750,0.732650,0.732750
1519622580,0.732760,0.732760,0.732760,0.732760
1519622640,0.732770,0.732800,0.732760,0.732790
1519622700,0.732800,0.732870,0.732800,0.732850
1519622760,0.732840,0.732840,0.732740,0.732740
1519622820,0.732740,0.732750,0.732650,0.732740
1519622880,0.732740,0.732740,0.732600,0.732730
1519622940,0.732730,0.732730,0.732700,0.732730
1519623000,0.732740,0.732740,0.732650,0.732650
1519623060,0.732650,0.732650,0.732650,0.732650
1519623120,0.732650,0.732850,0.732640,0.732850
1519623180,0.732860,0.733340,0.732860,0.733160
1519623240,0.733150,0.733150,0.732820,0.732830
1519623300,0.732830,0.733090,0.732810,0.733090
1519623360,0.733080,0.733310,0.733080,0.733270
1519623420,0.733280,0.733530,0.733280,0.733520
1519623480,0.733540,0.733580,0.733540,0.733540
1519623540,0.733560,0.733560,0.733310,0.733440
1519623600,0.733430,0.733540,0.733340,0.733440
1519623660,0.733450,0.733500,0.733430,0.733470
1519623720,0.733470,0.733480,0.733210,0.733420
1519623780,0.733430,0.733620,0.733430,0.733580
1519623840,0.733560,0.733560,0.733430,0.733480
1519623900,0.733480,0.733560,0.733290,0.733290
1519623960,0.733300,0.733300,0.733160,0.733190
1519624020,0.733200,0.733460,0.733200,0.733460
1519624080,0.733470,0.733590,0.733390,0.733430
1519624140,0.733450,0.733480,0.733380,0.733480
1519624200,0.733460,0.733460,0.733430,0.733460
1519624260,0.733490,0.733550,0.733440,0.733480
1519624320,0.733490,0.733510,0.733450,0.733490
1519624380,0.733500,0.733500,0.733340,0.733340
1519624440,0.733300,0.733370,0.733280,0.733350
1519624500,0.733360,0.733560,0.733360,0.733540
1519624560,0.733540,0.733550,0.733440,0.733450
1519624620,0.733430,0.733570,0.733430,0.733560
1519624680,0.733540,0.733690,0.733540,0.733570
1519624740,0.733600,0.733660,0.733430,0.733530
1519624800,0.733520,0.733630,0.733500,0.733520
1519624860,0.733530,0.733720,0.733520,0.733610
1519624920,0.733560,0.733730,0.733540,0.733700
1519624980,0.733700,0.733730,0.733470,0.733540
1519625040,0.733540,0.733550,0.733480,0.733480
1519625100,0.733480,0.733480,0.733340,0.733350
1519625160,0.733350,0.733350,0.733220,0.733230
1519625220,0.733240,0.733260,0.733240,0.733240
1519625280,0.733240,0.733240,0.733110,0.733120
1519625340,0.733140,0.733140,0.733010,0.733030
1519625400,0.733050,0.733060,0.733020,0.733060
1519625460,0.733070,0.733160,0.733070,0.733150
1519625520,0.733140,0.733230,0.733140,0.733220
1519625580,0.733230,0.733410,0.733220,0.733300
1519625640,0.733300,0.733340,0.733120,0.733130
1519625700,0.733170,0.733230,0.733090,0.733120
1519625760,0.733140,0.733200,0.733020,0.733110
1519625820,0.733110,0.733160,0.733020,0.733110
1519625880,0.733110,0.733110,0.733020,0.733040
1519625940,0.733040,0.733170,0.733040,0.733040
1519626000,0.733060,0.733140,0.733050,0.733050
1519626060,0.733070,0.733240,0.733070,0.733190
1519626120,0.733200,0.733250,0.733180,0.733240
1519626180,0.733320,0.733440,0.733300,0.733410
1519626240,0.733410,0.733410,0.733400,0.733410
1519626300,0.733420,0.733430,0.733420,0.733420
1519626360,0.733420,0.733420,0.733310,0.733320
1519626420,0.733320,0.733420,0.733290,0.733400
1519626480,0.733390,0.733400,0.733210,0.733220
1519626540,0.733220,0.733220,0.733160,0.733160
1519626600,0.733180,0.733190,0.733010,0.733060
1519626660,0.733060,0.733060,0.732990,0.732990
1519626720,0.732990,0.733010,0.732910,0.733010
1519626780,0.733020,0.733020,0.733000,0.733010
1519626840,0.733020,0.733040,0.733010,0.733040
1519626900,0.733110,0.733180,0.733090,0.733100
1519626960,0.733080,0.733090,0.733000,0.733020
1519627020,0.733010,0.733020,0.733000,0.733010
1519627080,0.733000,0.733050,0.733000,0.733010
1519627140,0.733020,0.733020,0.733000,0.733010
1519627200,0.733000,0.733030,0.733000,0.733030
1519627260,0.733040,0.733130,0.733040,0.733040
1519627320,0.733040,0.733040,0.733020,0.733020
1519627380,0.733030,0.733030,0.733020,0.733020
1519627440,0.733030,0.733030,0.732950,0.733030
1519627500,0.733030,0.733030,0.733000,0.733030
1519627560,0.733030,0.733030,0.732930,0.733000
1519627620,0.733000,0.733050,0.732990,0.733020
1519627680,0.733030,0.733120,0.733020,0.733120
1519627740,0.733120,0.733200,0.733120,0.733190
1519627800,0.733180,0.733310,0.733180,0.733240
1519627860,0.733240,0.733380,0.733220,0.733360
1519627920,0.733350,0.733500,0.733350,0.733360
1519627980,0.733370,0.733590,0.733340,0.733530
1519628040,0.733560,0.733560,0.733370,0.733370
1519628100,0.733360,0.733360,0.733210,0.733220
1519628160,0.733220,0.733220,0.733170,0.733170
1519628220,0.733160,0.733170,0.733130,0.733170
1519628280,0.733190,0.733200,0.733190,0.733190
1519628340,0.733200,0.733210,0.733180,0.733210
1519628400,0.733230,0.733270,0.733170,0.733270
1519628460,0.733270,0.733280,0.733240,0.733240
1519628520,0.733240,0.733350,0.733190,0.733250
1519628580,0.733260,0.733280,0.733230,0.733230
1519628640,0.733220,0.733230,0.733110,0.733130
1519628700,0.733150,0.733180,0.733150,0.733160
1519628760,0.733150,0.733150,0.732900,0.733050
1519628820,0.733050,0.733070,0.732960,0.732960
1519628880,0.732960,0.732970,0.732960,0.732970
1519628940,0.732970,0.733060,0.732910,0.733050
1519629000,0.733030,0.733080,0.733030,0.733070
1519629060,0.733070,0.733080,0.732810,0.732840
1519629120,0.732830,0.732880,0.732810,0.732860
1519629180,0.732870,0.732870,0.732840,0.732840
1519629240,0.732850,0.732950,0.732840,0.732940
1519629300,0.732950,0.732950,0.732900,0.732950
1519629360,0.732950,0.733060,0.732950,0.733050
1519629420,0.733060,0.733060,0.732860,0.732860
1519629480,0.732860,0.733000,0.732850,0.732990
1519629540,0.733030,0.733050,0.732950,0.732970
1519629600,0.732970,0.732990,0.732850,0.732850
1519629660,0.732870,0.733020,0.732870,0.732970
1519629720,0.732970,0.733210,0.732950,0.733170
1519629780,0.733190,0.733470,0.733170,0.733450
1519629840,0.733460,0.733870,0.733430,0.733790
1519629900,0.733780,0.734090,0.733780,0.734070
1519629960,0.734070,0.734080,0.733740,0.733820
1519630020,0.733810,0.734010,0.733750,0.734010
1519630080,0.734010,0.734110,0.734010,0.734030
1519630140,0.733970,0.733980,0.733800,0.733940
1519630200,0.733950,0.734000,0.733860,0.733980
1519630260,0.733970,0.734470,0.733950,0.734470
1519630320,0.734460,0.734460,0.734100,0.734150
1519630380,0.734120,0.734150,0.734040,0.734100
1519630440,0.734090,0.734100,0.733910,0.733930
1519630500,0.733920,0.733990,0.733860,0.733890
1519630560,0.733890,0.733950,0.733840,0.733900
1519630620,0.733890,0.733920,0.733840,0.733840
1519630680,0.733830,0.733940,0.733800,0.733940
1519630740,0.733930,0.734020,0.733870,0.733950
1519630800,0.733930,0.734080,0.733930,0.734080
1519630860,0.734070,0.734280,0.733920,0.734280
1519630920,0.734300,0.734360,0.734250,0.734360
1519630980,0.734360,0.734370,0.734300,0.734340
1519631040,0.734350,0.734350,0.734120,0.734240
1519631100,0.734240,0.734260,0.734100,0.734100
1519631160,0.734080,0.734130,0.734030,0.734030
1519631220,0.734020,0.734060,0.733950,0.734050
1519631280,0.734040,0.734340,0.734040,0.734290
1519631340,0.734310,0.734350,0.734220,0.734350
1519631400,0.734330,0.734390,0.734240,0.734270
1519631460,0.734260,0.734270,0.734190,0.734240
1519631520,0.734260,0.734260,0.734090,0.734170
1519631580,0.734150,0.734210,0.734090,0.734140
1519631640,0.734130,0.734130,0.733940,0.734050
1519631700,0.734030,0.734030,0.733880,0.734020
1519631760,0.734020,0.734140,0.733980,0.734060
1519631820,0.734050,0.734060,0.734030,0.734060
1519631880,0.734060,0.734070,0.733940,0.733960
1519631940,0.733960,0.733960,0.733910,0.733950
1519632000,0.733950,0.734050,0.733770,0.733770
1519632060,0.733780,0.733800,0.733610,0.733640
1519632120,0.733650,0.733870,0.733650,0.733850
1519632180,0.733840,0.733960,0.733820,0.733910
1519632240,0.733890,0.734020,0.733850,0.734010
1519632300,0.733980,0.734060,0.733960,0.734040
1519632360,0.734050,0.734080,0.733930,0.734070
1519632420,0.734060,0.734160,0.733980,0.734130
1519632480,0.734130,0.734300,0.734120,0.734260
1519632540,0.734260,0.734360,0.734240,0.734340
1519632600,0.734340,0.734470,0.734340,0.734430
1519632660,0.734410,0.734440,0.734230,0.734250
1519632720,0.734250,0.734250,0.734060,0.734080
1519632780,0.734100,0.734160,0.734000,0.734020
1519632840,0.734060,0.734180,0.734010,0.734150
1519632900,0.734140,0.734260,0.734110,0.734210
1519632960,0.734190,0.734250,0.734150,0.734220
1519633020,0.734200,0.734220,0.734150,0.734170
1519633080,0.734170,0.734260,0.734150,0.734150
1519633140,0.734150,0.734150,0.734010,0.734050
1519633200,0.734070,0.734170,0.734050,0.734050
1519633260,0.734070,0.734080,0.733980,0.733980
1519633320,0.733990,0.734050,0.733990,0.734000
1519633380,0.734020,0.734330,0.734000,0.734310
1519633440,0.734290,0.734400,0.734290,0.734340
1519633500,0.734330,0.734330,0.734100,0.734110
1519633560,0.734090,0.734120,0.733900,0.733910
1519633620,0.733900,0.733990,0.733830,0.733970
1519633680,0.733980,0.733980,0.733850,0.733850
1519633740,0.733860,0.733940,0.733830,0.733840
1519633800,0.733850,0.733860,0.733750,0.733750
1519633860,0.733740,0.733840,0.733720,0.733730
1519633920,0.733750,0.733750,0.733520,0.733540
1519633980,0.733530,0.733770,0.733470,0.733560
1519634040,0.733620,0.733660,0.733590,0.733620
1519634100,0.733630,0.733760,0.733610,0.733610
1519634160,0.733630,0.733710,0.733540,0.733540
1519634220,0.733550,0.733600,0.733530,0.733560
1519634280,0.733560,0.733870,0.733560,0.733860
1519634340,0.733870,0.733870,0.733740,0.733750
1519634400,0.733770,0.733770,0.733650,0.733650
1519634460,0.733680,0.733740,0.733630,0.733640
1519634520,0.733650,0.733800,0.733650,0.733790
1519634580,0.733800,0.733900,0.733800,0.733830
1519634640,0.733830,0.733870,0.733780,0.733780
1519634700,0.733780,0.733780,0.733630,0.733720
1519634760,0.733720,0.733750,0.733680,0.733680
1519634820,0.733660,0.733660,0.733590,0.733610
1519634880,0.733620,0.733660,0.733620,0.733640
1519634940,0.733630,0.733690,0.733460,0.733520
1519635000,0.733510,0.733700,0.733440,0.733700
1519635060,0.733690,0.733740,0.733690,0.733740
1519635120,0.733740,0.733740,0.733690,0.733720
1519635180,0.733730,0.733780,0.733690,0.733780
1519635240,0.733790,0.733790,0.733710,0.733750
1519635300,0.733770,0.733860,0.733770,0.733810
1519635360,0.733790,0.733790,0.733590,0.733650
1519635420,0.733660,0.733740,0.733610,0.733730
1519635480,0.733750,0.733760,0.733650,0.733650
1519635540,0.733650,0.733650,0.733390,0.733390
1519635600,0.733380,0.733580,0.733380,0.733580
1519635660,0.733570,0.733680,0.733550,0.733670
1519635720,0.733680,0.733720,0.733650,0.733710
1519635780,0.733710,0.733710,0.733630,0.733670
1519635840,0.733630,0.733630,0.733600,0.733610
1519635900,0.733610,0.733690,0.733590,0.733670
1519635960,0.733650,0.733670,0.733600,0.733610
1519636020,0.733590,0.733610,0.733540,0.733590
1519636080,0.733580,0.733620,0.733490,0.733520
1519636140,0.733490,0.733570,0.733490,0.733550
1519636200,0.733520,0.733610,0.733480,0.733480
1519636260,0.733490,0.733560,0.733490,0.733560
1519636320,0.733600,0.733680,0.733590,0.733670
1519636380,0.733670,0.733680,0.733670,0.733670
1519636440,0.733660,0.733680,0.733600,0.733680
1519636500,0.733690,0.733720,0.733590,0.733590
1519636560,0.733570,0.733660,0.733570,0.733590
1519636620,0.733610,0.733720,0.733610,0.733690
1519636680,0.733690,0.733690,0.733490,0.733500
1519636740,0.733510,0.733540,0.733490,0.733490
1519636800,0.733500,0.733560,0.733490,0.733490
1519636860,0.733530,0.733540,0.733330,0.733340
1519636920,0.733330,0.733430,0.733320,0.733320
1519636980,0.733320,0.733320,0.733150,0.733150
1519637040,0.733150,0.733230,0.733150,0.733230
1519637100,0.733240,0.733250,0.733150,0.733180
1519637160,0.733190,0.733250,0.733160,0.733250
1519637220,0.733250,0.733300,0.733240,0.733300
1519637280,0.733300,0.733360,0.733260,0.733360
1519637340,0.733360,0.733450,0.733340,0.733440
1519637400,0.733430,0.733520,0.733430,0.733480
1519637460,0.733460,0.733460,0.733380,0.733390
1519637520,0.733410,0.733450,0.733410,0.733450
1519637580,0.733460,0.733670,0.733460,0.733600
1519637640,0.733580,0.733660,0.733580,0.733640
1519637700,0.733660,0.733740,0.733640,0.733690
1519637760,0.733680,0.733690,0.733670,0.733670
1519637820,0.733690,0.733760,0.733640,0.733660
1519637880,0.733670,0.733720,0.733640,0.733690
1519637940,0.733690,0.733790,0.733650,0.733790
1519638000,0.733810,0.733840,0.733740,0.733750
1519638060,0.733740,0.733780,0.733740,0.733760
1519638120,0.733780,0.733890,0.733760,0.733850
1519638180,0.733860,0.733880,0.733850,0.733880
1519638240,0.733880,0.734030,0.733880,0.733960
1519638300,0.733950,0.734110,0.733930,0.734110
1519638360,0.734100,0.734170,0.734060,0.734060
1519638420,0.734040,0.734070,0.734030,0.734070
1519638480,0.734070,0.734120,0.734060,0.734120
1519638540,0.734120,0.734240,0.734060,0.734230
1519638600,0.734200,0.734200,0.734160,0.734180
1519638660,0.734160,0.734160,0.734160,0.734160
1519638720,0.734150,0.734310,0.734150,0.734280
1519638780,0.734280,0.734390,0.734230,0.734230
1519638840,0.734240,0.734240,0.734240,0.734240
1519638900,0.734230,0.734230,0.733920,0.733920
1519638960,0.733910,0.733970,0.733900,0.733940
1519639020,0.733960,0.734020,0.733860,0.733860
1519639080,0.733850,0.733870,0.733840,0.733840
1519639140,0.733820,0.733890,0.733770,0.733780
1519639200,0.733780,0.733890,0.733780,0.733780
1519639260,0.733800,0.734030,0.733800,0.733980
1519639320,0.733970,0.734020,0.733940,0.733950
1519639380,0.733940,0.734000,0.733940,0.734000
1519639440,0.733990,0.734000,0.733940,0.733940
1519639500,0.733960,0.733980,0.733910,0.733980
1519639560,0.733970,0.734040,0.733940,0.733950
1519639620,0.733940,0.733980,0.733920,0.733940
1519639680,0.733960,0.733960,0.733890,0.733900
1519639740,0.733870,0.733900,0.733770,0.733830
1519639800,0.733830,0.733830,0.733750,0.733750
1519639860,0.733770,0.733830,0.733770,0.733790
1519639920,0.733770,0.733840,0.733710,0.733770
1519639980,0.733780,0.733990,0.733780,0.733950
1519640040,0.733940,0.733970,0.733910,0.733950
1519640100,0.733960,0.734090,0.733960,0.734080
1519640160,0.734070,0.734080,0.733930,0.733950
1519640220,0.733960,0.733970,0.733840,0.733850
1519640280,0.733860,0.733890,0.733830,0.733880
1519640340,0.733870,0.733870,0.733690,0.733700
1519640400,0.733720,0.733790,0.733720,0.733790
1519640460,0.733780,0.733780,0.733440,0.733460
1519640520,0.733460,0.733490,0.733440,0.733440
1519640580,0.733430,0.733440,0.733370,0.733370
1519640640,0.733400,0.733520,0.733400,0.733520
1519640700,0.733490,0.733510,0.733450,0.733450
1519640760,0.733460,0.733480,0.733450,0.733450
1519640820,0.733450,0.733450,0.733380,0.733380
1519640880,0.733380,0.733390,0.733360,0.733380
1519640940,0.733380,0.733480,0.733380,0.733450
1519641000,0.733460,0.733480,0.733370,0.733370
1519641060,0.733370,0.733460,0.733370,0.733460
1519641120,0.733460,0.733460,0.733380,0.733410
1519641180,0.733430,0.733640,0.733430,0.733560
1519641240,0.733570,0.733650,0.733490,0.733490
1519641300,0.733480,0.733660,0.733470,0.733650
1519641360,0.733660,0.733680,0.733570,0.733570
1519641420,0.733590,0.733610,0.733550,0.733550
1519641480,0.733560,0.733580,0.733530,0.733530
1519641540,0.733520,0.733600,0.733440,0.733590
1519641600,0.733590,0.733640,0.733550,0.733570
1519641660,0.733560,0.733700,0.733550,0.733690
1519641720,0.733680,0.733680,0.733580,0.733610
1519641780,0.733620,0.733860,0.733620,0.733790
1519641840,0.733780,0.733800,0.733680,0.733720
1519641900,0.733740,0.733750,0.733630,0.733660
1519641960,0.733660,0.733750,0.733640,0.733650
1519642020,0.733650,0.733670,0.733640,0.733640
1519642080,0.733650,0.733770,0.733650,0.733740
1519642140,0.733740,0.733740,0.733670,0.733670
1519642200,0.733670,0.733730,0.733620,0.733660
1519642260,0.733720,0.733790,0.733680,0.733750
1519642320,0.733760,0.733820,0.733670,0.733690
1519642380,0.733680,0.733740,0.733670,0.733670
1519642440,0.733650,0.733770,0.733620,0.733680
1519642500,0.733670,0.733850,0.733660,0.733850
1519642560,0.733860,0.733870,0.733850,0.733850
1519642620,0.733840,0.733880,0.733800,0.733860
1519642680,0.733880,0.733930,0.733670,0.733750
1519642740,0.733760,0.733770,0.733690,0.733700
1519642800,0.733690,0.733780,0.733690,0.733750
1519642860,0.733760,0.733760,0.733680,0.733690
1519642920,0.733680,0.733800,0.733680,0.733770
1519642980,0.733780,0.733790,0.733660,0.733680
1519643040,0.733660,0.733690,0.733610,0.733680
1519643100,0.733690,0.733720,0.733660,0.733680
1519643160,0.733660,0.733680,0.733660,0.733670
1519643220,0.733660,0.733660,0.733470,0.733500
1519643280,0.733560,0.733580,0.733430,0.733490
1519643340,0.733480,0.733510,0.733440,0.733510
1519643400,0.733500,0.733520,0.733490,0.733490
1519643460,0.733500,0.733510,0.733480,0.733480
1519643520,0.733490,0.733490,0.733480,0.733480
1519643580,0.733470,0.733470,0.733370,0.733370
1519643640,0.733360,0.733370,0.733330,0.733330
1519643700,0.733310,0.733360,0.733290,0.733320
1519643760,0.733330,0.733340,0.733330,0.733340
1519643820,0.733320,0.733320,0.733280,0.733280
1519643880,0.733270,0.733270,0.733270,0.733270
1519643940,0.733270,0.733270,0.733170,0.733180
1519644000,0.733180,0.733220,0.733180,0.733220
1519644060,0.733240,0.733240,0.733220,0.733220
1519644120,0.733200,0.733210,0.733140,0.733140
1519644180,0.733140,0.733140,0.733110,0.733140
1519644240,0.733120,0.733220,0.733120,0.733210
1519644300,0.733220,0.733230,0.733220,0.733230
1519644360,0.733220,0.733240,0.733180,0.733180
1519644420,0.733180,0.733220,0.733180,0.733220
1519644480,0.733230,0.733320,0.733230,0.733240
1519644540,0.733260,0.733360,0.733160,0.733170
1519644600,0.733180,0.733220,0.733080,0.733110
1519644660,0.733130,0.733130,0.733060,0.733060
1519644720,0.733080,0.733160,0.733080,0.733140
1519644780,0.733140,0.733180,0.733140,0.733180
1519644840,0.733170,0.733170,0.733080,0.733080
1519644900,0.733120,0.733210,0.733120,0.733190
1519644960,0.733190,0.733190,0.733150,0.733160
1519645020,0.733160,0.733190,0.733080,0.733080
1519645080,0.733090,0.733170,0.733050,0.733070
1519645140,0.733060,0.733060,0.732960,0.732960
1519645200,0.732950,0.732950,0.732850,0.732950
1519645260,0.732950,0.733050,0.732950,0.733040
1519645320,0.733040,0.733120,0.733020,0.733060
1519645380,0.733060,0.733150,0.733060,0.733150
1519645440,0.733140,0.733260,0.733120,0.733230
1519645500,0.733210,0.733250,0.733170,0.733240
1519645560,0.733260,0.733270,0.733240,0.733240
1519645620,0.733250,0.733270,0.733170,0.733250
1519645680,0.733240,0.733240,0.733190,0.733190
1519645740,0.733180,0.733180,0.733150,0.733180
1519645800,0.733170,0.733230,0.733150,0.733180
1519645860,0.733180,0.733210,0.733160,0.733160
1519645920,0.733160,0.733160,0.732930,0.732930
1519645980,0.732950,0.732980,0.732870,0.732940
1519646040,0.732960,0.733090,0.732960,0.733090
1519646100,0.733070,0.733070,0.732680,0.732800
1519646160,0.732800,0.732890,0.732770,0.732770
1519646220,0.732750,0.732750,0.732650,0.732660
1519646280,0.732660,0.732790,0.732610,0.732780
1519646340,0.732800,0.732870,0.732700,0.732730
1519646400,0.732720,0.732720,0.732570,0.732650
1519646460,0.732650,0.732680,0.732610,0.732650
1519646520,0.732660,0.732690,0.732490,0.732560
1519646580,0.732550,0.732550,0.732430,0.732470
1519646640,0.732480,0.732570,0.732430,0.732500
1519646700,0.732490,0.732550,0.732470,0.732480
1519646760,0.732480,0.732490,0.732420,0.732440
1519646820,0.732450,0.732560,0.732450,0.732540
1519646880,0.732540,0.732570,0.732540,0.732560
1519646940,0.732550,0.732590,0.732540,0.732550
1519647000,0.732560,0.732570,0.732540,0.732560
1519647060,0.732560,0.732560,0.732560,0.732560
1519647120,0.732560,0.732560,0.732460,0.732520
1519647180,0.732510,0.732520,0.732460,0.732470
1519647240,0.732480,0.732480,0.732440,0.732440
1519647300,0.732450,0.732490,0.732400,0.732470
1519647360,0.732460,0.732470,0.732420,0.732470
1519647420,0.732480,0.732480,0.732440,0.732460
1519647480,0.732470,0.732580,0.732470,0.732570
1519647540,0.732590,0.732640,0.732590,0.732640
1519647600,0.732630,0.732680,0.732630,0.732650
1519647660,0.732690,0.732720,0.732630,0.732650
1519647720,0.732640,0.732650,0.732530,0.732530
1519647780,0.732540,0.732550,0.732530,0.732540
1519647840,0.732550,0.732650,0.732530,0.732650
1519647900,0.732650,0.732770,0.732620,0.732650
1519647960,0.732640,0.732640,0.732530,0.732550
1519648020,0.732560,0.732670,0.732550,0.732660
1519648080,0.732670,0.732670,0.732540,0.732540
1519648140,0.732530,0.732530,0.732470,0.732490
1519648200,0.732480,0.732510,0.732370,0.732420
1519648260,0.732450,0.732510,0.732420,0.732460
1519648320,0.732450,0.732480,0.732440,0.732480
1519648380,0.732460,0.732570,0.732420,0.732480
1519648440,0.732470,0.732530,0.732450,0.732530
1519648500,0.732520,0.732610,0.732440,0.732600
1519648560,0.732580,0.732580,0.732460,0.732480
1519648620,0.732530,0.732540,0.732350,0.732350
1519648680,0.732350,0.732360,0.732160,0.732220
1519648740,0.732220,0.732340,0.732190,0.732190
1519648800,0.732180,0.732180,0.732030,0.732040
1519648860,0.732050,0.732110,0.732030,0.732060
1519648920,0.732040,0.732170,0.732040,0.732040
1519648980,0.732020,0.732030,0.731920,0.732000
1519649040,0.732010,0.732040,0.731970,0.732010
1519649100,0.732030,0.732140,0.732030,0.732100
1519649160,0.732120,0.732180,0.732120,0.732180
1519649220,0.732170,0.732260,0.732160,0.732240
1519649280,0.732260,0.732340,0.732260,0.732310
1519649340,0.732310,0.732370,0.732310,0.732370
1519649400,0.732380,0.732420,0.732370,0.732380
1519649460,0.732370,0.732380,0.732340,0.732360
1519649520,0.732360,0.732360,0.732170,0.732170
1519649580,0.732150,0.732160,0.732150,0.732150
1519649640,0.732150,0.732200,0.732150,0.732170
1519649700,0.732170,0.732220,0.732080,0.732080
1519649760,0.732090,0.732170,0.732030,0.732050
1519649820,0.732030,0.732030,0.731820,0.731820
1519649880,0.731820,0.731820,0.731730,0.731730
1519649940,0.731810,0.731860,0.731640,0.731650
1519650000,0.731650,0.731740,0.731630,0.731650
1519650060,0.731740,0.731780,0.731660,0.731660
1519650120,0.731660,0.731680,0.731640,0.731650
1519650180,0.731660,0.731680,0.731570,0.731640
1519650240,0.731640,0.731670,0.731560,0.731560
1519650300,0.731570,0.731650,0.731430,0.731470
1519650360,0.731460,0.731480,0.731260,0.731270
1519650420,0.731280,0.731390,0.731280,0.731380
1519650480,0.731390,0.731490,0.731390,0.731460
1519650540,0.731460,0.731460,0.731210,0.731270
1519650600,0.731250,0.731410,0.731250,0.731300
1519650660,0.731320,0.731340,0.731110,0.731150
1519650720,0.731160,0.731200,0.731050,0.731060
1519650780,0.731040,0.731270,0.730970,0.731250
1519650840,0.731230,0.731280,0.731170,0.731200
1519650900,0.731190,0.731350,0.731150,0.731350
1519650960,0.731350,0.731520,0.731350,0.731500
1519651020,0.731500,0.731600,0.731480,0.731590
1519651080,0.731590,0.731660,0.731570,0.731660
1519651140,0.731650,0.731760,0.731630,0.731680
1519651200,0.731660,0.731670,0.731450,0.731510
1519651260,0.731520,0.731720,0.731520,0.731700
1519651320,0.731720,0.731750,0.731530,0.731530
1519651380,0.731510,0.731510,0.731440,0.731450
1519651440,0.731470,0.731590,0.731460,0.731570
1519651500,0.731570,0.731590,0.731500,0.731580
1519651560,0.731560,0.731560,0.731350,0.731460
1519651620,0.731450,0.731470,0.731400,0.731450
1519651680,0.731470,0.731520,0.731470,0.731490
1519651740,0.731490,0.731490,0.731460,0.731480
1519651800,0.731520,0.731560,0.731470,0.731470
1519651860,0.731490,0.731500,0.731480,0.731480
1519651920,0.731480,0.731480,0.731440,0.731460
1519651980,0.731440,0.731590,0.731420,0.731500
1519652040,0.731480,0.731580,0.731400,0.731480
1519652100,0.731490,0.731580,0.731400,0.731500
1519652160,0.731490,0.731610,0.731490,0.731580
1519652220,0.731570,0.731630,0.731500,0.731570
1519652280,0.731560,0.731560,0.731450,0.731490
1519652340,0.731480,0.731640,0.731480,0.731630
1519652400,0.731640,0.731680,0.731590,0.731670
1519652460,0.731690,0.731760,0.731670,0.731760
1519652520,0.731750,0.731750,0.731610,0.731690
1519652580,0.731690,0.731730,0.731640,0.731720
1519652640,0.731730,0.731770,0.731550,0.731580
1519652700,0.731570,0.731640,0.731480,0.731520
1519652760,0.731500,0.731570,0.731440,0.731470
1519652820,0.731460,0.731510,0.731430,0.731450
1519652880,0.731440,0.731510,0.731440,0.731470
1519652940,0.731480,0.731540,0.731440,0.731450
1519653000,0.731500,0.731510,0.731270,0.731280
1519653060,0.731300,0.731330,0.731260,0.731260
1519653120,0.731240,0.731320,0.731190,0.731270
1519653180,0.731280,0.731470,0.731280,0.731450
1519653240,0.731450,0.731490,0.731450,0.731470
1519653300,0.731530,0.731580,0.731470,0.731540
1519653360,0.731560,0.731570,0.731460,0.731460
1519653420,0.731470,0.731650,0.731470,0.731640
1519653480,0.731620,0.731690,0.731580,0.731660
1519653540,0.731640,0.731660,0.731480,0.731490
1519653600,0.731500,0.731550,0.731410,0.731450
1519653660,0.731490,0.731650,0.731470,0.731650
1519653720,0.731660,0.731660,0.731440,0.731460
1519653780,0.731460,0.731470,0.731150,0.731150
1519653840,0.731170,0.731190,0.731110,0.731140
1519653900,0.731150,0.731270,0.731060,0.731240
1519653960,0.731230,0.731490,0.731210,0.731450
1519654020,0.731460,0.731580,0.731450,0.731520
1519654080,0.731500,0.731500,0.731150,0.731170
1519654140,0.731140,0.731140,0.731020,0.731050
1519654200,0.731030,0.731080,0.730960,0.730960
1519654260,0.730970,0.731020,0.730850,0.730960
1519654320,0.730960,0.730980,0.730930,0.730980
1519654380,0.730970,0.731040,0.730950,0.731030
1519654440,0.731040,0.731040,0.730960,0.730980
1519654500,0.730990,0.730990,0.730960,0.730970
1519654560,0.730950,0.730950,0.730850,0.730880
1519654620,0.730900,0.730900,0.730740,0.730740
1519654680,0.730760,0.730960,0.730760,0.730950
1519654740,0.730960,0.731170,0.730960,0.731150
1519654800,0.731140,0.731270,0.731090,0.731200
1519654860,0.731240,0.731250,0.731110,0.731110
1519654920,0.731100,0.731100,0.730970,0.731080
1519654980,0.731060,0.731060,0.730940,0.730980
1519655040,0.730980,0.731040,0.730960,0.730980
1519655100,0.731000,0.731040,0.730950,0.730980
1519655160,0.730990,0.731000,0.730780,0.730790
1519655220,0.730780,0.730780,0.730560,0.730650
1519655280,0.730640,0.730650,0.730550,0.730590
1519655340,0.730600,0.730630,0.730260,0.730320
1519655400,0.730310,0.730420,0.730300,0.730350
1519655460,0.730350,0.730350,0.730090,0.730180
1519655520,0.730170,0.730370,0.730160,0.730350
1519655580,0.730340,0.730460,0.730220,0.730450
1519655640,0.730460,0.730680,0.730460,0.730650
1519655700,0.730660,0.730750,0.730600,0.730710
1519655760,0.730710,0.730800,0.730630,0.730730
1519655820,0.730740,0.730760,0.730680,0.730680
1519655880,0.730700,0.730740,0.730570,0.730690
1519655940,0.730720,0.730830,0.730520,0.730560
1519656000,0.730570,0.730570,0.730250,0.730340
1519656060,0.730350,0.730430,0.730340,0.730390
1519656120,0.730400,0.730480,0.730260,0.730480
1519656180,0.730460,0.730780,0.730380,0.730780
1519656240,0.730770,0.730790,0.730680,0.730700
1519656300,0.730730,0.730800,0.730670,0.730690
1519656360,0.730670,0.730690,0.730530,0.730680
1519656420,0.730680,0.730800,0.730680,0.730800
1519656480,0.730820,0.730920,0.730820,0.730880
1519656540,0.730900,0.731110,0.730900,0.731080
1519656600,0.731100,0.731160,0.731050,0.731140
1519656660,0.731140,0.731250,0.731070,0.731240
1519656720,0.731240,0.731240,0.731060,0.731110
1519656780,0.731100,0.731190,0.731070,0.731160
1519656840,0.731180,0.731250,0.731070,0.731070
1519656900,0.731050,0.731180,0.730990,0.731160
1519656960,0.731180,0.731330,0.731160,0.731280
1519657020,0.731290,0.731290,0.731250,0.731250
1519657080,0.731260,0.731260,0.730950,0.731010
1519657140,0.731000,0.731170,0.731000,0.731170
1519657200,0.731170,0.731310,0.731130,0.731270
1519657260,0.731270,0.731270,0.731060,0.731060
1519657320,0.731070,0.731220,0.731060,0.731150
1519657380,0.731130,0.731130,0.730750,0.730880
1519657440,0.730850,0.730860,0.730440,0.730440
1519657500,0.730460,0.730570,0.730370,0.730490
1519657560,0.730490,0.730730,0.730490,0.730550
1519657620,0.730570,0.730720,0.730510,0.730660
1519657680,0.730680,0.730680,0.730430,0.730450
1519657740,0.730450,0.730850,0.730390,0.730850
1519657800,0.730820,0.730880,0.730510,0.730540
1519657860,0.730520,0.730780,0.730480,0.730760
1519657920,0.730740,0.730780,0.730550,0.730610
1519657980,0.730600,0.730670,0.730500,0.730500
1519658040,0.730480,0.730550,0.730440,0.730500
1519658100,0.730490,0.730640,0.730480,0.730580
1519658160,0.730590,0.730660,0.730570,0.730590
1519658220,0.730580,0.730680,0.730540,0.730660
1519658280,0.730650,0.730650,0.730520,0.730650
1519658340,0.730650,0.730650,0.730450,0.730450
1519658400,0.730440,0.730450,0.730240,0.730270
1519658460,0.730290,0.730390,0.730180,0.730220
1519658520,0.730260,0.730290,0.730150,0.730170
1519658580,0.730170,0.730240,0.730100,0.730100
1519658640,0.730130,0.730260,0.730090,0.730260
1519658700,0.730240,0.730410,0.730240,0.730400
1519658760,0.730380,0.730420,0.730290,0.730350
1519658820,0.730360,0.730430,0.730270,0.730270
1519658880,0.730260,0.730390,0.730190,0.730220
1519658940,0.730200,0.730410,0.730180,0.730290
1519659000,0.730320,0.730380,0.730190,0.730190
1519659060,0.730210,0.730390,0.730210,0.730280
1519659120,0.730290,0.730390,0.730190,0.730190
1519659180,0.730210,0.730250,0.730050,0.730050
1519659240,0.730040,0.730080,0.729970,0.729970
1519659300,0.729970,0.729990,0.729730,0.729760
1519659360,0.729760,0.730110,0.729750,0.730030
1519659420,0.730040,0.730220,0.730000,0.730220
1519659480,0.730200,0.730310,0.730200,0.730310
1519659540,0.730290,0.730300,0.730280,0.730290
1519659600,0.730280,0.730410,0.730280,0.730410
1519659660,0.730410,0.730600,0.730410,0.730580
1519659720,0.730590,0.730600,0.730540,0.730580
1519659780,0.730560,0.730590,0.730470,0.730510
1519659840,0.730490,0.730520,0.730420,0.730510
1519659900,0.730510,0.730510,0.730390,0.730400
1519659960,0.730400,0.730450,0.730340,0.730410
1519660020,0.730390,0.730420,0.730300,0.730380
1519660080,0.730390,0.730410,0.730150,0.730190
1519660140,0.730210,0.730310,0.730090,0.730160
1519660200,0.730160,0.730200,0.730100,0.730110
1519660260,0.730120,0.730290,0.730090,0.730270
1519660320,0.730270,0.730290,0.730210,0.730280
1519660380,0.730290,0.730470,0.730270,0.730390
1519660440,0.730380,0.730450,0.730360,0.730430
1519660500,0.730410,0.730480,0.730350,0.730360
1519660560,0.730350,0.730360,0.730260,0.730270
1519660620,0.730260,0.730470,0.730160,0.730470
1519660680,0.730470,0.730660,0.730460,0.730620
1519660740,0.730600,0.730880,0.730600,0.730880
1519660800,0.730880,0.730910,0.730800,0.730910
1519660860,0.730920,0.730960,0.730770,0.730790
1519660920,0.730790,0.730790,0.730640,0.730760
1519660980,0.730770,0.730830,0.730750,0.730770
1519661040,0.730780,0.730950,0.730720,0.730900
1519661100,0.730940,0.730950,0.730840,0.730900
1519661160,0.730880,0.731130,0.730820,0.731090
1519661220,0.731070,0.731110,0.731070,0.731100
1519661280,0.731100,0.731110,0.731070,0.731110
1519661340,0.731100,0.731290,0.731100,0.731180
1519661400,0.731200,0.731280,0.731190,0.731280
1519661460,0.731290,0.731530,0.731280,0.731510
1519661520,0.731530,0.731590,0.731340,0.731360
1519661580,0.731340,0.731370,0.731180,0.731180
1519661640,0.731170,0.731200,0.731070,0.731070
1519661700,0.731070,0.731190,0.731050,0.731080
1519661760,0.731080,0.731110,0.731020,0.731080
1519661820,0.731140,0.731380,0.731140,0.731350
1519661880,0.731340,0.731440,0.731250,0.731440
1519661940,0.731430,0.731430,0.731310,0.731390
1519662000,0.731400,0.731400,0.731290,0.731390
1519662060,0.731390,0.731480,0.731390,0.731480
1519662120,0.731480,0.731610,0.731480,0.731590
1519662180,0.731570,0.731590,0.731460,0.731470
1519662240,0.731480,0.731490,0.731380,0.731380
1519662300,0.731410,0.731570,0.731390,0.731570
1519662360,0.731540,0.731600,0.731450,0.731470
1519662420,0.731450,0.731580,0.731450,0.731560
1519662480,0.731550,0.731550,0.731360,0.731370
1519662540,0.731360,0.731440,0.731290,0.731310
1519662600,0.731320,0.731410,0.731320,0.731370
1519662660,0.731370,0.731420,0.731350,0.731380
1519662720,0.731380,0.731410,0.731370,0.731370
1519662780,0.731380,0.731510,0.731370,0.731370
1519662840,0.731390,0.731560,0.731390,0.731560
1519662900,0.731560,0.731680,0.731550,0.731670
1519662960,0.731680,0.731770,0.731640,0.731670
1519663020,0.731660,0.731700,0.731610,0.731660
1519663080,0.731650,0.731650,0.731510,0.731560
1519663140,0.731560,0.731670,0.731500,0.731550
1519663200,0.731570,0.731570,0.731390,0.731400
1519663260,0.731380,0.731500,0.731270,0.731500
1519663320,0.731510,0.731560,0.731410,0.731470
1519663380,0.731480,0.731530,0.731400,0.731420
1519663440,0.731430,0.731490,0.731430,0.731470
1519663500,0.731480,0.731660,0.731480,0.731590
1519663560,0.731590,0.731650,0.731510,0.731570
1519663620,0.731570,0.731570,0.731450,0.731460
1519663680,0.731460,0.731470,0.731380,0.731410
1519663740,0.731400,0.731440,0.731330,0.731330
1519663800,0.731340,0.731390,0.731320,0.731320
1519663860,0.731310,0.731310,0.731170,0.731170
1519663920,0.731170,0.731170,0.731080,0.731150
1519663980,0.731150,0.731150,0.731050,0.731060
1519664040,0.731100,0.731140,0.730940,0.730970
1519664100,0.730970,0.731080,0.730970,0.731070
1519664160,0.731060,0.731070,0.730950,0.730950
1519664220,0.730950,0.730950,0.730780,0.730870
1519664280,0.730880,0.730880,0.730710,0.730770
1519664340,0.730770,0.730840,0.730690,0.730770
1519664400,0.730780,0.730810,0.730640,0.730660
1519664460,0.730650,0.730690,0.730540,0.730540
1519664520,0.730540,0.730580,0.730540,0.730540
1519664580,0.730550,0.730650,0.730540,0.730590
1519664640,0.730600,0.730610,0.730440,0.730490
1519664700,0.730460,0.730470,0.730370,0.730410
1519664760,0.730410,0.730460,0.730350,0.730420
1519664820,0.730400,0.730480,0.730370,0.730400
1519664880,0.730390,0.730480,0.730330,0.730330
1519664940,0.730330,0.730400,0.730330,0.730330
1519665000,0.730350,0.730440,0.730350,0.730440
1519665060,0.730440,0.730440,0.730350,0.730370
1519665120,0.730350,0.730350,0.730240,0.730240
1519665180,0.730250,0.730400,0.730250,0.730370
1519665240,0.730380,0.730480,0.730380,0.730470
1519665300,0.730510,0.730760,0.730510,0.730660
1519665360,0.730650,0.730680,0.730600,0.730600
1519665420,0.730630,0.730650,0.730570,0.730640
1519665480,0.730620,0.730620,0.730370,0.730370
1519665540,0.730390,0.730410,0.730370,0.730370
1519665600,0.730360,0.730360,0.730310,0.730340
1519665660,0.730330,0.730350,0.730180,0.730260
1519665720,0.730240,0.730260,0.730030,0.730050
1519665780,0.730060,0.730120,0.730060,0.730120
1519665840,0.730140,0.730190,0.730140,0.730170
1519665900,0.730160,0.730200,0.730160,0.730180
1519665960,0.730250,0.730260,0.730250,0.730260
1519666020,0.730260,0.730270,0.730250,0.730270
1519666080,0.730260,0.730260,0.730230,0.730230
1519666140,0.730210,0.730330,0.730150,0.730290
1519666200,0.730330,0.730380,0.730270,0.730320
1519666260,0.730310,0.730320,0.730210,0.730220
1519666320,0.730210,0.730290,0.730160,0.730250
1519666380,0.730260,0.730260,0.730180,0.730260
1519666440,0.730270,0.730280,0.730170,0.730280
1519666500,0.730270,0.730340,0.730260,0.730310
1519666560,0.730330,0.730350,0.730180,0.730230
1519666620,0.730240,0.730270,0.730180,0.730240
1519666680,0.730240,0.730290,0.730190,0.730260
1519666740,0.730260,0.730360,0.730260,0.730300
1519666800,0.730300,0.730300,0.730300,0.730300
1519666860,0.730270,0.730320,0.730170,0.730320
1519666920,0.730310,0.730310,0.730160,0.730240
1519666980,0.730250,0.730330,0.730240,0.730330
1519667040,0.730330,0.730340,0.730210,0.730220
1519667100,0.730230,0.730360,0.730230,0.730360
1519667160,0.730380,0.730400,0.730360,0.730360
1519667220,0.730360,0.730420,0.730340,0.730400
1519667280,0.730380,0.730380,0.730280,0.730290
1519667340,0.730280,0.730470,0.730280,0.730460
1519667400,0.730450,0.730560,0.730450,0.730480
1519667460,0.730470,0.730490,0.730390,0.730490
1519667520,0.730490,0.730490,0.730460,0.730480
1519667580,0.730480,0.730520,0.730470,0.730520
1519667640,0.730530,0.730570,0.730530,0.730570
1519667700,0.730570,0.730570,0.730550,0.730570
1519667760,0.730580,0.730580,0.730570,0.730570
1519667820,0.730570,0.730570,0.730490,0.730570
1519667880,0.730570,0.730650,0.730550,0.730650
1519667940,0.730660,0.730710,0.730650,0.730680
1519668000,0.730660,0.730730,0.730630,0.730700
1519668060,0.730680,0.730760,0.730680,0.730760
1519668120,0.730810,0.730850,0.730760,0.730760
1519668180,0.730760,0.730760,0.730680,0.730700
1519668240,0.730700,0.730700,0.730670,0.730680
1519668300,0.730680,0.730680,0.730650,0.730670
1519668360,0.730660,0.730690,0.730660,0.730670
1519668420,0.730670,0.730750,0.730670,0.730740
1519668480,0.730740,0.730740,0.730710,0.730720
1519668540,0.730700,0.730720,0.730660,0.730660
1519668600,0.730670,0.730730,0.730660,0.730670
1519668660,0.730680,0.730740,0.730660,0.730720
1519668720,0.730740,0.730760,0.730740,0.730750
1519668780,0.730740,0.730770,0.730710,0.730740
1519668840,0.730730,0.730730,0.730660,0.730670
1519668900,0.730660,0.730660,0.730560,0.730560
1519668960,0.730570,0.730610,0.730560,0.730570
1519669020,0.730560,0.730660,0.730560,0.730660
1519669080,0.730670,0.730700,0.730660,0.730690
1519669140,0.730680,0.730700,0.730570,0.730580
1519669200,0.730570,0.730570,0.730460,0.730470
1519669260,0.730490,0.730560,0.730470,0.730550
1519669320,0.730560,0.730570,0.730560,0.730560
1519669380,0.730570,0.730640,0.730550,0.730600
1519669440,0.730600,0.730600,0.730560,0.730560
1519669500,0.730570,0.730600,0.730560,0.730580
1519669560,0.730570,0.730610,0.730570,0.730610
1519669620,0.730610,0.730670,0.730610,0.730660
1519669680,0.730670,0.730710,0.730560,0.730570
1519669740,0.730570,0.730570,0.730500,0.730560
1519669800,0.730550,0.730680,0.730550,0.730660
1519669860,0.730650,0.730650,0.730550,0.730550
1519669920,0.730570,0.730590,0.730530,0.730530
1519669980,0.730540,0.730550,0.730480,0.730480
1519670040,0.730470,0.730480,0.730440,0.730440
1519670100,0.730450,0.730450,0.730340,0.730340
1519670160,0.730340,0.730460,0.730340,0.730460
1519670220,0.730460,0.730610,0.730460,0.730560
1519670280,0.730560,0.730660,0.730560,0.730640
1519670340,0.730600,0.730600,0.730460,0.730470
1519670400,0.730460,0.730470,0.730390,0.730430
1519670460,0.730430,0.730460,0.730430,0.730460
1519670520,0.730460,0.730510,0.730440,0.730440
1519670580,0.730430,0.730550,0.730430,0.730530
1519670640,0.730510,0.730510,0.730460,0.730460
1519670700,0.730460,0.730530,0.730400,0.730430
1519670760,0.730410,0.730410,0.730240,0.730240
1519670820,0.730240,0.730350,0.730230,0.730350
1519670880,0.730350,0.730370,0.730350,0.730360
1519670940,0.730430,0.730500,0.730430,0.730450
1519671000,0.730460,0.730550,0.730460,0.730540
1519671060,0.730550,0.730550,0.730500,0.730540
1519671120,0.730560,0.730650,0.730560,0.730630
1519671180,0.730640,0.730690,0.730630,0.730690
1519671240,0.730700,0.730740,0.730680,0.730720
1519671300,0.730710,0.730830,0.730700,0.730830
1519671360,0.730840,0.730850,0.730780,0.730840
1519671420,0.730850,0.730940,0.730850,0.730940
1519671480,0.730940,0.730970,0.730940,0.730960
1519671540,0.730970,0.731050,0.730950,0.730950
1519671600,0.730960,0.731020,0.730950,0.731010
1519671660,0.730990,0.731010,0.730960,0.730960
1519671720,0.730950,0.731010,0.730950,0.730990
1519671780,0.730990,0.731050,0.730970,0.731030
1519671840,0.731010,0.731020,0.730950,0.730950
1519671900,0.730950,0.730980,0.730940,0.730970
1519671960,0.730970,0.731040,0.730960,0.731040
1519672020,0.731050,0.731070,0.731040,0.731060
1519672080,0.731050,0.731130,0.731050,0.731130
1519672140,0.731110,0.731120,0.731080,0.731110
1519672200,0.731100,0.731100,0.731080,0.731080
1519672260,0.731080,0.731160,0.731050,0.731050
1519672320,0.731050,0.731050,0.731000,0.731050
1519672380,0.731040,0.731100,0.731040,0.731060
1519672440,0.731060,0.731060,0.731050,0.731050
1519672500,0.731040,0.731060,0.731040,0.731050
1519672560,0.731040,0.731040,0.730960,0.730990
1519672620,0.731020,0.731050,0.731020,0.731050
1519672680,0.731050,0.731120,0.731050,0.731080
1519672740,0.731080,0.731110,0.731060,0.731060
1519672800,0.731070,0.731120,0.731040,0.731040
1519672860,0.731030,0.731040,0.731030,0.731030
1519672920,0.731030,0.731120,0.731030,0.731060
1519672980,0.731060,0.731070,0.731060,0.731060
1519673040,0.731060,0.731090,0.731060,0.731080
1519673100,0.731080,0.731120,0.731070,0.731070
1519673160,0.731060,0.731100,0.731060,0.731090
1519673220,0.731100,0.731100,0.731060,0.731070
1519673280,0.731070,0.731100,0.731060,0.731080
1519673340,0.731080,0.731160,0.731080,0.731160
1519673400,0.731160,0.731160,0.731150,0.731160
1519673460,0.731170,0.731180,0.731160,0.731170
1519673520,0.731170,0.731180,0.731170,0.731180
1519673580,0.731220,0.731220,0.731150,0.731150
1519673640,0.731150,0.731160,0.731150,0.731160
1519673700,0.731170,0.731270,0.731170,0.731260
1519673760,0.731250,0.731260,0.731250,0.731260
1519673820,0.731250,0.731330,0.731230,0.731230
1519673880,0.731240,0.731260,0.731220,0.731250
1519673940,0.731250,0.731290,0.731250,0.731270
1519674000,0.731270,0.731340,0.731270,0.731320
1519674060,0.731280,0.731280,0.731260,0.731260
1519674120,0.731250,0.731260,0.731250,0.731250
1519674180,0.731260,0.731270,0.731260,0.731270
1519674240,0.731260,0.731350,0.731260,0.731340
1519674300,0.731350,0.731350,0.731330,0.731340
1519674360,0.731350,0.731370,0.731330,0.731370
1519674420,0.731360,0.731360,0.731310,0.731330
1519674480,0.731340,0.731340,0.731250,0.731260
1519674540,0.731250,0.731330,0.731250,0.731320
1519674600,0.731300,0.731330,0.731290,0.731330
1519674660,0.731310,0.731350,0.731310,0.731350
1519674720,0.731360,0.731490,0.731360,0.731460
1519674780,0.731450,0.731470,0.731350,0.731420
1519674840,0.731420,0.731460,0.731410,0.731450
1519674900,0.731450,0.731460,0.731450,0.731460
1519674960,0.731460,0.731480,0.731360,0.731360
1519675020,0.731360,0.731370,0.731360,0.731360
1519675080,0.731380,0.731390,0.731350,0.731350
1519675140,0.731350,0.731350,0.731240,0.731330
1519675200,0.731420,0.731450,0.731340,0.731340
1519675260,0.731330,0.731330,0.731220,0.731230
1519675320,0.731220,0.731240,0.731160,0.731180
1519675380,0.731200,0.731220,0.731150,0.731170
1519675440,0.731170,0.731250,0.731170,0.731190
1519675500,0.731220,0.731220,0.731180,0.731180
1519675560,0.731160,0.731160,0.731020,0.731030
1519675620,0.731020,0.731040,0.731020,0.731040
1519675680,0.731040,0.731050,0.730940,0.730980
1519675740,0.730970,0.730970,0.730960,0.730960
1519675800,0.730960,0.731040,0.730950,0.731040
1519675860,0.731030,0.731100,0.731010,0.731100
1519675920,0.731100,0.731100,0.731090,0.731090
1519675980,0.731090,0.731090,0.731090,0.731090
1519676040,0.731020,0.731100,0.731020,0.731100
1519676100,0.731100,0.731200,0.731000,0.731200
1519676160,0.731200,0.731200,0.731030,0.731100
1519676220,0.731100,0.731100,0.731100,0.731100
1519676280,0.731100,0.731100,0.731020,0.731100
1519676340,0.731130,0.731150,0.731100,0.731140
1519676400,0.731130,0.731250,0.731130,0.731240
1519676460,0.731300,0.731380,0.731300,0.731380
1519676520,0.731350,0.731350,0.731330,0.731350
1519676580,0.731340,0.731350,0.731340,0.731350
1519676640,0.731370,0.731500,0.731290,0.731290
1519676700,0.731320,0.731410,0.731320,0.731340
1519676760,0.731360,0.731420,0.731340,0.731380
1519676820,0.731390,0.731460,0.731350,0.731360
1519676880,0.731380,0.731430,0.731350,0.731350
1519676940,0.731340,0.731530,0.731340,0.731420
1519677000,0.731430,0.731460,0.731310,0.731310
1519677060,0.731330,0.731480,0.731250,0.731310
1519677120,0.731280,0.731410,0.731250,0.731310
1519677180,0.731310,0.731360,0.731300,0.731300
1519677240,0.731300,0.731360,0.731270,0.731270
1519677300,0.731270,0.731270,0.731190,0.731240
1519677360,0.731240,0.731240,0.731200,0.731200
1519677420,0.731200,0.731220,0.731170,0.731220
1519677480,0.731230,0.731300,0.731230,0.731300
1519677540,0.731300,0.731300,0.731220,0.731240
1519677600,0.731220,0.731230,0.731160,0.731170
1519677660,0.731170,0.731170,0.731160,0.731160
1519677720,0.731150,0.731170,0.731150,0.731170
1519677780,0.731170,0.731170,0.731150,0.731170
1519677840,0.731210,0.731240,0.731210,0.731230
1519677900,0.731230,0.731230,0.731160,0.731160
1519677960,0.731160,0.731170,0.731160,0.731170
1519678020,0.731170,0.731170,0.731160,0.731170
1519678080,0.731160,0.731170,0.731150,0.731160
1519678140,0.731160,0.731170,0.731150,0.731170
1519678200,0.731170,0.731200,0.731160,0.731170
1519678260,0.731170,0.731250,0.731170,0.731240
1519678320,0.731240,0.731250,0.731210,0.731220
1519678380,0.731190,0.731240,0.731190,0.731230
1519678440,0.731240,0.731240,0.731190,0.731230
1519678500,0.731220,0.731240,0.731200,0.731220
1519678560,0.731200,0.731230,0.731190,0.731200
1519678620,0.731200,0.731230,0.731200,0.731220
1519678680,0.731220,0.731230,0.731210,0.731210
1519678740,0.731220,0.731230,0.731200,0.731220
1519678800,0.731200,0.731230,0.731200,0.731230
1519678860,0.731230,0.731230,0.731220,0.731230
1519678980,0.731230,0.731230,0.731220,0.731220
1519679040,0.731220,0.731220,0.731220,0.731220
1519679100,0.731220,0.731220,0.731200,0.731220
1519679220,0.731230,0.731250,0.731230,0.731250
1519679280,0.731240,0.731240,0.731210,0.731210
1519679340,0.731210,0.731210,0.731210,0.731210
1519679400,0.731210,0.731290,0.731210,0.731280
1519679460,0.731290,0.731380,0.731290,0.731380
1519679520,0.731370,0.731390,0.731300,0.731320
1519679580,0.731330,0.731390,0.731330,0.731390
1519679640,0.731390,0.731390,0.731320,0.731320
1519679700,0.731310,0.731320,0.731310,0.731320
1519679760,0.731320,0.731400,0.731320,0.731390
1519679820,0.731410,0.731440,0.731410,0.731420
1519679880,0.731460,0.731590,0.731460,0.731580
1519679940,0.731560,0.731570,0.731500,0.731500
1519680060,0.731510,0.731590,0.731510,0.731590
1519680120,0.731590,0.731590,0.731590,0.731590
1519680180,0.731590,0.731600,0.731570,0.731570
1519680240,0.731590,0.731590,0.731590,0.731590
1519680300,0.731580,0.731580,0.731500,0.731530
1519680360,0.731560,0.731590,0.731560,0.731590
1519680420,0.731610,0.731610,0.731610,0.731610
1519680480,0.731620,0.731680,0.731620,0.731680
1519680540,0.731690,0.731690,0.731500,0.731620
1519680600,0.731620,0.731620,0.731620,0.731620
1519680720,0.731580,0.731580,0.731580,0.731580
1519680780,0.731610,0.731620,0.731610,0.731620
1519680840,0.731640,0.731740,0.731640,0.731690
1519680900,0.731710,0.731710,0.731690,0.731690
1519680960,0.731690,0.731710,0.731690,0.731710
1519681080,0.731750,0.731760,0.731740,0.731740
1519681140,0.731730,0.731730,0.731730,0.731730
1519681200,0.731730,0.731730,0.731700,0.731700
1519681260,0.731700,0.731700,0.731700,0.731700
1519681320,0.731700,0.731770,0.731700,0.731770
1519681380,0.731750,0.731750,0.731710,0.731710
1519681440,0.731700,0.731700,0.731600,0.731600
1519681500,0.731600,0.731610,0.731080,0.731110
1519681560,0.731090,0.731150,0.731070,0.731110
1519681620,0.731110,0.731120,0.730800,0.730810
1519681680,0.730840,0.730840,0.730710,0.730710
1519681740,0.730710,0.730710,0.730650,0.730650
1519681800,0.730640,0.730650,0.730640,0.730650
1519681860,0.730640,0.730640,0.730590,0.730590
1519681920,0.730580,0.730580,0.730500,0.730540
1519681980,0.730560,0.730560,0.730450,0.730450
1519682040,0.730440,0.730440,0.730410,0.730410
1519682100,0.730420,0.730550,0.730420,0.730440
1519682160,0.730420,0.730420,0.730310,0.730310
1519682220,0.730320,0.730320,0.730310,0.730310
1519682280,0.730320,0.730340,0.730320,0.730320
1519682340,0.730310,0.730310,0.730070,0.730070
1519682400,0.730060,0.730060,0.729650,0.729650
1519682460,0.729700,0.730220,0.729700,0.729960
1519682520,0.729960,0.730000,0.729960,0.729990
1519682580,0.730010,0.730010,0.730010,0.730010
1519682700,0.730010,0.730110,0.730010,0.730110
1519682760,0.730100,0.730280,0.730090,0.730190
1519682820,0.730180,0.730180,0.730180,0.730180
1519682940,0.730180,0.730300,0.730180,0.730210
1519683000,0.730290,0.730390,0.730280,0.730300
1519683060,0.730330,0.730420,0.730290,0.730410
1519683120,0.730380,0.730470,0.730380,0.730470
1519683180,0.730460,0.730490,0.730420,0.730490
1519683240,0.730480,0.730480,0.730410,0.730470
1519683300,0.730480,0.730480,0.730310,0.730310
1519683360,0.730300,0.730300,0.730300,0.730300
1519683420,0.730310,0.730310,0.730310,0.730310
1519683600,0.730330,0.730330,0.730320,0.730320
1519683720,0.730300,0.730300,0.730300,0.730300
1519683780,0.730320,0.730320,0.730300,0.730300
1519683840,0.730320,0.730320,0.730310,0.730320
1519683900,0.730290,0.730290,0.730070,0.730220
1519683960,0.730140,0.730180,0.730110,0.730180
1519684020,0.730190,0.730200,0.730170,0.730170
1519684080,0.730140,0.730140,0.729850,0.729900
1519684140,0.729880,0.729880,0.729880,0.729880
1519684200,0.729890,0.729930,0.729880,0.729920
1519684320,0.729940,0.730020,0.729930,0.730000
1519684380,0.730030,0.730120,0.730030,0.730120
1519684440,0.730090,0.730100,0.729940,0.729960
1519684500,0.729920,0.729990,0.729920,0.729960
1519684560,0.729950,0.729990,0.729920,0.729920
1519684620,0.729940,0.729940,0.729940,0.729940
1519684680,0.729920,0.729940,0.729920,0.729940
1519684740,0.729950,0.729950,0.729880,0.729880
1519684800,0.729870,0.729930,0.729870,0.729930
1519684860,0.729950,0.730020,0.729950,0.730020
1519684920,0.730050,0.730050,0.730000,0.730000
1519684980,0.730040,0.730040,0.730040,0.730040
1519685160,0.730050,0.730110,0.730020,0.730070
1519685220,0.730060,0.730060,0.729810,0.729820
1519685280,0.729840,0.729840,0.729830,0.729840
1519685340,0.729820,0.729920,0.729820,0.729850
1519685400,0.729840,0.729840,0.729840,0.729840
1519685520,0.729850,0.729900,0.729850,0.729900
1519685640,0.729910,0.729930,0.729870,0.729870
1519685700,0.729840,0.729840,0.729840,0.729840
1519685760,0.729850,0.729850,0.729850,0.729850
1519685820,0.729840,0.729840,0.729670,0.729680
1519685880,0.729730,0.729770,0.729670,0.729770
1519685940,0.729740,0.729740,0.729520,0.729530
1519686000,0.729500,0.729600,0.729430,0.729570
1519686060,0.729580,0.729590,0.729460,0.729490
1519686120,0.729470,0.729470,0.729260,0.729340
1519686180,0.729400,0.729430,0.729360,0.729370
1519686240,0.729380,0.729380,0.729370,0.729380
1519686300,0.729360,0.729480,0.729340,0.729430
1519686360,0.729450,0.729450,0.729340,0.729390
1519686420,0.729410,0.729440,0.729370,0.729410
1519686480,0.729410,0.729430,0.729370,0.729430
1519686540,0.729450,0.729450,0.729320,0.729370
1519686600,0.729390,0.729420,0.729340,0.729420
1519686660,0.729420,0.729440,0.729330,0.729380
1519686720,0.729400,0.729400,0.729080,0.729190
1519686780,0.729190,0.729260,0.729190,0.729220
1519686840,0.729220,0.729270,0.729210,0.729270
1519686900,0.729290,0.729380,0.729220,0.729310
1519686960,0.729320,0.729360,0.729260,0.729260
1519687020,0.729270,0.729280,0.729240,0.729280
1519687080,0.729260,0.729320,0.729210,0.729230
1519687140,0.729240,0.729310,0.729200,0.729240
1519687200,0.729310,0.729310,0.729220,0.729230
1519687260,0.729240,0.729270,0.729200,0.729200
1519687320,0.729210,0.729210,0.729210,0.729210
1519687380,0.729220,0.729250,0.729210,0.729250
1519687440,0.729230,0.729230,0.729040,0.729160
1519687500,0.729180,0.729230,0.729180,0.729200
1519687560,0.729180,0.729220,0.729170,0.729210
1519687620,0.729220,0.729220,0.729100,0.729100
1519687680,0.729140,0.729170,0.729020,0.729020
1519687740,0.729040,0.729080,0.729040,0.729060
1519687800,0.729050,0.729060,0.729050,0.729060
1519687860,0.729070,0.729070,0.728970,0.728980
1519687920,0.729000,0.729090,0.729000,0.729090
1519687980,0.729090,0.729090,0.729020,0.729040
1519688040,0.729020,0.729100,0.729020,0.729070
1519688100,0.729060,0.729070,0.729060,0.729070
1519688160,0.729060,0.729060,0.728930,0.728970
1519688220,0.728990,0.729000,0.728940,0.728980
1519688280,0.728990,0.729010,0.728990,0.729000
1519688340,0.729000,0.729010,0.728960,0.728970
1519688400,0.728950,0.728950,0.728890,0.728890
1519688460,0.728890,0.728970,0.728890,0.728970
1519688520,0.728970,0.728980,0.728970,0.728980
1519688580,0.729000,0.729160,0.728990,0.729060
1519688640,0.729090,0.729170,0.729060,0.729130
1519688700,0.729140,0.729200,0.729140,0.729180
1519688760,0.729150,0.729220,0.729120,0.729190
1519688820,0.729200,0.729330,0.729150,0.729330
1519688880,0.729350,0.729390,0.729330,0.729340
1519688940,0.729340,0.729400,0.729340,0.729400
1519689000,0.729400,0.729410,0.729160,0.729160
1519689060,0.729140,0.729150,0.728990,0.729000
1519689120,0.729000,0.729040,0.728990,0.729040
1519689180,0.729060,0.729130,0.729010,0.729010
1519689240,0.729010,0.729050,0.729000,0.729050
1519689300,0.729050,0.729100,0.728990,0.729010
1519689360,0.729010,0.729040,0.728990,0.728990
1519689420,0.728990,0.729010,0.728980,0.729000
1519689480,0.729020,0.729020,0.728980,0.729010
1519689540,0.729030,0.729040,0.729000,0.729030
1519689600,0.729040,0.729070,0.728900,0.729060
1519689660,0.729080,0.729190,0.728960,0.728960
1519689720,0.728950,0.729220,0.728950,0.729100
1519689780,0.729110,0.729440,0.729110,0.729360
1519689840,0.729370,0.729370,0.729200,0.729200
1519689900,0.729210,0.729330,0.729160,0.729160
1519689960,0.729180,0.729180,0.729020,0.729020
1519690020,0.729020,0.729060,0.728950,0.729000
1519690080,0.729010,0.729040,0.729010,0.729040
1519690140,0.729040,0.729040,0.729020,0.729020
1519690200,0.729030,0.729130,0.729030,0.729120
1519690260,0.729140,0.729260,0.729140,0.729250
1519690320,0.729260,0.729270,0.729180,0.729220
1519690380,0.729210,0.729210,0.729130,0.729140
1519690440,0.729120,0.729130,0.729120,0.729120
1519690500,0.729170,0.729260,0.729170,0.729260
1519690560,0.729270,0.729280,0.729240,0.729260
1519690620,0.729250,0.729360,0.729250,0.729340
1519690680,0.729310,0.729360,0.729280,0.729360
1519690740,0.729380,0.729400,0.729380,0.729400
1519690800,0.729350,0.729350,0.729270,0.729340
1519690860,0.729340,0.729360,0.729220,0.729220
1519690920,0.729200,0.729250,0.729130,0.729150
1519690980,0.729160,0.729290,0.729160,0.729290
1519691040,0.729290,0.729320,0.729290,0.729300
1519691100,0.729300,0.729300,0.729010,0.729200
1519691160,0.729190,0.729200,0.729100,0.729150
1519691220,0.729180,0.729240,0.729120,0.729120
1519691280,0.729110,0.729240,0.729070,0.729220
1519691340,0.729210,0.729270,0.729200,0.729230
1519691400,0.729240,0.729270,0.729170,0.729270
1519691460,0.729260,0.729290,0.729210,0.729210
1519691520,0.729210,0.729210,0.728960,0.729130
1519691580,0.729120,0.729200,0.729080,0.729110
1519691640,0.729120,0.729150,0.729050,0.729150
1519691700,0.729160,0.729230,0.729130,0.729160
1519691760,0.729180,0.729210,0.729180,0.729200
1519691820,0.729210,0.729210,0.729150,0.729150
1519691880,0.729150,0.729150,0.729050,0.729110
1519691940,0.729120,0.729140,0.729030,0.729030
1519692000,0.729040,0.729040,0.729030,0.729030
1519692060,0.729070,0.729310,0.729040,0.729240
1519692120,0.729220,0.729320,0.729180,0.729210
1519692180,0.729210,0.729310,0.729210,0.729310
1519692240,0.729330,0.729410,0.729310,0.729410
1519692300,0.729430,0.729570,0.729430,0.729510
1519692360,0.729490,0.729500,0.729440,0.729450
1519692420,0.729450,0.729460,0.729440,0.729460
1519692480,0.729450,0.729470,0.729290,0.729290
1519692540,0.729280,0.729280,0.729170,0.729200
1519692600,0.729190,0.729570,0.729190,0.729570
1519692660,0.729570,0.729590,0.729570,0.729580
1519692720,0.729590,0.729640,0.729580,0.729600
1519692780,0.729610,0.729610,0.729550,0.729580
1519692840,0.729610,0.729890,0.729560,0.729750
1519692900,0.729760,0.729920,0.729750,0.729850
1519692960,0.729870,0.730010,0.729810,0.730010
1519693020,0.730000,0.730040,0.729990,0.730020
1519693080,0.730020,0.730020,0.729900,0.729910
1519693140,0.729920,0.729920,0.729620,0.729620
1519693200,0.729640,0.729810,0.729640,0.729760
1519693260,0.729760,0.729900,0.729750,0.729890
1519693320,0.729900,0.729900,0.729850,0.729870
1519693380,0.729860,0.729870,0.729850,0.729850
1519693440,0.729850,0.729860,0.729710,0.729730
1519693500,0.729740,0.729750,0.729610,0.729660
1519693560,0.729660,0.729790,0.729660,0.729750
1519693620,0.729770,0.729800,0.729730,0.729750
1519693680,0.729740,0.729890,0.729740,0.729890
1519693740,0.729870,0.729920,0.729870,0.729920
1519693800,0.729930,0.729950,0.729930,0.729940
1519693860,0.729940,0.729940,0.729830,0.729830
1519693920,0.729830,0.729830,0.729770,0.729790
1519693980,0.729790,0.730070,0.729780,0.730060
1519694040,0.730040,0.730070,0.729940,0.730040
1519694100,0.730060,0.730080,0.729920,0.729920
1519694160,0.729920,0.730080,0.729920,0.730060
1519694220,0.730060,0.730210,0.730040,0.730180
1519694280,0.730170,0.730220,0.729930,0.730120
1519694340,0.730130,0.730160,0.730110,0.730150
1519694400,0.730170,0.730230,0.730170,0.730190
1519694460,0.730190,0.730220,0.729970,0.729970
1519694520,0.729940,0.730050,0.729860,0.729860
1519694580,0.729850,0.729920,0.729750,0.729750
1519694640,0.729730,0.729740,0.729610,0.729610
1519694700,0.729590,0.729590,0.729420,0.729430
1519694760,0.729410,0.729410,0.729260,0.729270
1519694820,0.729280,0.729370,0.729280,0.729300
1519694880,0.729290,0.729290,0.729080,0.729100
1519694940,0.729110,0.729160,0.729020,0.729160
1519695000,0.729100,0.729410,0.729000,0.729320
1519695060,0.729330,0.729360,0.729150,0.729220
1519695120,0.729210,0.729320,0.729210,0.729210
1519695180,0.729220,0.729480,0.729210,0.729450
1519695240,0.729460,0.729460,0.729200,0.729330
1519695300,0.729360,0.729480,0.729280,0.729390
1519695360,0.729410,0.729410,0.729250,0.729250
1519695420,0.729240,0.729250,0.729200,0.729240
1519695480,0.729250,0.729280,0.729080,0.729100
1519695540,0.729080,0.729240,0.729070,0.729240
1519695600,0.729260,0.729500,0.729220,0.729420
1519695660,0.729410,0.729470,0.729360,0.729410
1519695720,0.729400,0.729440,0.729400,0.729430
1519695780,0.729450,0.729670,0.729420,0.729670
1519695840,0.729660,0.729670,0.729530,0.729670
1519695900,0.729650,0.729660,0.729410,0.729540
1519695960,0.729540,0.729590,0.729470,0.729540
1519696020,0.729540,0.729540,0.729440,0.729480
1519696080,0.729500,0.729530,0.729320,0.729330
1519696140,0.729340,0.729510,0.729340,0.729500
1519696200,0.729510,0.729530,0.729440,0.729440
1519696260,0.729460,0.729550,0.729450,0.729550
1519696320,0.729540,0.729640,0.729530,0.729530
1519696380,0.729540,0.729550,0.729400,0.729440
1519696440,0.729460,0.729480,0.729440,0.729440
1519696500,0.729450,0.729450,0.729080,0.729280
1519696560,0.729270,0.729480,0.729240,0.729340
1519696620,0.729340,0.729580,0.729330,0.729550
1519696680,0.729540,0.729570,0.729530,0.729540
1519696740,0.729550,0.729650,0.729520,0.729550
1519696800,0.729540,0.729630,0.729400,0.729620
1519696860,0.729630,0.729660,0.729550,0.729550
1519696920,0.729560,0.729650,0.729500,0.729520
1519696980,0.729520,0.729540,0.729440,0.729460
1519697040,0.729480,0.729640,0.729480,0.729640
1519697100,0.729630,0.729690,0.729580,0.729660
1519697160,0.729670,0.729670,0.729610,0.729640
1519697220,0.729650,0.729750,0.729630,0.729750
1519697280,0.729740,0.729740,0.729650,0.729670
1519697340,0.729680,0.729780,0.729660,0.729770
1519697400,0.729770,0.729800,0.729550,0.729610
1519697460,0.729620,0.729800,0.729620,0.729800
1519697520,0.729820,0.729980,0.729820,0.729980
1519697580,0.729960,0.730000,0.729950,0.730000
1519697640,0.730020,0.730080,0.729970,0.730080
1519697700,0.730090,0.730140,0.730020,0.730080
1519697760,0.730070,0.730070,0.729930,0.729960
1519697820,0.729950,0.730010,0.729810,0.729820
1519697880,0.729830,0.729830,0.729680,0.729680
1519697940,0.729660,0.729660,0.729610,0.729640
1519698000,0.729620,0.729620,0.729530,0.729540
1519698060,0.729540,0.729640,0.729500,0.729640
1519698120,0.729650,0.729650,0.729530,0.729550
1519698180,0.729550,0.729550,0.729480,0.729480
1519698240,0.729480,0.729490,0.729480,0.729480
1519698300,0.729500,0.729640,0.729500,0.729550
1519698360,0.729540,0.729560,0.729480,0.729560
1519698420,0.729560,0.729560,0.729560,0.729560
1519698480,0.729560,0.729610,0.729510,0.729610
1519698540,0.729600,0.729690,0.729550,0.729560
1519698600,0.729560,0.729560,0.729490,0.729490
1519698660,0.729510,0.729580,0.729470,0.729580
1519698720,0.729570,0.729620,0.729530,0.729540
1519698780,0.729520,0.729570,0.729490,0.729520
1519698840,0.729500,0.729550,0.729480,0.729550
1519698900,0.729560,0.729580,0.729520,0.729580
1519698960,0.729570,0.729580,0.729550,0.729570
1519699020,0.729560,0.729590,0.729560,0.729590
1519699080,0.729590,0.729590,0.729580,0.729580
1519699140,0.729560,0.729560,0.729460,0.729480
1519699200,0.729490,0.729490,0.729480,0.729480
1519699260,0.729480,0.729500,0.729480,0.729490
1519699320,0.729480,0.729570,0.729480,0.729570
1519699380,0.729600,0.729800,0.729600,0.729790
1519699440,0.729800,0.729800,0.729670,0.729670
1519699500,0.729660,0.729660,0.729510,0.729570
1519699560,0.729560,0.729580,0.729530,0.729570
1519699620,0.729580,0.729590,0.729540,0.729580
1519699680,0.729570,0.729590,0.729490,0.729490
1519699740,0.729530,0.729660,0.729530,0.729660
1519699800,0.729690,0.729720,0.729670,0.729670
1519699860,0.729700,0.729720,0.729660,0.729670
1519699920,0.729660,0.729660,0.729640,0.729660
1519699980,0.729680,0.729720,0.729650,0.729710
1519700040,0.729730,0.729820,0.729540,0.729560
1519700100,0.729540,0.729650,0.729540,0.729640
1519700160,0.729610,0.729630,0.729600,0.729600
1519700220,0.729600,0.729600,0.729550,0.729600
1519700280,0.729600,0.729620,0.729500,0.729500
1519700340,0.729500,0.729580,0.729480,0.729560
1519700400,0.729580,0.729610,0.729580,0.729610
1519700460,0.729600,0.729600,0.729470,0.729470
1519700520,0.729480,0.729580,0.729480,0.729580
1519700580,0.729560,0.729560,0.729260,0.729270
1519700640,0.729270,0.729270,0.729130,0.729160
1519700700,0.729160,0.729170,0.728540,0.728550
1519700760,0.728570,0.728610,0.728530,0.728570
1519700820,0.728570,0.728590,0.728380,0.728380
1519700880,0.728380,0.728390,0.728050,0.728130
1519700940,0.728130,0.728240,0.728130,0.728220
1519701000,0.728240,0.728260,0.727980,0.728060
1519701060,0.728080,0.728110,0.728070,0.728110
1519701120,0.728150,0.728210,0.727980,0.727980
1519701180,0.727980,0.728200,0.727980,0.728120
1519701240,0.728140,0.728140,0.728060,0.728070
1519701300,0.728090,0.728300,0.728090,0.728220
1519701360,0.728200,0.728280,0.728170,0.728230
1519701420,0.728260,0.728360,0.728230,0.728340
1519701480,0.728320,0.728330,0.728280,0.728330
1519701540,0.728330,0.728330,0.728280,0.728320
1519701600,0.728320,0.728340,0.728320,0.728320
1519701660,0.728330,0.728330,0.728300,0.728310
1519701720,0.728330,0.728330,0.728260,0.728260
1519701780,0.728240,0.728240,0.728180,0.728190
1519701840,0.728210,0.728320,0.728210,0.728310
1519701900,0.728320,0.728330,0.728310,0.728320
1519701960,0.728330,0.728340,0.728160,0.728160
1519702020,0.728160,0.728160,0.728020,0.728020
1519702080,0.728010,0.728010,0.727790,0.727980
1519702140,0.727980,0.728090,0.727980,0.728090
1519702200,0.728120,0.728270,0.728080,0.728240
1519702260,0.728270,0.728270,0.728150,0.728250
1519702320,0.728260,0.728290,0.728220,0.728240
1519702380,0.728280,0.728330,0.728170,0.728200
1519702440,0.728210,0.728210,0.728120,0.728140
1519702500,0.728140,0.728150,0.728080,0.728090
1519702560,0.728100,0.728130,0.728080,0.728130
1519702620,0.728120,0.728120,0.727990,0.728000
1519702680,0.727990,0.728020,0.727930,0.727940
1519702740,0.727960,0.727960,0.727850,0.727850
1519702800,0.727870,0.727910,0.727840,0.727840
1519702860,0.727850,0.727950,0.727850,0.727930
1519702920,0.727950,0.727950,0.727860,0.727870
1519702980,0.727880,0.727920,0.727750,0.727790
1519703040,0.727770,0.727800,0.727420,0.727540
1519703100,0.727550,0.727660,0.727550,0.727660
1519703160,0.727660,0.727680,0.727530,0.727530
1519703220,0.727560,0.727640,0.727560,0.727620
1519703280,0.727600,0.727600,0.727580,0.727600
1519703340,0.727580,0.727610,0.727540,0.727560
1519703400,0.727550,0.727660,0.727530,0.727660
1519703460,0.727650,0.727690,0.727620,0.727680
1519703520,0.727670,0.727670,0.727630,0.727650
1519703580,0.727660,0.727660,0.727600,0.727660
1519703640,0.727650,0.727660,0.727650,0.727650
1519703700,0.727670,0.727910,0.727670,0.727910
1519703760,0.727890,0.727900,0.727710,0.727710
1519703820,0.727700,0.727700,0.727620,0.727630
1519703880,0.727670,0.727700,0.727670,0.727700
1519703940,0.727690,0.727770,0.727670,0.727770
1519704000,0.727790,0.727850,0.727770,0.727780
1519704060,0.727760,0.727760,0.727720,0.727740
1519704120,0.727720,0.727720,0.727620,0.727700
1519704180,0.727700,0.727770,0.727700,0.727770
1519704240,0.727770,0.727810,0.727770,0.727810
1519704300,0.727830,0.727840,0.727810,0.727810
1519704360,0.727810,0.727860,0.727810,0.727860
1519704420,0.727880,0.727890,0.727880,0.727890
1519704480,0.727890,0.728000,0.727890,0.728000
1519704540,0.728010,0.728070,0.727960,0.727970
1519704600,0.727970,0.727970,0.727940,0.727950
1519704660,0.727980,0.728000,0.727930,0.727950
1519704720,0.727960,0.727970,0.727960,0.727970
1519704780,0.727960,0.727970,0.727960,0.727970
1519704840,0.727950,0.727950,0.727910,0.727930
1519704900,0.727930,0.727930,0.727930,0.727930
1519704960,0.727950,0.727980,0.727950,0.727980
1519705020,0.728010,0.728160,0.728010,0.728150
1519705080,0.728140,0.728140,0.728020,0.728050
1519705140,0.728050,0.728050,0.727840,0.727860
1519705200,0.727840,0.727850,0.727760,0.727810
1519705260,0.727810,0.727810,0.727750,0.727750
1519705320,0.727730,0.727750,0.727660,0.727660
1519705380,0.727650,0.727660,0.727640,0.727640
1519705440,0.727650,0.727660,0.727640,0.727640
1519705500,0.727650,0.727650,0.727640,0.727640
1519705560,0.727630,0.727630,0.727550,0.727550
1519705620,0.727560,0.727640,0.727550,0.727630
1519705680,0.727640,0.727700,0.727630,0.727690
1519705740,0.727660,0.727670,0.727640,0.727660
1519705800,0.727630,0.727630,0.727440,0.727450
1519705860,0.727450,0.727450,0.727370,0.727430
1519705920,0.727440,0.727520,0.727430,0.727480
1519705980,0.727490,0.727610,0.727470,0.727560
1519706040,0.727560,0.727640,0.727550,0.727640
1519706100,0.727640,0.727660,0.727640,0.727660
1519706160,0.727640,0.727670,0.727640,0.727670
1519706220,0.727670,0.727680,0.727650,0.727660
1519706280,0.727670,0.727870,0.727670,0.727870
1519706340,0.727880,0.727930,0.727830,0.727850
1519706400,0.727840,0.727890,0.727840,0.727890
1519706460,0.727890,0.727890,0.727850,0.727890
1519706520,0.727900,0.727900,0.727890,0.727890
1519706580,0.727880,0.727890,0.727870,0.727890
1519706640,0.727900,0.727910,0.727880,0.727890
1519706700,0.727880,0.728000,0.727870,0.727990
1519706760,0.727980,0.727990,0.727980,0.727990
1519706820,0.728010,0.728090,0.727980,0.728090
1519706880,0.728060,0.728080,0.728060,0.728080
1519706940,0.728060,0.728090,0.728060,0.728090
1519707000,0.728080,0.728080,0.728020,0.728030
1519707120,0.728010,0.728010,0.727960,0.727960
1519707240,0.727970,0.727970,0.727950,0.727970
1519707360,0.727990,0.728010,0.727990,0.728000
1519707420,0.728010,0.728110,0.728010,0.728080
1519707480,0.728090,0.728090,0.728070,0.728070
1519707540,0.728090,0.728090,0.728080,0.728080
